PLAYER_ID,PLAYER_NAME,NICKNAME,TEAM_ID,TEAM_ABBREVIATION,AGE,GP,W,L,W_PCT,MIN,FGM,FGA,FG_PCT,FG3M,FG3A,FG3_PCT,FTM,FTA,FT_PCT,OREB,DREB,REB,AST,TOV,STL,BLK,BLKA,PF,PFD,PTS,PLUS_MINUS,NBA_FANTASY_PTS,DD2,TD3,WNBA_FANTASY_PTS,GP_RANK,W_RANK,L_RANK,W_PCT_RANK,MIN_RANK,FGM_RANK,FGA_RANK,FG_PCT_RANK,FG3M_RANK,FG3A_RANK,FG3_PCT_RANK,FTM_RANK,FTA_RANK,FT_PCT_RANK,OREB_RANK,DREB_RANK,REB_RANK,AST_RANK,TOV_RANK,STL_RANK,BLK_RANK,BLKA_RANK,PF_RANK,PFD_RANK,PTS_RANK,PLUS_MINUS_RANK,NBA_FANTASY_PTS_RANK,DD2_RANK,TD3_RANK,WNBA_FANTASY_PTS_RANK,team_poss,sp_work_PACE,OREB_PCT_RANK,REB_PCT,OREB_PCT,OFF_RATING_RANK,sp_work_OFF_RATING,FGA_PG,PIE_RANK,sp_work_PACE_RANK,PACE_PER40,E_OFF_RATING,FGA_PG_RANK,DEF_RATING_RANK,E_DEF_RATING_RANK,TS_PCT_RANK,PIE,AST_PCT,DEF_RATING,TM_TOV_PCT,AST_TO_RANK,TM_TOV_PCT_RANK,E_OFF_RATING_RANK,NET_RATING_RANK,E_NET_RATING_RANK,OFF_RATING,TS_PCT,sp_work_OFF_RATING_RANK,REB_PCT_RANK,sp_work_NET_RATING_RANK,USG_PCT,E_TOV_PCT,sp_work_DEF_RATING,PACE_RANK,E_NET_RATING,sp_work_DEF_RATING_RANK,E_PACE_RANK,E_USG_PCT_RANK,EFG_PCT,EFG_PCT_RANK,AST_RATIO_RANK,AST_RATIO,E_PACE,DREB_PCT,sp_work_NET_RATING,PACE,AST_TO,E_DEF_RATING,USG_PCT_RANK,E_USG_PCT,FGM_PG_RANK,FGM_PG,POSS,DREB_PCT_RANK,E_TOV_PCT_RANK,AST_PCT_RANK,NET_RATING,PASSES_MADE,AST_TO_PASS_PCT,AST_TO_PASS_PCT_ADJ,FT_AST,AST_PTS_CREATED,AST_ADJ,PASSES_RECEIVED,SECONDARY_AST,POTENTIAL_AST,DRIVE_PF_PCT,DRIVE_PASSES_PCT,DRIVE_FGA,DRIVE_FTM,DRIVE_TOV_PCT,DRIVE_TOV,DRIVE_PASSES,DRIVE_FGM,DRIVE_PTS,DRIVE_PF,DRIVE_FT_PCT,DRIVE_FG_PCT,DRIVES,DRIVE_FTA,DRIVE_AST,DRIVE_PTS_PCT,DRIVE_AST_PCT,AVG_SEC_PER_TOUCH,PTS_PER_POST_TOUCH,TIME_OF_POSS,PTS_PER_TOUCH,ELBOW_TOUCHES,PTS_PER_ELBOW_TOUCH,PAINT_TOUCHES,PTS_PER_PAINT_TOUCH,AVG_DRIB_PER_TOUCH,FRONT_CT_TOUCHES,POST_TOUCHES,TOUCHES,POINTS,DREB_CHANCE_PCT_ADJ,DREB_CHANCES,OREB_UNCONTEST,REB_CONTEST_PCT,OREB_CHANCE_PCT,REB_CHANCES,OREB_CONTEST_PCT,DREB_CHANCE_PCT,REB_CHANCE_PCT,REB_CHANCE_PCT_ADJ,DREB_CHANCE_DEFER,REB_UNCONTEST,AVG_DREB_DIST,OREB_CHANCE_DEFER,DREB_CONTEST,OREB_CONTEST,REB_CHANCE_DEFER,OREB_CHANCE_PCT_ADJ,AVG_OREB_DIST,AVG_REB_DIST,DREB_CONTEST_PCT,DREB_UNCONTEST,OREB_CHANCES,REB_CONTEST,very_tight_FGA_FREQUENCY,very_tight_FG2A_FREQUENCY,very_tight_FG2A,very_tight_FG_PCT,very_tight_FG3A,very_tight_FG3_PCT,very_tight_FG2_PCT,very_tight_FG3M,PLAYER_LAST_TEAM_ID,very_tight_FG2M,very_tight_FGA,very_tight_FGM,very_tight_EFG_PCT,G,very_tight_FG3A_FREQUENCY,PLAYER_LAST_TEAM_ABBREVIATION,tight_FG_PCT,tight_FG3A,tight_FG2A,tight_FG3_PCT,tight_FGM,tight_FGA,tight_EFG_PCT,tight_FG3A_FREQUENCY,tight_FG2A_FREQUENCY,tight_FG3M,tight_FG2_PCT,tight_FGA_FREQUENCY,tight_FG2M,open_FG3_PCT,open_FG3A_FREQUENCY,open_FG3M,open_FG2M,open_FG_PCT,open_FG2_PCT,open_EFG_PCT,open_FGM,open_FG2A,open_FG3A,open_FGA_FREQUENCY,open_FGA,open_FG2A_FREQUENCY,wide_open_FG3_PCT,wide_open_FGA_FREQUENCY,wide_open_FGA,wide_open_FG2_PCT,wide_open_FGM,wide_open_FG2A,wide_open_EFG_PCT,wide_open_FG3M,wide_open_FG3A_FREQUENCY,wide_open_FG2M,wide_open_FG2A_FREQUENCY,wide_open_FG_PCT,wide_open_FG3A,PULL_UP_FGM,PULL_UP_FG3_PCT,PULL_UP_FG3A,PULL_UP_EFG_PCT,PULL_UP_FG3M,PULL_UP_FGA,PULL_UP_FG_PCT,PULL_UP_PTS,CATCH_SHOOT_FG_PCT,CATCH_SHOOT_PTS,ELBOW_TOUCH_FG_PCT,EFF_FG_PCT,PAINT_TOUCH_PTS,PAINT_TOUCH_FG_PCT,POST_TOUCH_PTS,POST_TOUCH_FG_PCT,ELBOW_TOUCH_PTS,ABOVE_BREAK_3_FGM,RIGHT_CORNER_3_FG_PCT,ITP_FG_PCT,ITP_FGA,BACKCOURT_FGM,LEFT_CORNER_3_FGA,BACKCOURT_FG_PCT,ABOVE_BREAK_3_FGA,RA_FG_PCT,RIGHT_CORNER_3_FGA,MID_FG_PCT,RIGHT_CORNER_3_FGM,LEFT_CORNER_3_FG_PCT,CORNER_3_FG_PCT,BACKCOURT_FGA,RA_FGA,LEFT_CORNER_3_FGM,RA_FGM,MID_FGM,ABOVE_BREAK_3_FG_PCT,CORNER_3_FGA,MID_FGA,ITP_FGM,CORNER_3_FGM,FGM_LT_06,FGA_LT_06,FREQ,PLUSMINUS,PLAYER_POSITION,NS_LT_06_PCT,LT_06_PCT,FGP_LT_5,FGP_5_9,FGM_25_29,FGM_35_39,FGA_35_39,FGA_25_29,FGP_20_24,FGP_25_29,FGA_5_9,FGA_10_14,FGA_30_34,FGM_40_PLUS,TEAM_ABBR,FGA_LT_5,FGA_40_PLUS,FGM_LT_5,FGM_10_14,FGM_20_24,FGM_30_34,FGA_15_19,FGM_15_19,FGP_15_19,FGP_35_39,FGM_5_9,FGA_20_24,FGP_30_34,FGP_10_14,FGP_40_PLUS,CATCH_SHOOT_EFG_PCT,CATCH_SHOOT_FG3A,CATCH_SHOOT_FG3M,CATCH_SHOOT_FGA,CATCH_SHOOT_FG3_PCT,CATCH_SHOOT_FGM,year,date,playoffs,GAME_ID,overall_def_PLAYER_NAME,overall_def_PLAYER_LAST_TEAM_ID,overall_def_PLAYER_LAST_TEAM_ABBREVIATION,overall_def_PLAYER_POSITION,overall_def_AGE,overall_def_GP,overall_def_G,overall_def_FREQ,overall_def_D_FGM,overall_def_D_FGA,overall_def_D_FG_PCT,overall_def_NORMAL_FG_PCT,overall_def_PCT_PLUSMINUS,three_pt_def_PLAYER_NAME,three_pt_def_PLAYER_LAST_TEAM_ID,three_pt_def_PLAYER_LAST_TEAM_ABBREVIATION,three_pt_def_PLAYER_POSITION,three_pt_def_AGE,three_pt_def_GP,three_pt_def_G,three_pt_def_FREQ,three_pt_def_FG3M,three_pt_def_FG3A,three_pt_def_FG3_PCT,three_pt_def_NS_FG3_PCT,three_pt_def_PLUSMINUS,two_pt_def_PLAYER_NAME,two_pt_def_PLAYER_LAST_TEAM_ID,two_pt_def_PLAYER_LAST_TEAM_ABBREVIATION,two_pt_def_PLAYER_POSITION,two_pt_def_AGE,two_pt_def_GP,two_pt_def_G,two_pt_def_FREQ,two_pt_def_FG2M,two_pt_def_FG2A,two_pt_def_FG2_PCT,two_pt_def_NS_FG2_PCT,two_pt_def_PLUSMINUS,less_6ft_def_PLAYER_NAME,less_6ft_def_PLAYER_LAST_TEAM_ID,less_6ft_def_PLAYER_LAST_TEAM_ABBREVIATION,less_6ft_def_PLAYER_POSITION,less_6ft_def_AGE,less_6ft_def_GP,less_6ft_def_G,less_6ft_def_FREQ,less_6ft_def_FGM_LT_06,less_6ft_def_FGA_LT_06,less_6ft_def_LT_06_PCT,less_6ft_def_NS_LT_06_PCT,less_6ft_def_PLUSMINUS,less_10ft_def_PLAYER_NAME,less_10ft_def_PLAYER_LAST_TEAM_ID,less_10ft_def_PLAYER_LAST_TEAM_ABBREVIATION,less_10ft_def_PLAYER_POSITION,less_10ft_def_AGE,less_10ft_def_GP,less_10ft_def_G,less_10ft_def_FREQ,less_10ft_def_FGM_LT_10,less_10ft_def_FGA_LT_10,less_10ft_def_LT_10_PCT,less_10ft_def_NS_LT_10_PCT,less_10ft_def_PLUSMINUS,more_15ft_def_PLAYER_NAME,more_15ft_def_PLAYER_LAST_TEAM_ID,more_15ft_def_PLAYER_LAST_TEAM_ABBREVIATION,more_15ft_def_PLAYER_POSITION,more_15ft_def_AGE,more_15ft_def_GP,more_15ft_def_G,more_15ft_def_FREQ,more_15ft_def_FGM_GT_15,more_15ft_def_FGA_GT_15,more_15ft_def_GT_15_PCT,more_15ft_def_NS_GT_15_PCT,more_15ft_def_PLUSMINUS,hustle_PLAYER_NAME,hustle_TEAM_ID,hustle_TEAM_ABBREVIATION,hustle_AGE,hustle_G,hustle_MIN,hustle_CONTESTED_SHOTS,hustle_CONTESTED_SHOTS_2PT,hustle_CONTESTED_SHOTS_3PT,hustle_DEFLECTIONS,hustle_CHARGES_DRAWN,hustle_SCREEN_ASSISTS,hustle_SCREEN_AST_PTS,hustle_OFF_LOOSE_BALLS_RECOVERED,hustle_DEF_LOOSE_BALLS_RECOVERED,hustle_LOOSE_BALLS_RECOVERED,hustle_PCT_LOOSE_BALLS_RECOVERED_OFF,hustle_PCT_LOOSE_BALLS_RECOVERED_DEF,hustle_OFF_BOXOUTS,hustle_DEF_BOXOUTS,hustle_BOX_OUTS,hustle_BOX_OUT_PLAYER_TEAM_REBS,hustle_BOX_OUT_PLAYER_REBS,hustle_PCT_BOX_OUTS_OFF,hustle_PCT_BOX_OUTS_DEF,hustle_PCT_BOX_OUTS_TEAM_REB,hustle_PCT_BOX_OUTS_REB,post_touch_PLAYER_NAME,post_touch_TEAM_ID,post_touch_TEAM_ABBREVIATION,post_touch_GP,post_touch_W,post_touch_L,post_touch_MIN,post_touch_TOUCHES,post_touch_POST_TOUCHES,post_touch_POST_TOUCH_FGM,post_touch_POST_TOUCH_FGA,post_touch_POST_TOUCH_FG_PCT,post_touch_POST_TOUCH_FTM,post_touch_POST_TOUCH_FTA,post_touch_POST_TOUCH_FT_PCT,post_touch_POST_TOUCH_PTS,post_touch_POST_TOUCH_PTS_PCT,post_touch_POST_TOUCH_PASSES,post_touch_POST_TOUCH_PASSES_PCT,post_touch_POST_TOUCH_AST,post_touch_POST_TOUCH_AST_PCT,post_touch_POST_TOUCH_TOV,post_touch_POST_TOUCH_TOV_PCT,post_touch_POST_TOUCH_FOULS,post_touch_POST_TOUCH_FOULS_PCT,speed_distance_PLAYER_NAME,speed_distance_TEAM_ID,speed_distance_TEAM_ABBREVIATION,speed_distance_GP,speed_distance_W,speed_distance_L,speed_distance_MIN,speed_distance_MIN1,speed_distance_DIST_FEET,speed_distance_DIST_MILES,speed_distance_DIST_MILES_OFF,speed_distance_DIST_MILES_DEF,speed_distance_AVG_SPEED,speed_distance_AVG_SPEED_OFF,speed_distance_AVG_SPEED_DEF,season
1628988,Aaron Holiday,Aaron,1610612754,IND,23.0,1,0,1,0.0,29.848333333333333,3,8,0.375,1,1,1.0,1,2,0.5,0,1,1,1,2,1,1,0,3,1,8,-17,14.7,0,0,15.0,1,54,54,54,15,57,46,70,38,79,1,48,33,49,56,83,92,62,22,20,12,1,78,52,62,103,76,5,1,69,,103.72,56,0.013,0.0,99,78.1,8.0,94,47,86.44,78.3,46,39,41,75,0.005,0.067,103.1,16.7,56,83,100,90,89,78.1,0.45,99,105,90,0.159,16.8,103.1,47,-23.6,39,53,80,0.438,69,75,8.3,104.17,0.027,-25.0,103.72,0.5,101.9,80,0.16,57,3.0,64,99,84,75,-25.0,36.0,0.028,0.083,0.0,3.0,3.0,45.0,2.0,7.0,0.0,0.4,3.0,0.0,0.0,0.0,2.0,1.0,2.0,0.0,0.0,0.333,5.0,0.0,0.0,0.4,0.0,3.64,0.0,3.0,0.16,0.0,0.0,1.0,2.0,3.24,26.0,0.0,50.0,8.0,0.2,5.0,0.0,0.0,0.0,6.0,0.0,0.2,0.167,0.167,0.0,1.0,8.2,0.0,0.0,0.0,0.0,0.0,0.0,8.2,0.0,1.0,1.0,0.0,,,,,,,,,,,,,,,,,0.2,0.0,5.0,,1.0,5.0,0.2,0.0,0.625,0.0,0.2,0.625,1.0,1.0,0.125,1.0,1.0,0.667,0.5,0.833,2.0,2.0,1.0,0.375,3.0,0.25,,,,,,,,,,,,,,0,,0.0,0.0,0.0,3,0.0,0,1.0,3.0,0.0,0.438,2.0,1.0,0.0,0.0,0.0,1.0,0.0,0.25,4.0,0.0,0.0,0.0,1.0,1.0,0.0,0.0,0.0,0.0,0.0,0.0,1.0,0.0,1.0,0.0,1.0,0.0,2.0,1.0,0.0,158.0,244.0,0.354,0.044,G,0.603,0.648,1.0,0.333,1.0,,,1.0,0.0,1.0,3.0,1.0,,0.0,IND,1.0,0.0,1.0,0.0,0.0,,2.0,0.0,0.0,,1.0,0.0,,0.0,0.0,1.5,1.0,1.0,1,1.0,1,2020,20200810,False,21901295,Aaron Holiday,1610612754.0,IND,G,23.0,1.0,1.0,1.0,7.0,14.0,0.5,0.421,0.079,Aaron Holiday,1610612754.0,IND,G,23.0,1.0,1.0,0.429,4.0,6.0,0.667,0.338,0.329,Aaron Holiday,1610612754.0,IND,G,23.0,1.0,1.0,0.571,3.0,8.0,0.375,0.514,-0.139,Aaron Holiday,1610612754.0,IND,G,23.0,1.0,1.0,0.214,2.0,3.0,0.667,0.625,0.042,Aaron Holiday,1610612754.0,IND,G,23.0,1.0,1.0,0.357,2.0,5.0,0.4,0.57,-0.17,Aaron Holiday,1610612754.0,IND,G,23.0,1.0,1.0,0.571,5.0,8.0,0.625,0.341,0.284,Aaron Holiday,1610612754.0,IND,23.0,1.0,29.9,12.0,7.0,5.0,2.0,0.0,1.0,2.0,0.0,0.0,0.0,0.0,0.0,0.0,3.0,3.0,3.0,0.0,0.0,1.0,1.0,0.0,Aaron Holiday,1610612754,IND,1,0,1,29.9,50.0,0.0,0.0,0.0,0.0,0.0,0.0,0.0,0.0,0.0,0.0,0.0,0.0,0.0,0.0,0.0,0.0,0.0,Aaron Holiday,1610612754,IND,1,0,1,29.85,29.85,11738.0,2.22,1.16,1.06,4.24,4.71,4.16,2019_20
1628993,Alize Johnson,Alize,1610612754,IND,24.0,1,0,1,0.0,6.3,1,3,0.333,1,2,0.5,0,0,0.0,2,2,4,1,1,0,0,1,0,0,3,-2,8.3,0,0,9.0,1,54,54,54,102,85,92,76,38,63,21,64,69,64,12,60,44,62,35,53,37,75,1,82,88,60,94,5,1,91,,114.29,4,0.211,0.2,97,80.0,3.0,30,12,95.24,87.2,92,22,32,65,0.136,0.333,93.3,20.0,40,93,91,75,76,80.0,0.5,97,4,75,0.235,20.0,93.3,12,-12.8,22,45,18,0.5,54,40,20.0,105.75,0.222,-13.3,114.29,1.0,100.0,25,0.254,85,1.0,15,20,93,14,-13.3,8.0,0.125,0.125,0.0,2.0,1.0,6.0,0.0,2.0,0.0,0.5,1.0,0.0,0.0,0.0,1.0,0.0,0.0,0.0,0.0,0.0,2.0,0.0,0.0,0.0,0.0,1.69,0.0,0.4,0.231,1.0,0.0,1.0,0.0,0.77,8.0,0.0,13.0,3.0,0.667,3.0,2.0,0.25,0.4,8.0,0.0,0.667,0.5,0.5,0.0,3.0,2.8,0.0,1.0,0.0,0.0,0.4,11.8,7.3,0.5,1.0,5.0,1.0,,,,,,,,,,,,,,,,,0.0,0.0,1.0,,0.0,1.0,0.0,0.0,0.333,0.0,0.0,0.333,0.0,0.0,0.333,0.0,0.0,0.0,,0.0,0.0,0.0,1.0,0.333,1.0,0.0,1.0,0.333,1.0,,1.0,0.0,1.5,1.0,0.333,0.0,0.0,1.0,1.0,0,,0.0,0.0,0.0,1,0.0,0,0.5,3.0,0.0,0.5,0.0,0.0,0.0,0.0,0.0,0.0,1.0,0.0,1.0,0.0,1.0,0.0,0.0,0.0,1.0,0.0,1.0,0.0,0.5,0.0,0.0,0.0,0.0,0.0,0.0,2.0,0.0,0.0,1.0,2.0,4.0,0.211,-0.091,F,0.591,0.5,0.0,0.0,0.0,,,0.0,0.5,0.0,1.0,0.0,,0.0,IND,0.0,0.0,0.0,0.0,1.0,,,,,,0.0,2.0,,0.0,0.0,0.75,2.0,1.0,2,0.5,1,2020,20200810,False,21901295,Alize Johnson,1610612754.0,IND,F,24.0,1.0,1.0,1.0,0.0,2.0,0.0,0.444,-0.444,Alize Johnson,1610612754.0,IND,F,24.0,1.0,1.0,1.0,0.0,2.0,0.0,0.329,-0.329,,,,,,,,,,,,,,,,,,,,,,,,,,,,,,,,,,,,,,,,Alize Johnson,1610612754.0,IND,F,24.0,1.0,1.0,1.0,0.0,2.0,0.0,0.357,-0.357,Alize Johnson,1610612754.0,IND,24.0,1.0,6.3,2.0,0.0,2.0,0.0,0.0,0.0,0.0,0.0,0.0,0.0,0.0,0.0,0.0,0.0,0.0,0.0,0.0,0.0,0.0,0.0,0.0,Alize Johnson,1610612754,IND,1,0,1,6.3,13.0,0.0,0.0,0.0,0.0,0.0,0.0,0.0,0.0,0.0,0.0,0.0,0.0,0.0,0.0,0.0,0.0,0.0,Alize Johnson,1610612754,IND,1,0,1,6.3,6.3,2586.0,0.49,0.27,0.22,4.52,5.24,3.76,2019_20
2738,Andre Iguodala,Andre,1610612748,MIA,36.0,1,1,0,1.0,19.453333333333333,0,4,0.0,0,3,0.0,0,0,0.0,0,2,2,2,2,1,2,0,1,0,0,4,12.4,0,0,10.0,1,1,1,1,71,96,82,96,64,49,64,64,69,64,56,60,76,44,22,20,3,1,24,82,100,36,82,5,1,86,,102.4,56,0.043,0.0,70,107.1,4.0,101,58,85.33,102.8,82,29,23,100,-0.014,0.1,100.0,25.0,40,100,71,43,37,107.1,0.0,70,94,43,0.125,25.0,100.0,58,8.8,29,34,97,0.0,96,29,25.0,107.78,0.087,7.1,102.4,1.0,94.0,94,0.126,96,0.0,42,83,101,64,7.1,24.0,0.083,0.083,0.0,5.0,2.0,20.0,0.0,5.0,0.0,0.0,1.0,0.0,0.0,0.0,0.0,0.0,0.0,0.0,0.0,0.0,1.0,0.0,0.0,0.0,0.0,3.49,0.0,1.7,0.0,0.0,0.0,0.0,0.0,2.77,12.0,1.0,30.0,0.0,0.4,5.0,0.0,0.0,0.0,6.0,0.0,0.4,0.333,0.333,0.0,2.0,8.4,0.0,0.0,0.0,0.0,0.0,0.0,8.4,0.0,2.0,1.0,0.0,,,,,,,,,,,,,,,,,,,,,,,,,,,,,,0.0,0.75,0.0,0.0,0.0,0.0,0.0,0.0,1.0,3.0,1.0,4.0,0.25,,,,,,,,,,,,,,0,,0.0,0.0,0.0,1,0.0,0,0.0,0.0,0.0,0.0,0.0,0.0,0.0,0.0,0.0,0.0,0.0,0.0,0.0,0.0,1.0,0.0,1.0,0.0,1.0,0.0,0.0,0.0,0.0,0.0,0.0,0.0,0.0,0.0,0.0,2.0,1.0,0.0,0.0,27.0,51.0,0.34,-0.092,G-F,0.621,0.529,0.0,0.0,0.0,,,0.0,0.0,0.0,0.0,1.0,0.0,0.0,MIA,0.0,0.0,0.0,0.0,0.0,0.0,0.0,0.0,0.0,,0.0,3.0,0.0,0.0,0.0,0.0,3.0,0.0,3,0.0,0,2020,20200810,False,21901295,Andre Iguodala,1610612748.0,MIA,G-F,36.0,1.0,1.0,1.0,3.0,10.0,0.3,0.441,-0.141,Andre Iguodala,1610612748.0,MIA,G-F,36.0,1.0,1.0,0.5,2.0,5.0,0.4,0.367,0.033,Andre Iguodala,1610612748.0,MIA,G-F,36.0,1.0,1.0,0.5,1.0,5.0,0.2,0.496,-0.296,Andre Iguodala,1610612748.0,MIA,G-F,36.0,1.0,1.0,0.2,0.0,2.0,0.0,0.6,-0.6,Andre Iguodala,1610612748.0,MIA,G-F,36.0,1.0,1.0,0.2,0.0,2.0,0.0,0.561,-0.561,Andre Iguodala,1610612748.0,MIA,G-F,36.0,1.0,1.0,0.6,3.0,6.0,0.5,0.374,0.126,Andre Iguodala,1610612748.0,MIA,36.0,1.0,19.5,8.0,3.0,5.0,2.0,0.0,0.0,0.0,0.0,0.0,0.0,0.0,0.0,0.0,0.0,0.0,0.0,0.0,0.0,0.0,0.0,0.0,Andre Iguodala,1610612748,MIA,1,1,0,19.5,30.0,1.0,0.0,0.0,0.0,0.0,0.0,0.0,0.0,0.0,1.0,1.0,1.0,1.0,0.0,0.0,0.0,0.0,Andre Iguodala,1610612748,MIA,1,1,0,19.45,19.45,7800.0,1.48,0.79,0.69,4.35,4.64,4.05,2019_20
1628389,Bam Adebayo,Bam,1610612748,MIA,22.0,1,1,0,1.0,22.30666666666667,4,10,0.4,0,0,0.0,2,4,0.5,2,7,9,4,2,0,3,1,0,3,10,16,33.8,0,0,29.0,1,1,1,1,60,41,34,64,64,92,64,27,18,49,12,4,4,18,22,53,1,75,1,19,52,10,15,5,1,22,,103.29,31,0.161,0.071,72,106.1,10.0,13,49,86.07,103.7,34,7,5,78,0.182,0.308,76.6,11.1,25,73,69,14,14,106.1,0.425,72,14,14,0.233,11.3,76.6,49,28.6,7,47,27,0.4,75,36,22.2,105.57,0.25,29.5,103.29,2.0,75.1,28,0.241,41,4.0,49,11,74,17,29.5,30.0,0.133,0.133,0.0,9.0,4.0,33.0,0.0,6.0,0.0,0.0,1.0,0.0,0.5,1.0,0.0,1.0,2.0,0.0,0.0,1.0,2.0,0.0,0.0,1.0,0.0,3.82,0.0,3.0,0.213,5.0,0.8,6.0,1.0,2.26,24.0,3.0,47.0,10.0,0.7,12.0,1.0,0.111,0.5,15.0,0.5,0.583,0.6,0.692,2.0,8.0,8.1,0.0,0.0,1.0,2.0,0.5,12.2,9.0,0.0,7.0,4.0,1.0,0.3,0.3,3.0,0.667,0.0,,0.667,0.0,1610612748.0,2.0,3.0,2.0,0.667,1.0,0.0,MIA,0.5,0.0,4.0,,2.0,4.0,0.5,0.0,0.4,0.0,0.5,0.4,2.0,,0.0,0.0,0.0,0.0,0.0,0.0,0.0,2.0,0.0,0.2,2.0,0.2,,0.1,1.0,0.0,0.0,1.0,0.0,0.0,0.0,0.0,0.1,0.0,0.0,0,,,0.0,,2,0.0,0,0.0,0.0,0.667,0.4,6.0,0.5,0.0,0.0,4.0,0.0,0.0,0.0,2.0,0.0,0.0,0.0,0.0,0.667,0.0,0.0,0.0,0.0,0.0,0.0,6.0,0.0,4.0,0.0,0.0,0.0,2.0,0.0,0.0,213.0,374.0,0.36,-0.054,C-F,0.624,0.57,0.5,0.0,0.0,,,0.0,0.0,0.0,0.0,0.0,0.0,0.0,MIA,8.0,0.0,4.0,0.0,0.0,0.0,2.0,0.0,0.0,,0.0,0.0,0.0,0.0,0.0,,,,0,,0,2020,20200810,False,21901295,Bam Adebayo,1610612748.0,MIA,C-F,22.0,1.0,1.0,1.0,4.0,15.0,0.267,0.455,-0.188,Bam Adebayo,1610612748.0,MIA,C-F,22.0,1.0,1.0,0.333,2.0,5.0,0.4,0.375,0.025,Bam Adebayo,1610612748.0,MIA,C-F,22.0,1.0,1.0,0.667,2.0,10.0,0.2,0.483,-0.283,Bam Adebayo,1610612748.0,MIA,C-F,22.0,1.0,1.0,0.4,1.0,6.0,0.167,0.539,-0.372,Bam Adebayo,1610612748.0,MIA,C-F,22.0,1.0,1.0,0.4,1.0,6.0,0.167,0.505,-0.338,Bam Adebayo,1610612748.0,MIA,C-F,22.0,1.0,1.0,0.4,2.0,6.0,0.333,0.379,-0.045,Bam Adebayo,1610612748.0,MIA,22.0,1.0,22.3,9.0,6.0,3.0,1.0,0.0,3.0,7.0,2.0,0.0,2.0,1.0,0.0,0.0,2.0,2.0,1.0,0.0,0.0,1.0,1.0,0.0,Bam Adebayo,1610612748,MIA,1,1,0,22.3,47.0,3.0,0.0,2.0,0.0,0.0,0.0,0.0,0.0,0.0,0.0,0.0,0.0,0.0,1.0,0.333,0.0,0.0,Bam Adebayo,1610612748,MIA,1,1,0,22.3,22.3,8741.0,1.66,0.9,0.75,4.35,4.6,4.12,2019_20
1627884,Derrick Jones Jr.,Derrick,1610612748,MIA,23.0,1,1,0,1.0,21.28333333333333,9,11,0.818,0,0,0.0,0,0,0.0,3,2,5,0,0,1,1,0,1,1,18,2,30.0,0,0,27.0,1,1,1,1,65,3,22,6,64,92,64,64,69,64,4,60,25,85,73,20,12,1,24,52,14,43,22,5,1,28,,101.49,17,0.1,0.115,73,104.4,11.0,2,63,84.57,102.7,22,29,24,13,0.263,0.0,100.0,0.0,63,1,72,46,38,104.4,0.818,73,43,46,0.212,0.0,100.0,63,8.2,29,49,44,0.818,12,85,0.0,105.28,0.083,4.4,101.49,0.0,94.5,44,0.217,3,9.0,45,85,1,85,4.4,10.0,0.0,0.0,0.0,0.0,0.0,12.0,0.0,1.0,0.0,1.0,0.0,0.0,0.0,0.0,1.0,0.0,0.0,0.0,0.0,0.0,1.0,0.0,0.0,0.0,0.0,1.43,0.0,0.5,0.818,1.0,2.0,12.0,1.333,0.5,15.0,0.0,22.0,18.0,1.0,3.0,0.0,0.6,1.0,6.0,1.0,0.667,0.833,1.0,1.0,2.0,11.6,0.0,0.0,3.0,1.0,1.0,3.4,6.7,0.0,2.0,3.0,3.0,0.182,0.182,2.0,1.0,0.0,,1.0,0.0,1610612748.0,2.0,2.0,2.0,1.0,1.0,0.0,MIA,0.667,0.0,6.0,,4.0,6.0,0.667,0.0,0.545,0.0,0.667,0.545,4.0,,0.0,0.0,3.0,1.0,1.0,1.0,3.0,3.0,0.0,0.273,3.0,0.273,,,,,,,,,,,,,,0,,,,,0,,0,0.0,0.0,1.0,0.818,16.0,0.8,0.0,0.0,2.0,0.0,0.0,0.0,0.0,0.0,0.0,0.0,0.0,0.818,0.0,0.0,0.0,0.0,0.0,0.0,11.0,0.0,9.0,0.0,0.0,0.0,0.0,0.0,0.0,101.0,163.0,0.305,0.014,F,0.605,0.62,0.818,0.0,0.0,,,0.0,0.0,0.0,0.0,0.0,0.0,0.0,MIA,11.0,0.0,9.0,0.0,0.0,0.0,0.0,0.0,0.0,,0.0,0.0,0.0,0.0,0.0,,,,0,,0,2020,20200810,False,21901295,Derrick Jones Jr.,1610612748.0,MIA,F,23.0,1.0,1.0,1.0,4.0,8.0,0.5,0.476,0.024,Derrick Jones Jr.,1610612748.0,MIA,F,23.0,1.0,1.0,0.375,1.0,3.0,0.333,0.422,-0.088,Derrick Jones Jr.,1610612748.0,MIA,F,23.0,1.0,1.0,0.625,3.0,5.0,0.6,0.55,0.05,Derrick Jones Jr.,1610612748.0,MIA,F,23.0,1.0,1.0,0.5,3.0,4.0,0.75,0.638,0.113,Derrick Jones Jr.,1610612748.0,MIA,F,23.0,1.0,1.0,0.625,3.0,5.0,0.6,0.608,-0.008,Derrick Jones Jr.,1610612748.0,MIA,F,23.0,1.0,1.0,0.375,1.0,3.0,0.333,0.411,-0.078,Derrick Jones Jr.,1610612748.0,MIA,23.0,1.0,21.3,3.0,2.0,1.0,3.0,0.0,1.0,2.0,0.0,2.0,2.0,0.0,1.0,0.0,0.0,0.0,0.0,0.0,0.0,0.0,0.0,0.0,Derrick Jones Jr.,1610612748,MIA,1,1,0,21.3,22.0,0.0,0.0,0.0,0.0,0.0,0.0,0.0,0.0,0.0,0.0,0.0,0.0,0.0,0.0,0.0,0.0,0.0,Derrick Jones Jr.,1610612748,MIA,1,1,0,21.28,21.28,8540.0,1.62,0.8,0.81,4.25,4.29,4.23,2019_20
203926,Doug McDermott,Doug,1610612754,IND,28.0,1,0,1,0.0,21.901666666666667,4,11,0.364,1,5,0.2,0,0,0.0,1,4,5,1,0,0,0,2,0,1,9,-11,16.5,0,0,16.0,1,54,54,54,61,41,22,72,38,22,55,64,69,64,36,29,25,62,73,53,37,106,1,52,56,94,66,5,1,66,,106.29,47,0.1,0.04,77,102.1,11.0,64,35,88.58,96.8,22,65,64,82,0.077,0.077,118.0,0.0,63,1,81,80,81,102.1,0.409,77,43,80,0.208,0.0,118.0,35,-16.5,65,19,54,0.409,72,75,8.3,111.42,0.16,-15.9,106.29,0.0,113.3,47,0.205,41,4.0,47,41,1,69,-15.9,25.0,0.04,0.12,1.0,3.0,3.0,21.0,1.0,4.0,0.0,0.25,3.0,0.0,0.0,0.0,1.0,1.0,2.0,0.0,0.0,0.333,4.0,0.0,1.0,0.5,0.25,1.52,0.0,0.9,0.243,0.0,0.0,2.0,2.0,0.68,24.0,0.0,37.0,9.0,1.0,4.0,1.0,0.0,0.25,7.0,0.0,1.0,0.714,0.714,0.0,5.0,7.5,0.0,0.0,0.0,0.0,0.25,3.6,6.7,0.0,4.0,4.0,0.0,0.273,0.182,2.0,0.333,1.0,0.0,0.5,0.0,1610612754.0,1.0,3.0,1.0,0.333,1.0,0.091,IND,0.667,0.0,3.0,,2.0,3.0,0.667,0.0,0.273,0.0,0.667,0.273,2.0,0.0,0.273,0.0,0.0,0.0,0.0,0.0,0.0,1.0,3.0,0.364,4.0,0.091,1.0,0.091,1.0,,1.0,0.0,1.5,1.0,0.091,0.0,0.0,1.0,1.0,0,,0.0,0.0,0.0,1,0.0,0,0.2,3.0,0.0,0.409,4.0,1.0,0.0,0.0,0.0,1.0,0.0,1.0,1.0,0.0,0.0,0.0,5.0,0.5,0.0,0.0,0.0,0.0,0.0,0.0,4.0,0.0,2.0,0.0,0.2,0.0,1.0,1.0,0.0,122.0,200.0,0.407,0.008,F,0.602,0.61,0.5,1.0,1.0,,,5.0,0.0,0.2,1.0,0.0,0.0,0.0,IND,4.0,0.0,2.0,0.0,0.0,0.0,1.0,0.0,0.0,,1.0,0.0,0.0,0.0,0.0,0.3,5.0,1.0,5,0.2,1,2020,20200810,False,21901295,Doug McDermott,1610612754.0,IND,F,28.0,1.0,1.0,1.0,3.0,6.0,0.5,0.447,0.053,Doug McDermott,1610612754.0,IND,F,28.0,1.0,1.0,0.5,1.0,3.0,0.333,0.361,-0.028,Doug McDermott,1610612754.0,IND,F,28.0,1.0,1.0,0.5,2.0,3.0,0.667,0.592,0.075,Doug McDermott,1610612754.0,IND,F,28.0,1.0,1.0,0.333,2.0,2.0,1.0,0.665,0.335,Doug McDermott,1610612754.0,IND,F,28.0,1.0,1.0,0.333,2.0,2.0,1.0,0.628,0.372,Doug McDermott,1610612754.0,IND,F,28.0,1.0,1.0,0.5,1.0,3.0,0.333,0.368,-0.035,Doug McDermott,1610612754.0,IND,28.0,1.0,21.9,6.0,2.0,4.0,0.0,0.0,0.0,0.0,0.0,0.0,0.0,0.0,0.0,0.0,1.0,1.0,1.0,1.0,0.0,1.0,1.0,1.0,Doug McDermott,1610612754,IND,1,0,1,21.9,37.0,0.0,0.0,0.0,0.0,0.0,0.0,0.0,0.0,0.0,0.0,0.0,0.0,0.0,0.0,0.0,0.0,0.0,Doug McDermott,1610612754,IND,1,0,1,21.9,21.9,9487.0,1.8,1.04,0.76,4.62,5.14,4.11,2019_20
1629130,Duncan Robinson,Duncan,1610612748,MIA,26.0,1,1,0,1.0,31.55,5,11,0.455,4,10,0.4,0,0,0.0,0,5,5,0,1,0,0,0,3,0,14,24,19.0,0,0,23.0,1,1,1,1,11,24,22,53,5,2,43,64,69,64,56,17,25,85,35,53,37,1,78,82,26,2,58,5,1,40,,104.98,56,0.068,0.0,56,114.5,11.0,68,40,87.48,109.7,22,8,8,43,0.071,0.0,79.7,8.3,63,62,58,8,13,114.5,0.636,56,75,8,0.148,8.3,79.7,40,29.1,8,39,90,0.636,31,85,0.0,106.74,0.135,34.8,104.98,0.0,80.6,86,0.148,24,5.0,69,56,64,85,34.8,21.0,0.0,0.0,0.0,0.0,0.0,24.0,0.0,2.0,0.0,0.0,1.0,0.0,0.0,0.0,0.0,1.0,2.0,0.0,0.0,1.0,1.0,0.0,0.0,2.0,0.0,1.57,0.0,0.8,0.438,0.0,0.0,0.0,0.0,0.59,25.0,0.0,32.0,14.0,1.0,5.0,0.0,0.2,0.0,6.0,0.0,1.0,0.833,0.833,0.0,4.0,6.7,0.0,1.0,0.0,0.0,0.0,0.0,6.7,0.2,4.0,1.0,1.0,,,,,,,,,,,,,,,,,0.667,2.0,1.0,0.5,2.0,3.0,0.833,0.182,0.091,1.0,1.0,0.273,1.0,0.4,0.455,2.0,0.0,0.4,,0.6,2.0,0.0,5.0,0.455,5.0,0.0,0.333,0.273,3.0,,1.0,0.0,0.5,1.0,0.273,0.0,0.0,0.333,3.0,0,0.0,1.0,0.0,0.0,1,0.0,0,0.444,12.0,0.0,0.636,0.0,0.0,0.0,0.0,0.0,4.0,0.0,0.0,0.0,0.0,1.0,0.0,8.0,1.0,1.0,0.0,0.0,0.0,0.0,0.0,1.0,0.0,1.0,0.0,0.5,2.0,0.0,0.0,0.0,163.0,258.0,0.355,0.032,F,0.6,0.632,1.0,0.0,3.0,,,7.0,0.333,0.429,0.0,0.0,,0.0,MIA,1.0,0.0,1.0,0.0,1.0,,0.0,0.0,0.0,,0.0,3.0,,0.0,0.0,0.75,8.0,4.0,8,0.5,4,2020,20200810,False,21901295,Duncan Robinson,1610612748.0,MIA,F,26.0,1.0,1.0,1.0,2.0,11.0,0.182,0.474,-0.293,Duncan Robinson,1610612748.0,MIA,F,26.0,1.0,1.0,0.273,0.0,3.0,0.0,0.38,-0.38,Duncan Robinson,1610612748.0,MIA,F,26.0,1.0,1.0,0.727,2.0,8.0,0.25,0.523,-0.273,Duncan Robinson,1610612748.0,MIA,F,26.0,1.0,1.0,0.182,0.0,2.0,0.0,0.499,-0.499,Duncan Robinson,1610612748.0,MIA,F,26.0,1.0,1.0,0.364,2.0,4.0,0.5,0.523,-0.023,Duncan Robinson,1610612748.0,MIA,F,26.0,1.0,1.0,0.636,0.0,7.0,0.0,0.397,-0.397,Duncan Robinson,1610612748.0,MIA,26.0,1.0,31.6,9.0,6.0,3.0,0.0,0.0,0.0,0.0,0.0,0.0,0.0,0.0,0.0,0.0,1.0,1.0,1.0,1.0,0.0,1.0,1.0,1.0,Duncan Robinson,1610612748,MIA,1,1,0,31.6,32.0,0.0,0.0,0.0,0.0,0.0,0.0,0.0,0.0,0.0,0.0,0.0,0.0,0.0,0.0,0.0,0.0,0.0,Duncan Robinson,1610612748,MIA,1,1,0,31.55,31.55,12473.0,2.36,1.35,1.01,4.39,5.04,3.72,2019_20
1628410,Edmond Sumner,Edmond,1610612754,IND,24.0,1,0,1,0.0,16.4,2,4,0.5,0,2,0.0,1,5,0.2,0,2,2,5,0,0,0,0,0,2,5,-9,14.9,0,0,12.0,1,54,54,54,82,71,82,37,64,63,64,48,11,63,56,60,76,10,73,53,37,1,1,34,80,87,73,5,1,81,,102.44,56,0.053,0.0,88,88.6,4.0,54,56,85.37,87.9,82,62,63,83,0.096,0.556,114.3,0.0,63,1,88,92,93,88.6,0.403,88,85,92,0.15,0.0,114.3,56,-25.4,62,59,78,0.5,54,6,45.5,103.32,0.105,-25.7,102.44,0.0,113.3,84,0.162,71,2.0,35,71,1,4,-25.7,17.0,0.294,0.294,0.0,13.0,5.0,19.0,0.0,5.0,0.333,0.333,1.0,0.0,0.0,0.0,1.0,1.0,2.0,1.0,0.0,1.0,3.0,2.0,1.0,0.667,0.333,2.68,0.0,1.1,0.208,0.0,0.0,0.0,0.0,1.79,17.0,0.0,24.0,5.0,0.5,4.0,0.0,0.0,0.0,4.0,0.0,0.5,0.5,0.5,0.0,2.0,7.8,0.0,0.0,0.0,0.0,0.0,0.0,7.8,0.0,2.0,0.0,0.0,0.25,0.25,1.0,1.0,0.0,,1.0,0.0,1610612754.0,1.0,1.0,1.0,1.0,1.0,0.0,IND,1.0,0.0,1.0,,1.0,1.0,1.0,0.0,0.25,0.0,1.0,0.25,1.0,,,,,,,,,,,,,,0.0,0.5,2.0,,0.0,0.0,0.0,0.0,0.5,0.0,0.0,0.0,2.0,0,,0.0,,0.0,0,,0,0.0,0.0,0.0,0.5,0.0,0.0,0.0,0.0,0.0,0.0,0.0,0.0,0.0,0.0,0.0,0.0,2.0,1.0,0.0,0.0,0.0,0.0,0.0,0.0,2.0,0.0,2.0,0.0,0.0,0.0,0.0,0.0,0.0,19.0,38.0,0.345,-0.095,G,0.595,0.5,1.0,0.0,0.0,,,2.0,0.0,0.0,0.0,0.0,0.0,0.0,IND,2.0,0.0,2.0,0.0,0.0,0.0,,,,,0.0,0.0,0.0,0.0,0.0,0.0,2.0,0.0,2,0.0,0,2020,20200810,False,21901295,Edmond Sumner,1610612754.0,IND,G,24.0,1.0,1.0,1.0,3.0,4.0,0.75,0.471,0.279,Edmond Sumner,1610612754.0,IND,G,24.0,1.0,1.0,0.5,1.0,2.0,0.5,0.391,0.11,Edmond Sumner,1610612754.0,IND,G,24.0,1.0,1.0,0.5,2.0,2.0,1.0,0.616,0.384,Edmond Sumner,1610612754.0,IND,G,24.0,1.0,1.0,0.5,2.0,2.0,1.0,0.693,0.307,Edmond Sumner,1610612754.0,IND,G,24.0,1.0,1.0,0.5,2.0,2.0,1.0,0.656,0.344,Edmond Sumner,1610612754.0,IND,G,24.0,1.0,1.0,0.5,1.0,2.0,0.5,0.39,0.11,Edmond Sumner,1610612754.0,IND,24.0,1.0,16.4,5.0,3.0,2.0,1.0,0.0,0.0,0.0,0.0,0.0,0.0,0.0,0.0,0.0,0.0,0.0,0.0,0.0,0.0,0.0,0.0,0.0,Edmond Sumner,1610612754,IND,1,0,1,16.4,24.0,0.0,0.0,0.0,0.0,0.0,0.0,0.0,0.0,0.0,0.0,0.0,0.0,0.0,0.0,0.0,0.0,0.0,Edmond Sumner,1610612754,IND,1,0,1,16.4,16.4,6576.0,1.25,0.66,0.58,4.14,4.81,4.17,2019_20
1629216,Gabe Vincent,Gabe,1610612748,MIA,24.0,1,1,0,1.0,3.616666666666666,1,3,0.333,1,2,0.5,0,0,0.0,0,1,1,0,0,1,0,0,0,0,3,1,7.2,0,0,7.0,1,1,1,1,109,85,92,76,38,63,21,64,69,64,56,83,92,85,73,20,37,1,1,82,88,49,96,5,1,97,,112.81,56,0.083,0.0,89,87.5,3.0,7,14,94.01,87.5,92,5,16,65,0.24,0.0,66.7,0.0,63,1,89,25,49,87.5,0.5,89,64,25,0.333,0.0,66.7,14,0.3,5,73,4,0.5,54,85,0.0,98.74,0.143,20.8,112.81,0.0,87.2,3,0.333,85,1.0,8,52,1,85,20.8,4.0,0.0,0.0,0.0,0.0,0.0,5.0,0.0,0.0,0.0,0.0,0.0,0.0,0.0,0.0,0.0,0.0,0.0,0.0,0.0,0.0,0.0,0.0,0.0,0.0,0.0,7.77,0.0,0.9,0.429,0.0,0.0,0.0,0.0,5.43,1.0,0.0,7.0,3.0,1.0,1.0,0.0,0.0,0.0,1.0,0.0,1.0,1.0,1.0,0.0,1.0,16.9,0.0,0.0,0.0,0.0,0.0,0.0,16.9,0.0,1.0,0.0,0.0,,,,,,,,,,,,,,,,,0.0,0.0,1.0,,0.0,1.0,0.0,0.0,0.333,0.0,0.0,0.333,0.0,,,,,,,,,,,,,,0.5,0.667,2.0,,1.0,0.0,0.75,1.0,0.667,0.0,0.0,0.5,2.0,1,0.5,2.0,0.5,1.0,3,0.333,3,0.0,0.0,0.0,0.5,0.0,0.0,0.0,0.0,0.0,1.0,0.0,0.0,0.0,,,,2.0,0.0,0.0,0.0,0.0,,0.0,,0.0,,0.0,0.0,0.5,0.0,1.0,0.0,0.0,4.0,5.0,0.227,0.201,G,0.599,0.8,0.0,0.0,1.0,,,2.0,0.0,0.5,0.0,1.0,,,MIA,0.0,,0.0,0.0,0.0,,,,,,0.0,0.0,,0.0,,,0.0,0.0,0,,0,2020,20200810,False,21901295,Gabe Vincent,1610612748.0,MIA,G,24.0,1.0,1.0,1.0,1.0,2.0,0.5,0.42,0.08,Gabe Vincent,1610612748.0,MIA,G,24.0,1.0,1.0,0.5,1.0,1.0,1.0,0.396,0.604,Gabe Vincent,1610612748.0,MIA,G,24.0,1.0,1.0,0.5,0.0,1.0,0.0,0.435,-0.435,Gabe Vincent,1610612748.0,MIA,G,24.0,1.0,1.0,0.5,0.0,1.0,0.0,0.538,-0.538,Gabe Vincent,1610612748.0,MIA,G,24.0,1.0,1.0,0.5,0.0,1.0,0.0,0.471,-0.471,Gabe Vincent,1610612748.0,MIA,G,24.0,1.0,1.0,0.5,1.0,1.0,1.0,0.377,0.623,Gabe Vincent,1610612748.0,MIA,24.0,1.0,3.6,1.0,0.0,1.0,1.0,0.0,0.0,0.0,0.0,2.0,2.0,0.0,1.0,0.0,0.0,0.0,0.0,0.0,0.0,0.0,0.0,0.0,Gabe Vincent,1610612748,MIA,1,1,0,3.6,7.0,0.0,0.0,0.0,0.0,0.0,0.0,0.0,0.0,0.0,0.0,0.0,0.0,0.0,0.0,0.0,0.0,0.0,Gabe Vincent,1610612748,MIA,1,1,0,3.62,3.62,1565.0,0.3,0.18,0.12,4.61,5.46,3.51,2019_20
1629048,Goga Bitadze,Goga,1610612754,IND,20.0,1,0,1,0.0,5.483333333333333,1,2,0.5,0,0,0.0,0,0,0.0,0,1,1,0,0,0,0,1,0,0,2,-5,3.2,0,0,3.0,1,54,54,54,104,85,98,37,64,92,64,64,69,64,56,83,92,85,73,53,37,75,1,82,93,72,107,5,1,105,,118.18,56,0.1,0.0,68,107.7,2.0,78,9,98.48,97.8,98,95,88,65,0.057,0.0,135.7,0.0,63,1,79,96,99,107.7,0.5,68,43,96,0.143,0.0,135.7,9,-33.8,95,2,95,0.5,54,85,0.0,125.88,0.333,-28.0,118.18,0.0,131.6,91,0.131,85,1.0,13,3,1,85,-28.0,9.0,0.0,0.0,0.0,0.0,0.0,8.0,0.0,1.0,0.0,0.0,1.0,0.0,0.0,0.0,0.0,0.0,0.0,0.0,0.0,0.0,1.0,0.0,0.0,0.0,0.0,1.24,0.0,0.2,0.182,1.0,0.0,0.0,0.0,0.36,7.0,0.0,11.0,2.0,1.0,1.0,0.0,1.0,0.0,2.0,0.0,1.0,0.5,0.5,0.0,0.0,3.3,0.0,1.0,0.0,0.0,0.0,0.0,3.3,1.0,0.0,1.0,1.0,,,,,,,,,,,,,,,,,0.0,0.0,1.0,,0.0,1.0,0.0,0.0,0.5,0.0,0.0,0.5,0.0,,,,,,,,,,,,,,,0.5,1.0,1.0,1.0,1.0,1.0,0.0,0.0,1.0,0.5,1.0,0.0,0,,,,,0,,0,0.0,0.0,0.0,0.5,0.0,0.0,0.0,0.0,0.0,0.0,0.0,0.0,1.0,0.0,0.0,0.0,0.0,1.0,0.0,0.0,0.0,0.0,0.0,0.0,1.0,0.0,1.0,0.0,0.0,0.0,0.0,0.0,0.0,69.0,141.0,0.52,-0.117,C-F,0.607,0.489,1.0,0.0,0.0,,,0.0,0.0,0.0,1.0,,,0.0,IND,1.0,0.0,1.0,,0.0,,0.0,0.0,0.0,,0.0,0.0,,,0.0,,,,0,,0,2020,20200810,False,21901295,Goga Bitadze,1610612754.0,IND,C-F,20.0,1.0,1.0,1.0,2.0,3.0,0.667,0.452,0.215,Goga Bitadze,1610612754.0,IND,C-F,20.0,1.0,1.0,0.333,0.0,1.0,0.0,0.396,-0.396,Goga Bitadze,1610612754.0,IND,C-F,20.0,1.0,1.0,0.667,2.0,2.0,1.0,0.561,0.439,Goga Bitadze,1610612754.0,IND,C-F,20.0,1.0,1.0,0.333,1.0,1.0,1.0,0.75,0.25,Goga Bitadze,1610612754.0,IND,C-F,20.0,1.0,1.0,0.333,1.0,1.0,1.0,0.732,0.268,Goga Bitadze,1610612754.0,IND,C-F,20.0,1.0,1.0,0.667,1.0,2.0,0.5,0.39,0.11,Goga Bitadze,1610612754.0,IND,20.0,1.0,5.5,2.0,2.0,0.0,0.0,0.0,2.0,5.0,0.0,0.0,0.0,0.0,0.0,0.0,1.0,1.0,1.0,1.0,0.0,1.0,1.0,1.0,Goga Bitadze,1610612754,IND,1,0,1,5.5,11.0,0.0,0.0,0.0,0.0,0.0,0.0,0.0,0.0,0.0,0.0,0.0,0.0,0.0,0.0,0.0,0.0,0.0,Goga Bitadze,1610612754,IND,1,0,1,5.48,5.48,2191.0,0.41,0.21,0.2,4.11,4.12,4.11,2019_20
201609,Goran Dragic,Goran,1610612748,MIA,34.0,1,1,0,1.0,30.01,5,16,0.313,1,6,0.167,0,1,0.0,1,5,6,9,2,1,0,0,5,2,11,22,32.7,0,0,29.0,1,1,1,1,14,24,4,82,38,12,60,64,63,64,36,17,17,2,22,20,37,1,109,34,45,4,16,5,1,22,,102.37,55,0.085,0.027,53,115.4,16.0,70,59,85.3,113.6,4,13,7,89,0.069,0.391,84.1,7.4,5,56,55,11,10,115.4,0.335,53,63,11,0.234,7.3,84.1,59,33.3,13,46,25,0.344,81,10,33.3,105.63,0.147,31.3,102.37,4.5,80.3,27,0.243,24,5.0,65,48,55,13,31.3,45.0,0.2,0.244,1.0,23.0,11.0,56.0,1.0,15.0,0.0,0.533,6.0,0.0,0.067,1.0,8.0,2.0,4.0,0.0,0.0,0.333,15.0,0.0,3.0,0.267,0.2,4.34,0.0,4.8,0.164,1.0,2.0,2.0,0.0,3.88,31.0,0.0,67.0,11.0,0.833,6.0,0.0,0.167,0.5,8.0,1.0,0.833,0.75,0.75,0.0,5.0,12.6,0.0,0.0,1.0,0.0,0.5,7.8,11.8,0.0,5.0,2.0,1.0,0.063,0.063,1.0,0.0,0.0,,0.0,0.0,1610612748.0,0.0,1.0,0.0,0.0,1.0,0.0,MIA,0.5,0.0,6.0,,3.0,6.0,0.5,0.0,0.375,0.0,0.5,0.375,3.0,0.0,0.125,0.0,0.0,0.0,0.0,0.0,0.0,2.0,2.0,0.25,4.0,0.125,0.25,0.313,5.0,1.0,2.0,1.0,0.5,1.0,0.25,1.0,0.063,0.4,4.0,0,0.0,1.0,0.0,0.0,5,0.0,0,0.2,3.0,1.0,0.344,0.0,0.0,0.0,0.0,2.0,1.0,0.0,0.0,3.0,0.0,1.0,0.0,4.0,0.8,1.0,0.0,0.0,0.0,0.0,0.0,5.0,0.0,4.0,0.0,0.25,2.0,2.0,0.0,0.0,124.0,187.0,0.357,0.07,G,0.593,0.663,0.8,0.0,0.0,,,2.0,0.2,0.0,1.0,2.0,,0.0,MIA,5.0,0.0,4.0,0.0,1.0,,1.0,0.0,0.0,,0.0,5.0,,0.0,0.0,0.3,5.0,1.0,5,0.2,1,2020,20200810,False,21901295,Goran Dragic,1610612748.0,MIA,G,34.0,1.0,1.0,1.0,5.0,8.0,0.625,0.481,0.144,Goran Dragic,1610612748.0,MIA,G,34.0,1.0,1.0,0.125,0.0,1.0,0.0,0.328,-0.328,Goran Dragic,1610612748.0,MIA,G,34.0,1.0,1.0,0.875,5.0,7.0,0.714,0.525,0.189,Goran Dragic,1610612748.0,MIA,G,34.0,1.0,1.0,0.375,2.0,3.0,0.667,0.687,-0.02,Goran Dragic,1610612748.0,MIA,G,34.0,1.0,1.0,0.625,3.0,5.0,0.6,0.58,0.02,Goran Dragic,1610612748.0,MIA,G,34.0,1.0,1.0,0.125,0.0,1.0,0.0,0.351,-0.351,Goran Dragic,1610612748.0,MIA,34.0,1.0,30.0,5.0,4.0,1.0,1.0,0.0,1.0,2.0,0.0,3.0,3.0,0.0,1.0,0.0,1.0,1.0,1.0,0.0,0.0,1.0,1.0,0.0,Goran Dragic,1610612748,MIA,1,1,0,30.0,67.0,0.0,0.0,0.0,0.0,0.0,0.0,0.0,0.0,0.0,0.0,0.0,0.0,0.0,0.0,0.0,0.0,0.0,Goran Dragic,1610612748,MIA,1,1,0,30.02,30.02,12191.0,2.31,1.33,0.98,4.4,4.93,3.87,2019_20
203960,JaKarr Sampson,JaKarr,1610612754,IND,27.0,1,0,1,0.0,18.31833333333333,1,2,0.5,0,0,0.0,2,2,1.0,0,3,3,1,1,0,1,0,3,1,4,-2,11.1,0,0,10.0,1,54,54,54,74,85,98,37,64,92,64,27,33,1,56,42,65,62,35,53,12,1,78,52,83,60,87,5,1,86,,104.81,56,0.067,0.0,78,100.0,2.0,81,42,87.34,98.5,98,44,50,28,0.049,0.077,105.0,20.0,40,93,77,59,70,100.0,0.694,78,76,59,0.089,20.5,105.0,42,-8.3,44,51,104,0.5,54,40,20.0,104.71,0.125,-5.0,104.81,1.0,106.8,103,0.089,85,1.0,40,63,98,69,-5.0,24.0,0.042,0.0,0.0,0.0,0.0,20.0,0.0,1.0,0.333,0.667,0.0,2.0,0.0,0.0,2.0,0.0,2.0,1.0,1.0,0.0,3.0,2.0,0.0,0.667,0.0,1.83,0.0,0.8,0.148,1.0,0.0,2.0,1.0,0.81,20.0,0.0,27.0,4.0,0.75,6.0,0.0,0.667,0.0,6.0,0.0,0.5,0.5,0.75,2.0,1.0,3.8,0.0,2.0,0.0,2.0,0.0,0.0,3.8,0.667,1.0,0.0,2.0,,,,,,,,,,,,,,,,,0.0,0.0,1.0,,0.0,1.0,0.0,0.0,0.5,0.0,0.0,0.5,0.0,,0.0,0.0,1.0,1.0,1.0,1.0,1.0,1.0,0.0,0.5,1.0,0.5,,,,,,,,,,,,,,0,,,,,0,,0,0.0,0.0,0.0,0.5,2.0,0.5,0.0,0.0,0.0,0.0,0.0,0.0,0.0,0.0,0.0,0.0,0.0,1.0,0.0,0.0,0.0,0.0,0.0,0.0,1.0,0.0,1.0,0.0,0.0,0.0,1.0,0.0,0.0,44.0,84.0,0.44,-0.083,F,0.607,0.524,1.0,0.0,0.0,,,0.0,0.0,0.0,0.0,1.0,0.0,0.0,IND,1.0,0.0,1.0,0.0,0.0,0.0,,,,,0.0,0.0,0.0,0.0,0.0,,,,0,,0,2020,20200810,False,21901295,JaKarr Sampson,1610612754.0,IND,F,27.0,1.0,1.0,1.0,4.0,13.0,0.308,0.438,-0.131,JaKarr Sampson,1610612754.0,IND,F,27.0,1.0,1.0,0.231,0.0,3.0,0.0,0.319,-0.319,JaKarr Sampson,1610612754.0,IND,F,27.0,1.0,1.0,0.769,4.0,10.0,0.4,0.562,-0.162,JaKarr Sampson,1610612754.0,IND,F,27.0,1.0,1.0,0.538,4.0,7.0,0.571,0.688,-0.117,JaKarr Sampson,1610612754.0,IND,F,27.0,1.0,1.0,0.538,4.0,7.0,0.571,0.659,-0.088,JaKarr Sampson,1610612754.0,IND,F,27.0,1.0,1.0,0.385,0.0,5.0,0.0,0.3,-0.3,JaKarr Sampson,1610612754.0,IND,27.0,1.0,18.3,6.0,5.0,1.0,0.0,0.0,4.0,8.0,1.0,0.0,1.0,1.0,0.0,0.0,3.0,3.0,3.0,1.0,0.0,1.0,1.0,0.333,JaKarr Sampson,1610612754,IND,1,0,1,18.3,27.0,0.0,0.0,0.0,0.0,0.0,0.0,0.0,0.0,0.0,0.0,0.0,0.0,0.0,0.0,0.0,0.0,0.0,JaKarr Sampson,1610612754,IND,1,0,1,18.32,18.32,7145.0,1.35,0.71,0.65,4.33,4.26,3.79,2019_20
203109,Jae Crowder,Jae,1610612748,MIA,29.0,1,1,0,1.0,28.605,5,8,0.625,4,6,0.667,0,0,0.0,2,6,8,4,3,2,1,1,0,0,14,16,35.6,0,0,36.0,1,1,1,1,23,24,46,19,5,12,15,64,69,64,12,8,8,18,12,6,12,75,1,82,26,10,12,5,1,11,,104.04,39,0.118,0.057,61,111.3,8.0,11,45,86.7,106.8,46,14,13,10,0.195,0.211,85.5,20.0,37,93,66,18,22,111.3,0.875,61,32,18,0.147,20.0,85.5,45,22.3,14,38,88,0.875,9,27,26.7,106.82,0.182,25.8,104.04,1.33,84.5,89,0.149,24,5.0,62,33,93,33,25.8,32.0,0.125,0.125,0.0,10.0,4.0,21.0,0.0,6.0,0.0,0.0,0.0,0.0,0.0,0.0,0.0,0.0,0.0,0.0,0.0,0.0,0.0,0.0,0.0,0.0,0.0,1.61,0.0,1.1,0.333,1.0,2.0,0.0,0.0,0.6,21.0,2.0,42.0,14.0,0.857,7.0,2.0,0.0,0.333,12.0,0.0,0.857,0.667,0.667,0.0,8.0,6.6,0.0,0.0,0.0,0.0,0.333,34.2,13.5,0.0,6.0,6.0,0.0,,,,,,,,,,,,,,,,,0.5,0.0,2.0,,1.0,2.0,0.5,0.0,0.25,0.0,0.5,0.25,1.0,0.75,0.5,3.0,0.0,0.75,,1.125,3.0,0.0,4.0,0.5,4.0,0.0,0.5,0.25,2.0,,1.0,0.0,0.75,1.0,0.25,0.0,0.0,0.5,2.0,0,0.0,1.0,0.0,0.0,1,0.0,0,0.8,12.0,1.0,0.875,0.0,0.0,0.0,0.0,2.0,3.0,0.0,0.0,0.0,0.0,1.0,0.0,4.0,1.0,0.0,0.0,0.0,1.0,1.0,1.0,1.0,1.0,1.0,0.0,0.75,1.0,1.0,0.0,1.0,158.0,245.0,0.364,0.032,F,0.613,0.645,1.0,0.0,2.0,,,2.0,1.0,1.0,1.0,0.0,1.0,0.0,MIA,1.0,1.0,1.0,0.0,2.0,0.0,0.0,0.0,0.0,,0.0,2.0,0.0,0.0,0.0,1.2,5.0,4.0,5,0.8,4,2020,20200810,False,21901295,Jae Crowder,1610612748.0,MIA,F,29.0,1.0,1.0,1.0,2.0,8.0,0.25,0.445,-0.195,Jae Crowder,1610612748.0,MIA,F,29.0,1.0,1.0,0.625,0.0,5.0,0.0,0.367,-0.367,Jae Crowder,1610612748.0,MIA,F,29.0,1.0,1.0,0.375,2.0,3.0,0.667,0.486,0.181,Jae Crowder,1610612748.0,MIA,F,29.0,1.0,1.0,0.25,2.0,2.0,1.0,0.644,0.356,Jae Crowder,1610612748.0,MIA,F,29.0,1.0,1.0,0.25,2.0,2.0,1.0,0.556,0.444,Jae Crowder,1610612748.0,MIA,F,29.0,1.0,1.0,0.75,0.0,6.0,0.0,0.367,-0.367,Jae Crowder,1610612748.0,MIA,29.0,1.0,28.6,5.0,3.0,2.0,2.0,0.0,2.0,4.0,0.0,1.0,1.0,0.0,1.0,0.0,2.0,2.0,1.0,0.0,0.0,1.0,1.0,0.0,Jae Crowder,1610612748,MIA,1,1,0,28.6,42.0,2.0,0.0,1.0,0.0,0.0,0.0,0.0,0.0,0.0,1.0,0.5,1.0,0.5,0.0,0.0,0.0,0.0,Jae Crowder,1610612748,MIA,1,1,0,28.6,28.6,10965.0,2.08,1.1,0.97,4.2,4.44,3.96,2019_20
202710,Jimmy Butler,Jimmy,1610612748,MIA,30.0,1,1,0,1.0,28.815,5,13,0.385,0,2,0.0,9,11,0.818,3,8,11,5,2,4,1,1,2,8,19,17,52.7,1,0,45.0,1,1,1,1,22,24,13,69,64,63,64,2,3,34,4,1,1,10,22,1,12,75,45,3,12,9,3,1,1,5,,103.28,25,0.159,0.086,61,111.3,13.0,8,50,86.07,106.8,13,12,9,59,0.217,0.263,83.9,8.0,20,61,66,15,18,111.3,0.533,61,16,15,0.27,8.1,83.9,50,24.6,12,41,14,0.385,78,40,20.0,106.51,0.235,27.4,103.28,2.5,82.2,14,0.27,24,5.0,62,16,62,22,27.4,31.0,0.161,0.161,0.0,14.0,5.0,34.0,0.0,9.0,0.182,0.364,4.0,3.0,0.091,1.0,4.0,2.0,7.0,2.0,0.75,0.5,11.0,4.0,1.0,0.636,0.091,4.9,0.0,4.3,0.358,1.0,2.0,4.0,1.0,4.23,27.0,6.0,53.0,19.0,0.8,11.0,1.0,0.182,0.429,18.0,0.667,0.727,0.611,0.647,1.0,9.0,6.6,0.0,0.0,2.0,1.0,0.429,12.5,8.2,0.0,8.0,7.0,2.0,0.231,0.231,3.0,0.333,0.0,,0.333,0.0,1610612748.0,1.0,3.0,1.0,0.333,1.0,0.0,MIA,0.375,1.0,7.0,0.0,3.0,8.0,0.375,0.077,0.538,0.0,0.429,0.615,3.0,0.0,0.077,0.0,1.0,0.5,1.0,0.5,1.0,1.0,1.0,0.154,2.0,0.077,,,,,,,,,,,,,,2,0.0,2.0,0.333,0.0,6,0.333,4,0.0,0.0,0.0,0.385,4.0,0.333,0.0,0.0,2.0,0.0,0.0,0.0,2.0,0.0,0.0,0.0,1.0,0.6,1.0,0.5,0.0,0.0,0.0,0.0,5.0,0.0,3.0,2.0,0.0,1.0,4.0,0.0,0.0,125.0,202.0,0.301,0.005,F,0.614,0.619,0.6,0.0,0.0,,,1.0,0.5,0.0,2.0,2.0,,0.0,MIA,5.0,0.0,3.0,1.0,1.0,,1.0,0.0,0.0,,0.0,2.0,,0.5,0.0,,0.0,0.0,0,,0,2020,20200810,False,21901295,Jimmy Butler III,1610612748.0,MIA,F,30.0,1.0,1.0,1.0,5.0,9.0,0.556,0.446,0.109,Jimmy Butler III,1610612748.0,MIA,F,30.0,1.0,1.0,0.444,3.0,4.0,0.75,0.329,0.421,Jimmy Butler III,1610612748.0,MIA,F,30.0,1.0,1.0,0.556,2.0,5.0,0.4,0.536,-0.136,Jimmy Butler III,1610612748.0,MIA,F,30.0,1.0,1.0,0.222,2.0,2.0,1.0,0.599,0.401,Jimmy Butler III,1610612748.0,MIA,F,30.0,1.0,1.0,0.444,2.0,4.0,0.5,0.566,-0.066,Jimmy Butler III,1610612748.0,MIA,F,30.0,1.0,1.0,0.556,3.0,5.0,0.6,0.368,0.232,Jimmy Butler III,1610612748.0,MIA,30.0,1.0,28.8,3.0,1.0,2.0,2.0,0.0,0.0,0.0,2.0,2.0,4.0,0.5,0.5,1.0,2.0,3.0,3.0,1.0,0.333,0.667,1.0,0.333,Jimmy Butler III,1610612748,MIA,1,1,0,28.8,53.0,6.0,0.0,3.0,0.0,0.0,0.0,0.0,0.0,0.0,3.0,0.5,1.0,0.167,0.0,0.0,0.0,0.0,Jimmy Butler III,1610612748,MIA,1,1,0,28.82,28.82,11242.0,2.13,1.14,0.99,4.19,4.42,3.97,2019_20
203200,Justin Holiday,Justin,1610612754,IND,31.0,1,0,1,0.0,18.151666666666667,2,8,0.25,1,7,0.143,2,2,1.0,0,2,2,0,0,1,0,0,2,2,7,-5,12.4,0,0,12.0,1,54,54,54,77,71,46,87,38,7,62,27,33,1,56,60,76,85,73,20,37,1,45,34,70,72,82,5,1,81,,105.78,56,0.053,0.0,68,107.7,8.0,88,37,88.15,99.6,46,64,61,84,0.026,0.0,114.6,0.0,63,1,76,64,77,107.7,0.394,68,85,64,0.209,0.0,114.6,37,-13.3,64,20,57,0.313,85,85,0.0,110.8,0.095,-6.9,105.78,0.0,112.9,45,0.201,71,2.0,39,78,1,85,-6.9,14.0,0.0,0.071,0.0,2.0,1.0,13.0,0.0,1.0,0.5,0.5,0.0,2.0,0.0,0.0,1.0,0.0,2.0,1.0,1.0,0.0,2.0,2.0,1.0,1.0,0.5,1.31,0.0,0.5,0.28,0.0,0.0,0.0,0.0,0.44,12.0,0.0,25.0,7.0,1.0,2.0,0.0,0.0,0.0,2.0,0.0,1.0,1.0,1.0,0.0,2.0,7.1,0.0,0.0,0.0,0.0,0.0,0.0,7.1,0.0,2.0,1.0,0.0,,,,,,,,,,,,,,,,,0.0,2.0,0.0,0.0,0.0,2.0,0.0,0.25,0.0,0.0,,0.25,0.0,0.333,0.375,1.0,0.0,0.333,,0.5,1.0,0.0,3.0,0.375,3.0,0.0,0.0,0.375,3.0,1.0,1.0,1.0,0.333,0.0,0.25,1.0,0.125,0.333,2.0,1,0.0,2.0,0.333,0.0,3,0.333,2,0.2,3.0,0.0,0.313,0.0,0.0,0.0,0.0,0.0,0.0,0.0,0.0,0.0,0.0,3.0,0.0,3.0,0.0,1.0,1.0,0.0,0.333,0.25,0.0,0.0,1.0,0.0,1.0,0.0,4.0,1.0,0.0,1.0,176.0,301.0,0.415,-0.024,F-G,0.609,0.585,0.0,0.0,0.0,,,1.0,0.333,0.0,0.0,0.0,0.0,0.0,IND,0.0,1.0,0.0,0.0,2.0,0.0,0.0,0.0,0.0,,0.0,6.0,0.0,0.0,0.0,0.3,5.0,1.0,5,0.2,1,2020,20200810,False,21901295,Justin Holiday,1610612754.0,IND,F-G,31.0,1.0,1.0,1.0,7.0,15.0,0.467,0.473,-0.006,Justin Holiday,1610612754.0,IND,F-G,31.0,1.0,1.0,0.133,1.0,2.0,0.5,0.383,0.118,Justin Holiday,1610612754.0,IND,F-G,31.0,1.0,1.0,0.867,6.0,13.0,0.462,0.558,-0.097,Justin Holiday,1610612754.0,IND,F-G,31.0,1.0,1.0,0.667,5.0,10.0,0.5,0.658,-0.158,Justin Holiday,1610612754.0,IND,F-G,31.0,1.0,1.0,0.8,5.0,12.0,0.417,0.61,-0.194,Justin Holiday,1610612754.0,IND,F-G,31.0,1.0,1.0,0.2,2.0,3.0,0.667,0.394,0.273,Justin Holiday,1610612754.0,IND,31.0,1.0,18.2,3.0,2.0,1.0,4.0,0.0,0.0,0.0,0.0,0.0,0.0,0.0,0.0,0.0,1.0,1.0,1.0,1.0,0.0,1.0,1.0,1.0,Justin Holiday,1610612754,IND,1,0,1,18.2,25.0,0.0,0.0,0.0,0.0,0.0,0.0,0.0,0.0,0.0,0.0,0.0,0.0,0.0,0.0,0.0,0.0,0.0,Justin Holiday,1610612754,IND,1,0,1,18.15,18.15,7302.0,1.38,0.82,0.56,4.36,4.84,3.85,2019_20
203482,Kelly Olynyk,Kelly,1610612748,MIA,29.0,1,1,0,1.0,29.116666666666667,3,11,0.273,0,5,0.0,2,3,0.667,1,6,7,3,0,1,0,1,4,4,8,0,23.9,0,0,20.0,1,1,1,1,18,57,22,86,64,22,64,27,29,46,36,8,11,30,73,20,37,75,97,11,62,53,36,5,1,51,,102.21,53,0.106,0.028,71,106.5,11.0,83,60,85.17,99.7,22,47,37,90,0.045,0.115,106.5,0.0,63,1,75,53,53,106.5,0.325,71,41,53,0.167,0.0,106.5,60,-1.8,47,31,76,0.273,90,40,20.0,108.18,0.2,0.0,102.21,0.0,101.5,74,0.171,57,3.0,62,28,1,57,0.0,41.0,0.073,0.073,0.0,6.0,3.0,31.0,0.0,3.0,0.0,0.0,1.0,0.0,0.0,0.0,0.0,0.0,0.0,0.0,0.0,0.0,1.0,0.0,0.0,0.0,0.0,1.59,1.0,1.4,0.154,3.0,0.0,2.0,2.0,0.42,31.0,2.0,52.0,8.0,0.75,9.0,0.0,0.143,0.25,12.0,1.0,0.667,0.583,0.636,1.0,6.0,5.1,0.0,0.0,1.0,1.0,0.25,3.0,4.8,0.0,6.0,4.0,1.0,,,,,,,,,,,,,,,,,0.429,1.0,6.0,0.0,3.0,7.0,0.429,0.091,0.545,0.0,0.5,0.636,3.0,0.0,0.182,0.0,0.0,0.0,,0.0,0.0,0.0,2.0,0.182,2.0,0.0,0.0,0.182,2.0,,0.0,0.0,0.0,0.0,0.182,0.0,0.0,0.0,2.0,0,0.0,1.0,0.0,0.0,2,0.0,0,0.0,0.0,0.0,0.273,4.0,1.0,2.0,1.0,0.0,0.0,0.0,0.0,1.0,0.0,0.0,0.0,5.0,0.75,0.0,0.0,0.0,0.0,0.0,0.0,4.0,0.0,3.0,0.0,0.0,0.0,1.0,0.0,0.0,132.0,205.0,0.375,0.023,F-C,0.621,0.644,0.6,0.0,0.0,,,3.0,0.0,0.0,0.0,0.0,0.0,0.0,MIA,5.0,0.0,3.0,0.0,0.0,0.0,0.0,0.0,0.0,,0.0,3.0,0.0,0.0,0.0,0.0,4.0,0.0,4,0.0,0,2020,20200810,False,21901295,Kelly Olynyk,1610612748.0,MIA,F-C,29.0,1.0,1.0,1.0,8.0,14.0,0.571,0.464,0.108,Kelly Olynyk,1610612748.0,MIA,F-C,29.0,1.0,1.0,0.357,1.0,5.0,0.2,0.404,-0.204,Kelly Olynyk,1610612748.0,MIA,F-C,29.0,1.0,1.0,0.643,7.0,9.0,0.778,0.522,0.256,Kelly Olynyk,1610612748.0,MIA,F-C,29.0,1.0,1.0,0.357,4.0,5.0,0.8,0.577,0.223,Kelly Olynyk,1610612748.0,MIA,F-C,29.0,1.0,1.0,0.571,6.0,8.0,0.75,0.572,0.178,Kelly Olynyk,1610612748.0,MIA,F-C,29.0,1.0,1.0,0.357,1.0,5.0,0.2,0.398,-0.198,Kelly Olynyk,1610612748.0,MIA,29.0,1.0,29.1,10.0,4.0,6.0,1.0,1.0,3.0,7.0,1.0,0.0,1.0,1.0,0.0,1.0,0.0,1.0,1.0,1.0,1.0,0.0,1.0,1.0,Kelly Olynyk,1610612748,MIA,1,1,0,29.1,52.0,2.0,1.0,1.0,1.0,0.0,0.0,0.0,2.0,1.0,1.0,0.5,0.0,0.0,0.0,0.0,0.0,0.0,Kelly Olynyk,1610612748,MIA,1,1,0,29.12,29.12,11123.0,2.11,1.13,0.98,4.11,4.3,3.9,2019_20
1627763,Malcolm Brogdon,Malcolm,1610612754,IND,27.0,1,0,1,0.0,29.116666666666667,4,12,0.333,0,3,0.0,4,5,0.8,2,6,8,6,2,0,0,3,2,3,12,-12,28.6,0,0,26.0,1,54,54,54,18,41,17,76,64,49,64,11,11,35,12,8,8,9,22,53,37,110,45,19,39,99,24,5,1,29,,102.21,39,0.11,0.057,95,80.6,12.0,35,60,85.17,80.7,17,29,25,79,0.125,0.4,100.0,9.1,11,67,94,84,82,80.6,0.423,95,39,84,0.242,9.0,100.0,60,-16.8,29,58,23,0.333,83,26,27.3,103.5,0.158,-19.4,102.21,3.0,97.5,21,0.249,41,4.0,62,42,68,11,-19.4,55.0,0.109,0.127,0.0,14.0,7.0,50.0,1.0,14.0,0.167,0.167,7.0,3.0,0.083,1.0,2.0,3.0,10.0,2.0,0.75,0.429,12.0,4.0,1.0,0.833,0.083,4.57,0.0,5.4,0.169,0.0,0.0,1.0,2.0,4.28,25.0,0.0,71.0,12.0,0.667,11.0,1.0,0.375,0.5,15.0,0.5,0.545,0.533,0.615,2.0,5.0,6.4,0.0,2.0,1.0,2.0,0.5,13.6,8.2,0.333,4.0,4.0,3.0,0.333,0.333,4.0,0.5,0.0,,0.5,0.0,1610612754.0,2.0,4.0,2.0,0.5,1.0,0.0,IND,0.5,0.0,4.0,,2.0,4.0,0.5,0.0,0.333,0.0,0.5,0.333,2.0,0.0,0.25,0.0,0.0,0.0,0.0,0.0,0.0,1.0,3.0,0.333,4.0,0.083,,,,,,,,,,,,,,0,0.0,3.0,0.0,0.0,6,0.0,0,0.0,0.0,0.0,0.333,2.0,1.0,0.0,0.0,0.0,0.0,0.0,0.0,2.0,0.0,0.0,0.0,3.0,0.6,0.0,0.5,0.0,0.0,0.0,0.0,5.0,0.0,3.0,1.0,0.0,0.0,2.0,0.0,0.0,133.0,237.0,0.374,-0.052,G,0.613,0.561,0.6,0.0,0.0,,,3.0,0.0,0.0,2.0,1.0,,0.0,IND,5.0,0.0,3.0,1.0,0.0,,0.0,0.0,0.0,,0.0,1.0,,1.0,0.0,,0.0,0.0,0,,0,2020,20200810,False,21901295,Malcolm Brogdon,1610612754.0,IND,G,27.0,1.0,1.0,1.0,2.0,8.0,0.25,0.484,-0.234,Malcolm Brogdon,1610612754.0,IND,G,27.0,1.0,1.0,0.25,1.0,2.0,0.5,0.329,0.172,Malcolm Brogdon,1610612754.0,IND,G,27.0,1.0,1.0,0.75,1.0,6.0,0.167,0.522,-0.355,Malcolm Brogdon,1610612754.0,IND,G,27.0,1.0,1.0,0.375,1.0,3.0,0.333,0.634,-0.3,Malcolm Brogdon,1610612754.0,IND,G,27.0,1.0,1.0,0.375,1.0,3.0,0.333,0.579,-0.245,Malcolm Brogdon,1610612754.0,IND,G,27.0,1.0,1.0,0.375,1.0,3.0,0.333,0.307,0.027,Malcolm Brogdon,1610612754.0,IND,27.0,1.0,29.1,5.0,3.0,2.0,1.0,0.0,0.0,0.0,1.0,0.0,1.0,1.0,0.0,1.0,0.0,1.0,1.0,1.0,1.0,0.0,1.0,1.0,Malcolm Brogdon,1610612754,IND,1,0,1,29.1,71.0,0.0,0.0,0.0,0.0,0.0,0.0,0.0,0.0,0.0,0.0,0.0,0.0,0.0,0.0,0.0,0.0,0.0,Malcolm Brogdon,1610612754,IND,1,0,1,29.12,29.12,11324.0,2.14,1.18,0.97,4.16,4.8,3.92,2019_20
1626167,Myles Turner,Myles,1610612754,IND,24.0,1,0,1,0.0,24.19833333333333,3,7,0.429,1,4,0.25,2,4,0.5,0,7,7,2,3,0,2,1,4,2,9,-15,23.4,0,0,23.0,1,54,54,54,46,57,58,58,38,32,51,27,18,49,56,4,11,44,12,53,3,75,97,34,56,100,39,5,1,40,,100.17,56,0.119,0.0,100,76.0,7.0,61,70,83.48,74.4,58,43,28,62,0.08,0.182,103.9,21.4,53,99,103,95,92,76.0,0.514,100,31,95,0.226,21.8,103.9,70,-24.5,43,55,38,0.5,54,58,14.3,103.82,0.226,-27.9,100.17,0.67,98.9,33,0.222,57,3.0,50,19,99,38,-27.9,35.0,0.057,0.057,0.0,5.0,2.0,28.0,0.0,4.0,0.0,0.0,1.0,0.0,0.5,1.0,0.0,1.0,2.0,0.0,0.0,1.0,2.0,0.0,0.0,1.0,0.0,1.28,0.5,1.0,0.191,2.0,1.0,2.0,1.5,0.49,25.0,2.0,47.0,9.0,0.7,11.0,0.0,0.143,0.0,15.0,0.0,0.636,0.467,0.5,1.0,6.0,4.6,0.0,1.0,0.0,1.0,0.0,0.0,4.6,0.143,6.0,4.0,1.0,,,,,,,,,,,,,,,,,0.0,0.0,1.0,,0.0,1.0,0.0,0.0,0.143,0.0,0.0,0.143,0.0,,0.0,0.0,2.0,1.0,1.0,1.0,2.0,2.0,0.0,0.286,2.0,0.286,0.25,0.571,4.0,,1.0,0.0,0.375,1.0,0.571,0.0,0.0,0.25,4.0,0,,0.0,0.0,0.0,1,0.0,0,0.4,5.0,1.0,0.5,3.0,1.0,1.0,0.0,2.0,1.0,0.0,1.0,1.0,0.0,0.0,0.0,3.0,1.0,1.0,0.0,0.0,0.0,0.0,0.0,1.0,0.0,1.0,0.0,0.333,1.0,1.0,1.0,0.0,256.0,450.0,0.485,-0.067,C-F,0.636,0.569,1.0,0.0,0.0,,,2.0,0.5,0.0,0.0,1.0,,0.0,IND,1.0,0.0,1.0,1.0,1.0,,1.0,0.0,0.0,,0.0,2.0,,1.0,0.0,0.5,4.0,1.0,5,0.25,2,2020,20200810,False,21901295,Myles Turner,1610612754.0,IND,C-F,24.0,1.0,1.0,1.0,3.0,17.0,0.176,0.51,-0.334,Myles Turner,1610612754.0,IND,C-F,24.0,1.0,1.0,0.294,0.0,5.0,0.0,0.363,-0.363,Myles Turner,1610612754.0,IND,C-F,24.0,1.0,1.0,0.706,3.0,12.0,0.25,0.555,-0.305,Myles Turner,1610612754.0,IND,C-F,24.0,1.0,1.0,0.412,3.0,7.0,0.429,0.671,-0.242,Myles Turner,1610612754.0,IND,C-F,24.0,1.0,1.0,0.471,3.0,8.0,0.375,0.607,-0.232,Myles Turner,1610612754.0,IND,C-F,24.0,1.0,1.0,0.471,0.0,8.0,0.0,0.339,-0.339,Myles Turner,1610612754.0,IND,24.0,1.0,24.2,9.0,6.0,3.0,1.0,0.0,1.0,2.0,2.0,0.0,2.0,1.0,0.0,0.0,2.0,2.0,0.0,0.0,0.0,1.0,0.0,0.0,Myles Turner,1610612754,IND,1,0,1,24.2,47.0,2.0,0.0,1.0,0.0,1.0,2.0,0.5,1.0,0.5,0.0,0.0,0.0,0.0,0.0,0.0,1.0,0.5,Myles Turner,1610612754,IND,1,0,1,24.2,24.2,9305.0,1.76,0.94,0.82,4.28,4.35,3.75,2019_20
204456,T.J. McConnell,T.J.,1610612754,IND,28.0,1,0,1,0.0,13.433333333333334,3,4,0.75,0,0,0.0,1,2,0.5,0,2,2,2,3,2,0,0,1,3,7,-3,15.4,0,0,15.0,1,54,54,54,96,57,82,8,64,92,64,48,33,49,56,60,76,44,12,6,37,1,24,19,70,66,72,5,1,69,,105.41,56,0.08,0.0,38,120.7,4.0,48,38,87.84,108.4,82,79,69,25,0.11,0.222,126.7,33.3,53,109,62,63,74,120.7,0.717,38,65,63,0.219,30.4,126.7,38,-11.2,79,12,29,0.75,18,36,22.2,114.41,0.143,-6.0,105.41,0.67,119.6,37,0.237,57,3.0,29,52,108,29,-6.0,24.0,0.083,0.125,1.0,6.0,3.0,25.0,0.0,4.0,0.0,0.2,3.0,0.0,0.2,1.0,1.0,2.0,5.0,0.0,0.0,0.667,5.0,0.0,1.0,1.0,0.2,5.21,0.0,2.9,0.212,0.0,0.0,0.0,0.0,5.03,8.0,0.0,33.0,7.0,0.4,6.0,0.0,0.0,0.0,6.0,0.0,0.333,0.333,0.4,1.0,2.0,11.0,0.0,0.0,0.0,1.0,0.0,0.0,11.0,0.0,2.0,1.0,0.0,0.25,0.25,1.0,0.0,0.0,,0.0,0.0,1610612754.0,0.0,1.0,0.0,0.0,1.0,0.0,IND,1.0,0.0,3.0,,3.0,3.0,1.0,0.0,0.75,0.0,1.0,0.75,3.0,,,,,,,,,,,,,,,,,,,,,,,,,,,2,,,1.0,,2,1.0,4,0.0,0.0,0.0,0.75,0.0,0.0,0.0,0.0,0.0,0.0,0.0,1.0,2.0,0.0,0.0,0.0,0.0,0.0,0.0,1.0,0.0,0.0,0.0,0.0,1.0,0.0,0.0,1.0,0.0,0.0,1.0,2.0,0.0,113.0,177.0,0.411,0.036,G,0.602,0.638,0.5,1.0,0.0,,,0.0,0.0,0.0,1.0,1.0,0.0,0.0,IND,2.0,0.0,1.0,1.0,0.0,0.0,0.0,0.0,0.0,,1.0,0.0,0.0,1.0,0.0,,,,0,,0,2020,20200810,False,21901295,T.J. McConnell,1610612754.0,IND,G,28.0,1.0,1.0,1.0,6.0,7.0,0.857,0.474,0.383,,,,,,,,,,,,,,T.J. McConnell,1610612754.0,IND,G,28.0,1.0,1.0,1.0,6.0,7.0,0.857,0.569,0.288,T.J. McConnell,1610612754.0,IND,G,28.0,1.0,1.0,0.857,5.0,6.0,0.833,0.653,0.18,T.J. McConnell,1610612754.0,IND,G,28.0,1.0,1.0,0.857,5.0,6.0,0.833,0.619,0.215,T.J. McConnell,1610612754.0,IND,G,28.0,1.0,1.0,0.143,1.0,1.0,1.0,0.392,0.608,T.J. McConnell,1610612754.0,IND,28.0,1.0,13.4,2.0,1.0,1.0,0.0,0.0,0.0,0.0,0.0,1.0,1.0,0.0,1.0,0.0,0.0,0.0,0.0,0.0,0.0,0.0,0.0,0.0,T.J. McConnell,1610612754,IND,1,0,1,13.4,33.0,0.0,0.0,0.0,0.0,0.0,0.0,0.0,0.0,0.0,0.0,0.0,0.0,0.0,0.0,0.0,0.0,0.0,T.J. McConnell,1610612754,IND,1,0,1,13.43,13.43,5877.0,1.11,0.57,0.54,4.6,5.01,4.19,2019_20
203933,T.J. Warren,T.J.,1610612754,IND,26.0,1,0,1,0.0,28.54833333333333,5,14,0.357,2,6,0.333,0,0,0.0,1,4,5,0,1,0,0,0,4,2,12,-11,17.0,0,0,19.0,1,54,54,54,24,24,11,75,24,12,44,64,69,64,36,29,25,85,35,53,37,1,97,34,39,94,62,5,1,54,,100.04,51,0.072,0.029,93,81.7,14.0,87,71,83.37,79.8,11,36,27,77,0.028,0.0,101.7,6.7,63,45,97,86,83,81.7,0.429,93,71,86,0.234,6.7,101.7,71,-19.0,36,62,32,0.429,70,85,0.0,102.66,0.114,-20.0,100.04,0.0,98.8,26,0.233,24,5.0,60,68,47,85,-20.0,22.0,0.0,0.045,1.0,1.0,1.0,26.0,0.0,2.0,0.0,0.667,1.0,0.0,0.0,0.0,2.0,1.0,2.0,0.0,0.0,1.0,3.0,0.0,0.0,0.667,0.0,2.57,0.0,1.6,0.324,3.0,0.0,2.0,1.0,1.57,26.0,2.0,37.0,12.0,0.571,7.0,0.0,0.2,0.333,9.0,1.0,0.571,0.556,0.556,0.0,4.0,8.5,0.0,0.0,1.0,0.0,0.333,25.0,11.8,0.0,4.0,3.0,1.0,,,,,,,,,,,,,,,,,0.5,0.0,4.0,,2.0,4.0,0.5,0.0,0.286,0.0,0.5,0.286,2.0,0.0,0.143,0.0,1.0,0.2,0.333,0.2,1.0,3.0,2.0,0.357,5.0,0.214,0.5,0.357,5.0,0.0,2.0,1.0,0.6,2.0,0.286,0.0,0.071,0.4,4.0,0,0.0,2.0,0.0,0.0,5,0.0,0,0.4,6.0,0.0,0.429,2.0,0.5,0.0,0.0,0.0,2.0,0.0,0.5,2.0,0.0,1.0,0.0,5.0,0.667,0.0,0.0,0.0,0.0,0.0,0.0,3.0,0.0,2.0,0.0,0.4,1.0,3.0,1.0,0.0,133.0,224.0,0.368,-0.024,F,0.618,0.594,0.75,0.0,2.0,,,5.0,0.0,0.4,0.0,2.0,,0.0,IND,4.0,0.0,3.0,0.0,0.0,,2.0,0.0,0.0,,0.0,1.0,,0.0,0.0,0.6,4.0,2.0,5,0.5,2,2020,20200810,False,21901295,T.J. Warren,1610612754.0,IND,F,26.0,1.0,1.0,1.0,3.0,9.0,0.333,0.463,-0.129,T.J. Warren,1610612754.0,IND,F,26.0,1.0,1.0,0.889,2.0,8.0,0.25,0.414,-0.164,T.J. Warren,1610612754.0,IND,F,26.0,1.0,1.0,0.111,1.0,1.0,1.0,0.677,0.323,T.J. Warren,1610612754.0,IND,F,26.0,1.0,1.0,0.111,1.0,1.0,1.0,0.724,0.276,T.J. Warren,1610612754.0,IND,F,26.0,1.0,1.0,0.111,1.0,1.0,1.0,0.701,0.299,T.J. Warren,1610612754.0,IND,F,26.0,1.0,1.0,0.889,2.0,8.0,0.25,0.41,-0.16,T.J. Warren,1610612754.0,IND,26.0,1.0,28.6,6.0,0.0,6.0,2.0,0.0,0.0,0.0,1.0,1.0,2.0,0.5,0.5,0.0,3.0,3.0,2.0,1.0,0.0,1.0,1.0,0.5,T.J. Warren,1610612754,IND,1,0,1,28.6,37.0,2.0,0.0,1.0,0.0,0.0,0.0,0.0,0.0,0.0,1.0,0.5,0.0,0.0,0.0,0.0,0.0,0.0,T.J. Warren,1610612754,IND,1,0,1,28.55,28.55,10762.0,2.04,1.05,0.99,4.04,4.07,4.01,2019_20
1629639,Tyler Herro,Tyler,1610612748,MIA,20.0,1,1,0,1.0,25.24333333333333,7,11,0.636,3,6,0.5,0,0,0.0,1,4,5,2,1,0,1,0,4,1,17,8,28.0,0,0,29.0,1,1,1,1,39,11,22,17,13,12,21,64,69,64,36,29,25,44,35,53,12,1,97,52,20,27,27,5,1,22,,103.63,50,0.088,0.037,59,113.0,11.0,24,48,86.36,109.6,22,23,19,18,0.152,0.111,96.4,7.1,25,53,59,31,27,113.0,0.773,59,57,31,0.2,7.1,96.4,48,19.2,23,29,60,0.773,17,58,14.3,108.61,0.133,16.6,103.63,2.0,90.4,51,0.198,11,7.0,54,57,54,58,16.6,26.0,0.077,0.115,0.0,4.0,3.0,28.0,1.0,6.0,0.0,0.667,2.0,0.0,0.0,0.0,4.0,2.0,4.0,0.0,0.0,1.0,6.0,0.0,0.0,0.667,0.0,2.6,0.0,1.7,0.436,1.0,0.0,1.0,0.0,2.08,24.0,0.0,39.0,17.0,0.571,8.0,1.0,0.0,0.333,10.0,0.0,0.5,0.5,0.556,1.0,5.0,5.1,0.0,0.0,0.0,1.0,0.333,22.3,8.5,0.0,4.0,3.0,0.0,0.273,0.273,3.0,0.667,0.0,,0.667,0.0,1610612748.0,2.0,3.0,2.0,0.667,1.0,0.0,MIA,,,,,,,,,,,,,,0.0,0.091,0.0,1.0,0.5,1.0,0.5,1.0,1.0,1.0,0.182,2.0,0.091,0.6,0.545,6.0,1.0,4.0,1.0,0.917,3.0,0.455,1.0,0.091,0.667,5.0,1,0.0,2.0,0.333,0.0,3,0.333,2,0.75,9.0,0.0,0.773,0.0,0.0,0.0,0.0,0.0,1.0,1.0,0.0,1.0,0.0,0.0,0.0,4.0,1.0,2.0,1.0,2.0,0.0,1.0,0.0,3.0,0.0,3.0,1.0,0.25,2.0,1.0,0.0,2.0,154.0,221.0,0.419,0.084,G,0.613,0.697,1.0,0.0,0.0,,,1.0,0.6,0.0,1.0,0.0,,0.0,MIA,3.0,0.0,3.0,0.0,3.0,,1.0,1.0,1.0,,0.0,5.0,,0.0,0.0,1.125,4.0,3.0,4,0.75,3,2020,20200810,False,21901295,Tyler Herro,1610612748.0,MIA,G,20.0,1.0,1.0,1.0,2.0,9.0,0.222,0.456,-0.234,Tyler Herro,1610612748.0,MIA,G,20.0,1.0,1.0,0.333,0.0,3.0,0.0,0.33,-0.33,Tyler Herro,1610612748.0,MIA,G,20.0,1.0,1.0,0.667,2.0,6.0,0.333,0.507,-0.174,Tyler Herro,1610612748.0,MIA,G,20.0,1.0,1.0,0.556,2.0,5.0,0.4,0.603,-0.203,Tyler Herro,1610612748.0,MIA,G,20.0,1.0,1.0,0.556,2.0,5.0,0.4,0.573,-0.173,Tyler Herro,1610612748.0,MIA,G,20.0,1.0,1.0,0.333,0.0,3.0,0.0,0.353,-0.353,Tyler Herro,1610612748.0,MIA,20.0,1.0,25.3,3.0,1.0,2.0,1.0,0.0,0.0,0.0,0.0,0.0,0.0,0.0,0.0,0.0,0.0,0.0,0.0,0.0,0.0,0.0,0.0,0.0,Tyler Herro,1610612748,MIA,1,1,0,25.3,39.0,0.0,0.0,0.0,0.0,0.0,0.0,0.0,0.0,0.0,0.0,0.0,0.0,0.0,0.0,0.0,0.0,0.0,Tyler Herro,1610612748,MIA,1,1,0,25.25,25.25,10563.0,2.0,1.04,0.96,4.5,4.61,4.39,2019_20
203506,Victor Oladipo,Victor,1610612754,IND,28.0,1,0,1,0.0,28.3,4,9,0.444,3,5,0.6,3,3,1.0,0,5,5,1,4,1,0,1,0,3,14,-18,20.5,0,0,25.0,1,54,54,54,26,41,39,56,13,22,18,17,29,1,56,17,25,62,5,20,37,75,1,19,26,104,49,5,1,32,,104.31,56,0.074,0.0,91,83.6,9.0,45,43,86.93,80.0,39,56,49,32,0.113,0.071,111.3,26.7,59,103,95,94,94,83.6,0.678,91,69,94,0.219,26.1,111.3,43,-26.8,56,28,42,0.611,40,79,6.7,108.82,0.147,-27.7,104.31,0.25,106.8,37,0.218,41,4.0,61,48,103,73,-27.7,18.0,0.056,0.056,0.0,2.0,1.0,26.0,0.0,2.0,0.0,0.429,2.0,0.0,0.286,2.0,3.0,1.0,2.0,0.0,0.0,0.5,7.0,0.0,0.0,0.286,0.0,4.54,0.0,2.6,0.4,0.0,0.0,1.0,0.0,4.11,15.0,0.0,35.0,14.0,0.714,7.0,0.0,0.2,0.0,7.0,0.0,0.714,0.714,0.714,0.0,4.0,6.3,0.0,1.0,0.0,0.0,0.0,0.0,6.3,0.2,4.0,0.0,1.0,0.111,0.0,0.0,1.0,1.0,1.0,,1.0,1610612754.0,0.0,1.0,1.0,1.5,1.0,0.111,IND,0.333,0.0,3.0,,1.0,3.0,0.333,0.0,0.333,0.0,0.333,0.333,1.0,0.5,0.222,1.0,0.0,0.333,0.0,0.5,1.0,1.0,2.0,0.333,3.0,0.111,0.5,0.222,2.0,,1.0,0.0,0.75,1.0,0.222,0.0,0.0,0.5,2.0,3,0.6,5.0,0.75,3.0,6,0.5,9,0.0,0.0,0.0,0.611,0.0,0.0,0.0,0.0,0.0,3.0,0.0,0.0,0.0,0.0,0.0,0.0,5.0,0.333,0.0,0.0,0.0,0.0,0.0,0.0,3.0,0.0,1.0,0.0,0.6,0.0,1.0,0.0,0.0,38.0,64.0,0.337,-0.034,G,0.627,0.594,0.333,0.0,2.0,,,4.0,0.5,0.5,0.0,0.0,,0.0,IND,3.0,0.0,1.0,0.0,1.0,,0.0,0.0,0.0,,0.0,2.0,,0.0,0.0,,0.0,0.0,0,,0,2020,20200810,False,21901295,Victor Oladipo,1610612754.0,IND,G,28.0,1.0,1.0,1.0,9.0,11.0,0.818,0.467,0.351,Victor Oladipo,1610612754.0,IND,G,28.0,1.0,1.0,0.364,3.0,4.0,0.75,0.412,0.339,Victor Oladipo,1610612754.0,IND,G,28.0,1.0,1.0,0.636,6.0,7.0,0.857,0.551,0.306,Victor Oladipo,1610612754.0,IND,G,28.0,1.0,1.0,0.455,4.0,5.0,0.8,0.665,0.135,Victor Oladipo,1610612754.0,IND,G,28.0,1.0,1.0,0.545,5.0,6.0,0.833,0.618,0.215,Victor Oladipo,1610612754.0,IND,G,28.0,1.0,1.0,0.364,3.0,4.0,0.75,0.409,0.341,Victor Oladipo,1610612754.0,IND,28.0,1.0,28.3,6.0,2.0,4.0,1.0,0.0,0.0,0.0,0.0,0.0,0.0,0.0,0.0,0.0,0.0,0.0,0.0,0.0,0.0,0.0,0.0,0.0,Victor Oladipo,1610612754,IND,1,0,1,28.3,35.0,0.0,0.0,0.0,0.0,0.0,0.0,0.0,0.0,0.0,0.0,0.0,0.0,0.0,0.0,0.0,0.0,0.0,Victor Oladipo,1610612754,IND,1,0,1,28.3,28.3,11192.0,2.12,1.1,1.02,4.26,4.43,4.06,2019_20
