Minutes,OffPoss,DefPoss,PenaltyOffPoss,PenaltyDefPoss,SecondChanceOffPoss,TotalPoss,AtRimFGM,AtRimFGA,SecondChanceAtRimFGM,SecondChanceAtRimFGA,PenaltyAtRimFGM,PenaltyAtRimFGA,ShortMidRangeFGM,ShortMidRangeFGA,LongMidRangeFGM,LongMidRangeFGA,Corner3FGA,PenaltyCorner3FGA,Arc3FGM,Arc3FGA,SecondChanceArc3FGM,SecondChanceArc3FGA,PenaltyArc3FGM,PenaltyArc3FGA,FG2M,FG2A,FG3M,FG3A,FtPoints,Points,SecondChanceFG2M,SecondChanceFG2A,SecondChanceFG3M,SecondChanceFG3A,SecondChanceFtPoints,SecondChancePoints,PenaltyFG2M,PenaltyFG2A,PenaltyFG3M,PenaltyFG3A,PenaltyFtPoints,PenaltyPoints,PtsAssisted2s,PtsUnassisted2s,PtsAssisted3s,PtsPutbacks,HeaveAttempts,NonHeaveArc3FGA,NonHeaveArc3FGM,Fg2aBlocked,TwoPtAssists,ThreePtAssists,Assists,Arc3Assists,AtRimAssists,ShortMidRangeAssists,LongMidRangeAssists,AssistPoints,OffTwoPtRebounds,DefThreePtRebounds,DefTwoPtRebounds,FTDefRebounds,DefRebounds,OffRebounds,Rebounds,SelfOReb,Steals,BadPassSteals,LostBallSteals,LiveBallTurnovers,BadPassOutOfBoundsTurnovers,BadPassTurnovers,DeadBallTurnovers,LostBallTurnovers,StepOutOfBoundsTurnovers,Travels,Turnovers,SecondChanceTurnovers,PenaltyTurnovers,ShootingFouls,Fouls,Loose Ball Fouls,Offensive Fouls,FoulsDrawn,Offensive Fouls Drawn,FTA,2pt And 1 Free Throw Trips,Technical Free Throw Trips,TwoPtShootingFoulsDrawn,NonShootingFoulsDrawn,Blocked2s,BlockedAtRim,BlockedLongMidRange,Blocks,RecoveredBlocks,OffensiveGoaltends,Defensive 3 Seconds Violations,FirstChancePoints,PenaltyPointsExcludingTakeFouls,PenaltyOffPossExcludingTakeFouls,NonShootingPenaltyNonTakeFouls,NonShootingPenaltyNonTakeFoulsDrawn,Assisted2sPct,NonPutbacksAssisted2sPct,Assisted3sPct,Fg3Pct,SecondChanceFg3Pct,PenaltyFg3Pct,NonHeaveFg3Pct,Fg2Pct,SecondChanceFg2Pct,PenaltyFg2Pct,EfgPct,SecondChanceEfgPct,PenaltyEfgPct,TsPct,SecondChanceTsPct,PenaltyTsPct,FG3APct,FG2APctBlocked,AtRimPctBlocked,ShortMidRangePctBlocked,LiveBallTurnoverPct,DefFTReboundPct,DefTwoPtReboundPct,OffTwoPtReboundPct,DefThreePtReboundPct,DefFGReboundPct,OffFGReboundPct,OffAtRimReboundPct,OffShortMidRangeReboundPct,OffLongMidRangeReboundPct,DefAtRimReboundPct,DefShortMidRangeReboundPct,DefLongMidRangeReboundPct,DefArc3ReboundPct,DefCorner3ReboundPct,SelfORebPct,Pace,BlocksRecoveredPct,SecondsPerPossOff,SecondsPerPossDef,SecondsExcludingORebsPerPossOff,SecondsExcludingORebsPerPossDef,AtRimFrequency,AtRimAccuracy,UnblockedAtRimAccuracy,AtRimPctAssisted,ShortMidRangeFrequency,ShortMidRangeAccuracy,UnblockedShortMidRangeAccuracy,ShortMidRangePctAssisted,LongMidRangeFrequency,LongMidRangeAccuracy,UnblockedLongMidRangeAccuracy,LongMidRangePctAssisted,Corner3Frequency,Arc3Frequency,Arc3Accuracy,UnblockedArc3Accuracy,Arc3PctAssisted,SecondChanceAtRimFrequency,SecondChanceAtRimAccuracy,SecondChanceArc3Frequency,SecondChanceArc3Accuracy,SecondChanceArc3PctAssisted,PenaltyAtRimFrequency,PenaltyAtRimAccuracy,PenaltyCorner3Frequency,PenaltyArc3Frequency,PenaltyArc3Accuracy,AtRimFG3AFrequency,NonHeaveArc3Accuracy,ShotQualityAvg,SecondChanceShotQualityAvg,PenaltyShotQualityAvg,ShootingFoulsDrawnPct,TwoPtShootingFoulsDrawnPct,SecondChancePointsPct,PenaltyPointsPct,Avg2ptShotDistance,Avg3ptShotDistance,PenaltyOffPossPct,Date,GameId,Opponent,Corner3FGM,Corner3Assists,OffThreePtRebounds,FTOffRebounds,Loose Ball Fouls Drawn,ThreePtShootingFoulsDrawn,Blocked3s,BlockedArc3,DefensiveGoaltends,OffFTReboundPct,OffThreePtReboundPct,OffArc3ReboundPct,Corner3Accuracy,UnblockedCorner3Accuracy,Corner3PctAssisted,SecondChanceAtRimPctAssisted,ThreePtShootingFoulsDrawnPct,SecondChanceCorner3FGA,LostBallOutOfBoundsTurnovers,3SecondViolations,OffCorner3ReboundPct,SecondChanceCorner3Frequency,PtsUnassisted3s,LongMidRangePctBlocked,PenaltyCorner3FGM,PenaltyCorner3Accuracy,BlockedShortMidRange,Clear Path Fouls,3pt And 1 Free Throw Trips,Fg3aBlocked,FG3APctBlocked,Corner3PctBlocked,Arc3PctBlocked,SecondChanceCorner3FGM,SecondChanceCorner3Accuracy,SecondChanceCorner3PctAssisted,Season,year,SeasonType,BlockedCorner3,HeaveMakes
48:00,105.0,106.0,39.0,42.0,19.0,211.0,20.0,31.0,7.0,10.0,7.0,11.0,10.0,24.0,6.0,24.0,1.0,,5.0,10.0,1.0,2.0,1.0,4.0,36.0,79.0,5.0,11.0,30.0,117.0,9.0,13.0,1.0,2.0,4.0,25.0,13.0,30.0,1.0,4.0,17.0,46.0,42.0,30.0,9.0,8.0,,10.0,5.0,9.0,21.0,3.0,24.0,3.0,13.0,6.0,2.0,51.0,18.0,15.0,23.0,4.0,42.0,22.0,64.0,1.0,9.0,4.0,5.0,8.0,1.0,6.0,11.0,2.0,,2.0,19.0,4.0,6.0,17.0,26.0,1.0,2.0,28.0,2.0,36.0,2.0,,12.0,7.0,7.0,4.0,,7.0,6.0,,,92.0,46.0,39.0,1.0,7.0,0.5833333333333334,0.65625,0.6,0.45454545454545453,0.5,0.25,0.45454545454545453,0.45569620253164556,0.6923076923076923,0.43333333333333335,0.48333333333333334,0.7,0.4264705882352941,0.5467289719626168,0.7352941176470589,0.5348837209302325,0.12222222222222222,0.11392405063291139,0.16129032258064516,0.16666666666666666,0.42105263157894735,0.6666666666666666,0.8214285714285714,0.4186046511627907,0.8823529411764706,0.8444444444444444,0.42857142857142855,0.36363636363636365,0.42857142857142855,0.4444444444444444,0.7777777777777778,1.0,0.7,0.8181818181818182,1.0,0.025,105.5,0.8571428571428571,15.523809523809524,11.79245283018868,14.657142857142857,11.547169811320755,0.34444444444444444,0.6451612903225806,0.7692307692307693,0.65,0.26666666666666666,0.4166666666666667,0.5,0.6,0.26666666666666666,0.25,0.25,0.3333333333333333,0.011111111111111112,0.1111111111111111,0.5,0.5,0.6,0.6666666666666666,0.7,0.13333333333333333,0.5,1.0,0.3235294117647059,0.6363636363636364,,0.11764705882352941,0.25,0.4666666666666667,0.5,0.4684372222222223,0.503525,0.4461117647058823,0.12,0.1348314606741573,0.21367521367521367,0.39316239316239315,8.560759493670885,25.572727272727274,0.37142857142857144,2007-10-30,0020700003,UTA,,,3.0,1.0,3.0,,,,,0.25,0.5,0.6,,,,0.2857142857142857,,,,1.0,,,6.0,,,,3.0,,,,,,,,,,2007-08,2008,Regular Season,,
48:00,103.0,102.0,34.0,24.0,14.0,205.0,15.0,25.0,4.0,8.0,2.0,3.0,6.0,17.0,13.0,25.0,2.0,,5.0,16.0,1.0,4.0,1.0,4.0,34.0,67.0,7.0,18.0,31.0,120.0,4.0,9.0,1.0,4.0,4.0,15.0,9.0,15.0,1.0,4.0,13.0,34.0,42.0,26.0,21.0,6.0,,16.0,5.0,6.0,21.0,7.0,28.0,5.0,11.0,3.0,7.0,63.0,14.0,19.0,17.0,4.0,40.0,17.0,57.0,3.0,5.0,4.0,1.0,7.0,3.0,2.0,11.0,5.0,1.0,3.0,18.0,1.0,8.0,11.0,21.0,1.0,3.0,23.0,1.0,36.0,1.0,,12.0,5.0,6.0,6.0,,6.0,2.0,,,105.0,34.0,34.0,3.0,4.0,0.6176470588235294,0.6774193548387096,1.0,0.3888888888888889,0.25,0.25,0.3888888888888889,0.5074626865671642,0.4444444444444444,0.6,0.5235294117647059,0.4230769230769231,0.5526315789473685,0.5882352941176471,0.46875,0.6296296296296297,0.21176470588235294,0.08955223880597014,0.2,0.058823529411764705,0.3888888888888889,1.0,0.5862068965517241,0.42424242424242425,0.95,0.7346938775510204,0.38636363636363635,0.5,0.2727272727272727,0.5,0.3888888888888889,1.0,0.875,0.9166666666666666,1.0,0.07894736842105263,102.5,0.3333333333333333,15.174757281553399,12.911764705882353,14.689320388349515,12.46078431372549,0.29411764705882354,0.6,0.75,0.7333333333333333,0.2,0.35294117647058826,0.375,0.5,0.29411764705882354,0.52,0.52,0.5384615384615384,0.023529411764705882,0.18823529411764706,0.3125,0.3125,1.0,0.6153846153846154,0.5,0.3076923076923077,0.25,1.0,0.15789473684210525,0.6666666666666666,,0.21052631578947367,0.25,0.5058823529411764,0.3125,0.48355000000000004,0.5569791666666667,0.44617631578947364,0.13402061855670103,0.15384615384615385,0.125,0.2833333333333333,8.976119402985073,25.694444444444443,0.3300970873786408,2007-11-02,0020700027,LAC,2.0,2.0,3.0,,2.0,1.0,,,1.0,,0.2727272727272727,0.2727272727272727,1.0,1.0,1.0,,0.05263157894736842,,,,,,,,,,,,,,,,,,,,2007-08,2008,Regular Season,,
48:00,100.0,98.0,37.0,35.0,9.0,198.0,16.0,28.0,3.0,9.0,9.0,14.0,5.0,9.0,18.0,28.0,3.0,3.0,10.0,13.0,,,5.0,6.0,39.0,65.0,12.0,16.0,19.0,133.0,4.0,11.0,,,,8.0,15.0,25.0,7.0,9.0,7.0,58.0,48.0,30.0,36.0,4.0,1.0,12.0,10.0,3.0,24.0,12.0,36.0,10.0,10.0,2.0,12.0,84.0,12.0,11.0,16.0,4.0,31.0,12.0,43.0,3.0,9.0,4.0,5.0,10.0,,8.0,8.0,2.0,1.0,2.0,18.0,1.0,4.0,12.0,21.0,,1.0,24.0,4.0,28.0,1.0,1.0,12.0,2.0,3.0,2.0,,3.0,3.0,,,125.0,58.0,37.0,1.0,2.0,0.6153846153846154,0.6486486486486487,1.0,0.75,,0.7777777777777778,0.8,0.6,0.36363636363636365,0.6,0.7037037037037037,0.36363636363636365,0.75,0.7021276595744681,0.36363636363636365,0.7435897435897436,0.19753086419753085,0.046153846153846156,0.10714285714285714,,0.5555555555555556,1.0,0.7619047619047619,0.48,0.6470588235294118,0.7105263157894737,0.42857142857142855,0.5,0.5,0.4444444444444444,0.7777777777777778,0.6666666666666666,0.7777777777777778,0.6923076923076923,0.5,0.12,99.0,1.0,15.5,13.571428571428571,15.13,13.061224489795919,0.345679012345679,0.5714285714285714,0.64,0.625,0.1111111111111111,0.5555555555555556,0.5555555555555556,0.4,0.345679012345679,0.6428571428571429,0.6428571428571429,0.6666666666666666,0.037037037037037035,0.16049382716049382,0.7692307692307693,0.7692307692307693,1.0,0.8181818181818182,0.3333333333333333,,,,0.4117647058823529,0.6428571428571429,0.08823529411764706,0.17647058823529413,0.8333333333333334,0.5432098765432098,0.8333333333333334,0.49954875000000004,0.5266272727272727,0.5201984848484849,0.13043478260869565,0.15789473684210525,0.06015037593984962,0.43609022556390975,9.538461538461538,25.33125,0.37,2007-11-03,0020700034,UTA,2.0,2.0,,,1.0,,,,,,,,0.6666666666666666,0.6666666666666666,1.0,0.3333333333333333,,,,,,,,,2.0,0.6666666666666666,1.0,,,,,,,,,,2007-08,2008,Regular Season,,
48:00,102.0,102.0,31.0,33.0,9.0,204.0,17.0,25.0,4.0,8.0,4.0,7.0,1.0,10.0,14.0,28.0,8.0,1.0,5.0,16.0,,,1.0,3.0,32.0,63.0,9.0,24.0,17.0,108.0,4.0,8.0,,,3.0,11.0,6.0,17.0,2.0,4.0,5.0,23.0,42.0,22.0,27.0,8.0,,16.0,5.0,4.0,21.0,9.0,30.0,5.0,9.0,1.0,11.0,69.0,5.0,9.0,29.0,3.0,41.0,9.0,50.0,,7.0,4.0,3.0,4.0,4.0,2.0,10.0,2.0,,4.0,14.0,,7.0,11.0,23.0,4.0,,19.0,,25.0,3.0,2.0,10.0,3.0,4.0,4.0,,4.0,3.0,,,97.0,23.0,31.0,3.0,2.0,0.65625,0.75,1.0,0.375,,0.5,0.375,0.5079365079365079,0.5,0.35294117647058826,0.5229885057471264,0.5,0.42857142857142855,0.5515463917525774,0.6111111111111112,0.46,0.27586206896551724,0.06349206349206349,0.08,0.2,0.2857142857142857,1.0,0.8285714285714286,0.16666666666666666,0.6,0.76,0.20454545454545456,0.125,0.375,0.07142857142857142,0.7857142857142857,0.7272727272727273,1.0,0.6666666666666666,0.3333333333333333,,102.0,0.75,14.745098039215685,13.490196078431373,14.568627450980392,12.872549019607844,0.28735632183908044,0.68,0.7391304347826086,0.5294117647058824,0.11494252873563218,0.1,0.125,1.0,0.3218390804597701,0.5,0.5,0.7857142857142857,0.09195402298850575,0.1839080459770115,0.3125,0.3125,1.0,1.0,0.5,,,,0.3333333333333333,0.5714285714285714,0.047619047619047616,0.14285714285714285,0.3333333333333333,0.5632183908045977,0.3125,0.4889609195402299,0.57066,0.4682,0.10638297872340426,0.14285714285714285,0.10185185185185185,0.21296296296296297,10.333333333333334,25.037499999999998,0.30392156862745096,2007-11-06,0020700053,CLE,4.0,4.0,4.0,,,,,,2.0,,0.2857142857142857,0.4,0.5,0.5,1.0,,,,,,,,,,1.0,1.0,,,,,,,,,,,2007-08,2008,Regular Season,,
48:00,99.0,98.0,36.0,43.0,11.0,197.0,15.0,25.0,4.0,6.0,4.0,8.0,6.0,11.0,11.0,24.0,8.0,4.0,6.0,16.0,,,1.0,8.0,32.0,60.0,10.0,24.0,26.0,120.0,6.0,9.0,,,3.0,15.0,12.0,21.0,3.0,12.0,13.0,46.0,32.0,32.0,27.0,4.0,1.0,15.0,6.0,5.0,16.0,9.0,25.0,5.0,8.0,1.0,7.0,59.0,7.0,10.0,23.0,7.0,40.0,12.0,52.0,,1.0,,1.0,4.0,1.0,3.0,9.0,1.0,,1.0,13.0,1.0,4.0,10.0,29.0,3.0,4.0,23.0,,30.0,,2.0,9.0,5.0,5.0,3.0,,5.0,4.0,,,105.0,46.0,36.0,6.0,4.0,0.5,0.5333333333333333,0.9,0.4166666666666667,,0.25,0.43478260869565216,0.5333333333333333,0.6666666666666666,0.5714285714285714,0.5595238095238095,0.6666666666666666,0.5,0.6071428571428571,0.6818181818181818,0.5625,0.2857142857142857,0.08333333333333333,0.2,,0.3076923076923077,0.875,0.7419354838709677,0.25,0.8333333333333334,0.7674418604651163,0.2926829268292683,0.4,0.6,,0.7692307692307693,0.75,0.6666666666666666,0.8,1.0,,98.5,0.8,15.646464646464647,13.581632653061224,15.353535353535353,13.204081632653061,0.2976190476190476,0.6,0.75,0.5333333333333333,0.13095238095238096,0.5454545454545454,0.5454545454545454,0.16666666666666666,0.2857142857142857,0.4583333333333333,0.4583333333333333,0.6363636363636364,0.09523809523809523,0.19047619047619047,0.375,0.375,0.8333333333333334,0.6666666666666666,0.6666666666666666,,,,0.24242424242424243,0.5,0.12121212121212122,0.24242424242424243,0.125,0.5833333333333334,0.4,0.4769385542168675,0.5031,0.479559375,0.0967741935483871,0.13043478260869565,0.125,0.38333333333333336,9.203333333333335,26.004166666666666,0.36363636363636365,2007-11-08,0020700065,DAL,4.0,4.0,5.0,,1.0,,,,,,0.38461538461538464,0.4444444444444444,0.5,0.5,1.0,0.25,,,,1.0,0.25,,3.0,,2.0,0.5,2.0,,,,,,,,,,2007-08,2008,Regular Season,,
48:00,96.0,95.0,29.0,6.0,14.0,191.0,17.0,24.0,3.0,6.0,3.0,5.0,13.0,25.0,8.0,21.0,6.0,2.0,5.0,7.0,,,3.0,3.0,38.0,70.0,6.0,13.0,17.0,111.0,7.0,10.0,,1.0,1.0,15.0,11.0,19.0,3.0,5.0,9.0,40.0,48.0,28.0,18.0,6.0,,7.0,5.0,4.0,24.0,6.0,30.0,5.0,8.0,9.0,7.0,66.0,13.0,15.0,21.0,3.0,39.0,15.0,54.0,2.0,4.0,3.0,1.0,6.0,1.0,4.0,10.0,2.0,,,16.0,3.0,3.0,11.0,17.0,1.0,5.0,20.0,1.0,25.0,,1.0,8.0,4.0,5.0,4.0,1.0,5.0,4.0,,,96.0,40.0,29.0,,4.0,0.631578947368421,0.6857142857142857,1.0,0.46153846153846156,,0.6,0.46153846153846156,0.5428571428571428,0.7,0.5789473684210527,0.5662650602409639,0.6363636363636364,0.6458333333333334,0.5789473684210527,0.625,0.6666666666666666,0.1566265060240964,0.05714285714285714,0.125,0.04,0.375,0.75,0.6,0.41935483870967744,0.75,0.6545454545454545,0.39473684210526316,0.42857142857142855,0.5,0.3333333333333333,0.47368421052631576,0.5,0.9,0.7647058823529411,0.6666666666666666,0.058823529411764705,95.5,0.8,15.822916666666666,14.326315789473684,15.09375,13.8,0.2891566265060241,0.7083333333333334,0.8095238095238095,0.47058823529411764,0.30120481927710846,0.52,0.5416666666666666,0.6923076923076923,0.25301204819277107,0.38095238095238093,0.38095238095238093,0.875,0.07228915662650602,0.08433734939759036,0.7142857142857143,0.7142857142857143,1.0,0.5454545454545454,0.5,,,,0.20833333333333334,0.6,0.08333333333333333,0.125,1.0,0.4457831325301205,0.7142857142857143,0.4685198795180723,0.48551,0.44965000000000005,0.08791208791208792,0.10256410256410256,0.13513513513513514,0.36036036036036034,9.425714285714285,24.799999999999997,0.3020833333333333,2007-11-14,0020700116,DET,1.0,1.0,2.0,,7.0,,,,1.0,,0.2857142857142857,,0.16666666666666666,0.16666666666666666,1.0,,,1.0,,1.0,0.4,0.09090909090909091,,,,,,,,,,,,,,,2007-08,2008,Regular Season,,
48:00,97.0,97.0,42.0,37.0,13.0,194.0,5.0,14.0,1.0,5.0,,6.0,6.0,18.0,12.0,24.0,5.0,1.0,11.0,24.0,1.0,1.0,5.0,10.0,23.0,56.0,12.0,29.0,23.0,105.0,3.0,9.0,1.0,1.0,2.0,11.0,6.0,23.0,5.0,11.0,14.0,41.0,32.0,14.0,36.0,2.0,,24.0,11.0,7.0,16.0,12.0,28.0,11.0,2.0,5.0,9.0,68.0,6.0,9.0,23.0,2.0,34.0,13.0,47.0,1.0,3.0,1.0,2.0,7.0,1.0,3.0,6.0,4.0,,,13.0,2.0,7.0,17.0,24.0,,1.0,24.0,1.0,30.0,3.0,,12.0,4.0,5.0,3.0,,5.0,4.0,,,94.0,41.0,42.0,2.0,4.0,0.6956521739130435,0.7272727272727273,1.0,0.41379310344827586,1.0,0.45454545454545453,0.41379310344827586,0.4107142857142857,0.3333333333333333,0.2608695652173913,0.4823529411764706,0.45,0.39705882352941174,0.5357142857142857,0.5,0.5,0.3411764705882353,0.125,0.14285714285714285,0.16666666666666666,0.5384615384615384,0.4,0.696969696969697,0.1875,0.8181818181818182,0.7272727272727273,0.2708333333333333,0.1111111111111111,0.25,0.18181818181818182,0.5,0.7142857142857143,0.9166666666666666,0.8333333333333334,0.8,0.025,97.0,0.8,16.216494845360824,13.474226804123711,15.505154639175258,12.587628865979381,0.16470588235294117,0.35714285714285715,0.4166666666666667,0.4,0.21176470588235294,0.3333333333333333,0.4,0.8333333333333334,0.2823529411764706,0.5,0.5454545454545454,0.75,0.058823529411764705,0.2823529411764706,0.4583333333333333,0.4782608695652174,1.0,0.5,0.2,0.1,1.0,1.0,0.17647058823529413,,0.029411764705882353,0.29411764705882354,0.5,0.5058823529411764,0.4583333333333333,0.4689994117647059,0.39086,0.4446279411764706,0.13829787234042554,0.18461538461538463,0.10476190476190476,0.3904761904761905,11.323214285714286,25.658620689655173,0.4329896907216495,2007-11-16,0020700130,LAC,1.0,1.0,7.0,,2.0,1.0,,,2.0,,0.4375,0.4166666666666667,0.2,0.25,1.0,,0.034482758620689655,,,1.0,0.5,,,0.08333333333333333,,,2.0,,1.0,2.0,0.06896551724137931,0.2,0.041666666666666664,,,,2007-08,2008,Regular Season,,
48:00,98.0,99.0,29.0,36.0,13.0,197.0,14.0,23.0,1.0,3.0,3.0,8.0,7.0,16.0,15.0,31.0,14.0,7.0,1.0,8.0,,1.0,,4.0,36.0,70.0,4.0,22.0,16.0,100.0,3.0,9.0,,4.0,4.0,10.0,9.0,22.0,2.0,11.0,2.0,26.0,28.0,44.0,12.0,,,8.0,1.0,3.0,14.0,4.0,18.0,1.0,5.0,2.0,7.0,40.0,8.0,14.0,14.0,5.0,33.0,17.0,50.0,4.0,7.0,4.0,3.0,5.0,,2.0,8.0,3.0,,1.0,13.0,1.0,4.0,9.0,28.0,2.0,3.0,22.0,5.0,21.0,1.0,,8.0,3.0,8.0,7.0,,8.0,4.0,,1.0,90.0,26.0,29.0,5.0,3.0,0.3888888888888889,0.3888888888888889,1.0,0.18181818181818182,,0.18181818181818182,0.18181818181818182,0.5142857142857142,0.3333333333333333,0.4090909090909091,0.45652173913043476,0.23076923076923078,0.36363636363636365,0.49019607843137253,0.3125,0.3611111111111111,0.2391304347826087,0.04285714285714286,0.08695652173913043,,0.38461538461538464,1.0,0.5833333333333334,0.23529411764705882,0.7368421052631579,0.6511627906976745,0.3269230769230769,0.3333333333333333,0.3333333333333333,0.125,0.5714285714285714,0.6,0.6,0.7692307692307693,0.6666666666666666,0.08163265306122448,98.5,0.5,14.877551020408163,14.363636363636363,13.591836734693878,13.747474747474747,0.25,0.6086956521739131,0.6666666666666666,0.35714285714285715,0.17391304347826086,0.4375,0.4375,0.2857142857142857,0.33695652173913043,0.4838709677419355,0.5,0.4666666666666667,0.15217391304347827,0.08695652173913043,0.125,0.125,1.0,0.23076923076923078,0.3333333333333333,0.07692307692307693,,,0.24242424242424243,0.375,0.21212121212121213,0.12121212121212122,,0.4891304347826087,0.125,0.5038135869565218,0.4528285714285714,0.5075515151515151,0.08080808080808081,0.1038961038961039,0.1,0.26,10.564285714285715,23.69090909090909,0.29591836734693877,2007-11-18,0020700141,TOR,3.0,3.0,9.0,,1.0,,,,,,0.5,0.2857142857142857,0.21428571428571427,0.21428571428571427,1.0,1.0,,3.0,3.0,1.0,0.6363636363636364,0.23076923076923078,,0.03225806451612903,2.0,0.2857142857142857,1.0,,,,,,,,,,2007-08,2008,Regular Season,,
48:00,99.0,100.0,45.0,30.0,14.0,199.0,20.0,38.0,6.0,10.0,8.0,14.0,3.0,9.0,4.0,12.0,7.0,1.0,2.0,13.0,,1.0,2.0,8.0,27.0,59.0,4.0,20.0,16.0,82.0,8.0,13.0,,2.0,3.0,19.0,10.0,23.0,2.0,9.0,9.0,35.0,24.0,30.0,9.0,12.0,,13.0,2.0,7.0,12.0,3.0,15.0,1.0,8.0,1.0,3.0,33.0,16.0,15.0,19.0,6.0,40.0,17.0,57.0,1.0,3.0,3.0,,17.0,1.0,12.0,12.0,5.0,1.0,,29.0,2.0,17.0,9.0,26.0,4.0,5.0,24.0,1.0,23.0,2.0,1.0,10.0,2.0,,,,,,,1.0,63.0,35.0,45.0,5.0,2.0,0.4444444444444444,0.5714285714285714,0.75,0.2,,0.2222222222222222,0.2,0.4576271186440678,0.6153846153846154,0.43478260869565216,0.4177215189873418,0.5333333333333333,0.40625,0.4606741573033708,0.59375,0.47297297297297297,0.25316455696202533,0.11864406779661017,0.13157894736842105,0.2222222222222222,0.5862068965517241,1.0,0.7916666666666666,0.5,0.75,0.7727272727272727,0.37777777777777777,0.5,0.5,0.5,0.6363636363636364,1.0,0.8333333333333334,0.75,0.75,0.02631578947368421,99.5,,15.606060606060606,13.35,14.94949494949495,12.85,0.4810126582278481,0.5263157894736842,0.6060606060606061,0.4,0.11392405063291139,0.3333333333333333,0.42857142857142855,0.3333333333333333,0.1518987341772152,0.3333333333333333,0.3333333333333333,0.75,0.08860759493670886,0.16455696202531644,0.15384615384615385,0.15384615384615385,0.5,0.6666666666666666,0.6,0.06666666666666667,,,0.4375,0.5714285714285714,0.03125,0.25,0.25,0.7341772151898734,0.15384615384615385,0.5262467948717948,0.5514266666666666,0.5048629032258065,0.11494252873563218,0.14925373134328357,0.23170731707317074,0.4268292682926829,4.749152542372881,25.55,0.45454545454545453,2007-11-20,0020700153,NYK,2.0,2.0,1.0,,3.0,,,,1.0,,0.07692307692307693,0.1111111111111111,0.2857142857142857,0.2857142857142857,1.0,,,1.0,1.0,2.0,,0.06666666666666667,3.0,,,,,,,,,,,,,,2007-08,2008,Regular Season,,
48:00,97.0,96.0,38.0,30.0,11.0,193.0,17.0,23.0,4.0,5.0,9.0,11.0,6.0,17.0,8.0,18.0,10.0,6.0,4.0,11.0,1.0,1.0,2.0,3.0,31.0,58.0,7.0,21.0,22.0,105.0,5.0,9.0,2.0,3.0,2.0,18.0,13.0,22.0,3.0,9.0,6.0,41.0,40.0,22.0,18.0,4.0,1.0,10.0,4.0,1.0,20.0,6.0,26.0,3.0,11.0,5.0,4.0,58.0,9.0,12.0,28.0,3.0,43.0,14.0,57.0,2.0,9.0,5.0,4.0,11.0,1.0,7.0,8.0,4.0,,3.0,19.0,1.0,10.0,13.0,18.0,1.0,1.0,22.0,1.0,28.0,2.0,,13.0,2.0,7.0,6.0,,7.0,2.0,,,87.0,41.0,38.0,2.0,1.0,0.6451612903225806,0.6896551724137931,0.8571428571428571,0.3333333333333333,0.6666666666666666,0.3333333333333333,0.35,0.5344827586206896,0.5555555555555556,0.5909090909090909,0.5253164556962026,0.6666666666666666,0.5645161290322581,0.5706521739130435,0.6923076923076923,0.5857142857142857,0.26582278481012656,0.017241379310344827,0.043478260869565216,,0.5789473684210527,1.0,0.7,0.36,0.6666666666666666,0.6896551724137931,0.3684210526315789,0.6666666666666666,0.3,0.2222222222222222,0.3333333333333333,0.9090909090909091,0.8235294117647058,0.6666666666666666,0.6666666666666666,0.05405405405405406,96.5,0.2857142857142857,15.896907216494846,13.9375,14.70103092783505,12.802083333333334,0.2911392405063291,0.7391304347826086,0.7727272727272727,0.6470588235294118,0.21518987341772153,0.35294117647058826,0.35294117647058826,0.8333333333333334,0.22784810126582278,0.4444444444444444,0.4444444444444444,0.5,0.12658227848101267,0.13924050632911392,0.36363636363636365,0.36363636363636365,0.75,0.4166666666666667,0.8,0.08333333333333333,1.0,1.0,0.3548387096774194,0.8181818181818182,0.1935483870967742,0.0967741935483871,0.6666666666666666,0.5569620253164557,0.4,0.49923525641025646,0.5364,0.5383516666666667,0.14444444444444443,0.18840579710144928,0.17142857142857143,0.3904761904761905,8.679310344827586,26.071428571428573,0.3917525773195876,2007-11-21,0020700158,BOS,3.0,3.0,5.0,,1.0,,,,,,0.38461538461538464,0.16666666666666666,0.3,0.3,1.0,0.25,,2.0,,,0.5714285714285714,0.16666666666666666,3.0,,1.0,0.16666666666666666,1.0,,,,,,,1.0,0.5,1.0,2007-08,2008,Regular Season,,
48:00,92.0,91.0,35.0,26.0,17.0,183.0,19.0,31.0,12.0,14.0,7.0,11.0,8.0,16.0,10.0,26.0,5.0,3.0,3.0,6.0,,,1.0,3.0,37.0,73.0,6.0,11.0,23.0,115.0,13.0,17.0,,,4.0,30.0,11.0,23.0,3.0,6.0,13.0,44.0,30.0,44.0,12.0,20.0,,6.0,3.0,1.0,15.0,4.0,19.0,2.0,8.0,4.0,3.0,42.0,16.0,8.0,19.0,5.0,32.0,19.0,51.0,2.0,6.0,2.0,4.0,7.0,1.0,3.0,5.0,4.0,,1.0,12.0,,4.0,9.0,22.0,,2.0,26.0,,34.0,4.0,,13.0,6.0,6.0,5.0,,6.0,5.0,,,85.0,44.0,35.0,2.0,6.0,0.40540540540540543,0.5555555555555556,0.6666666666666666,0.5454545454545454,,0.5,0.5454545454545454,0.5068493150684932,0.7647058823529411,0.4782608695652174,0.5476190476190477,0.7647058823529411,0.5344827586206896,0.5808080808080808,0.7894736842105263,0.5789473684210527,0.13095238095238096,0.0136986301369863,0.03225806451612903,,0.5833333333333334,1.0,0.6551724137931034,0.4444444444444444,0.6666666666666666,0.6585365853658537,0.3902439024390244,0.5833333333333334,0.375,0.375,0.6428571428571429,0.6666666666666666,0.6666666666666666,0.6666666666666666,0.6666666666666666,0.05,91.5,0.8333333333333334,16.152173913043477,15.31868131868132,15.434782608695652,14.56043956043956,0.36904761904761907,0.6129032258064516,0.6333333333333333,0.42105263157894735,0.19047619047619047,0.5,0.5,0.5,0.30952380952380953,0.38461538461538464,0.38461538461538464,0.3,0.05952380952380952,0.07142857142857142,0.5,0.5,0.6666666666666666,0.8235294117647058,0.8571428571428571,,,,0.3793103448275862,0.6363636363636364,0.10344827586206896,0.10344827586206896,0.3333333333333333,0.5,0.5,0.49644940476190474,0.5439882352941177,0.5137689655172414,0.13978494623655913,0.15853658536585366,0.2608695652173913,0.3826086956521739,8.606849315068493,24.38181818181818,0.3804347826086957,2007-11-23,0020700170,WAS,3.0,2.0,,3.0,,,,,,0.375,,,0.6,0.6,0.6666666666666666,0.16666666666666666,,,,1.0,,,6.0,,2.0,0.6666666666666666,1.0,,,,,,,,,,2007-08,2008,Regular Season,,
53:00,101.0,101.0,34.0,38.0,11.0,202.0,16.0,32.0,1.0,6.0,4.0,7.0,6.0,15.0,7.0,23.0,5.0,3.0,3.0,6.0,,,,,29.0,70.0,5.0,11.0,25.0,98.0,1.0,8.0,,,4.0,6.0,9.0,21.0,2.0,3.0,8.0,32.0,36.0,22.0,12.0,2.0,,6.0,3.0,7.0,18.0,4.0,22.0,2.0,10.0,3.0,5.0,48.0,10.0,10.0,23.0,5.0,38.0,13.0,51.0,1.0,10.0,3.0,7.0,8.0,2.0,3.0,9.0,5.0,,1.0,17.0,,8.0,15.0,29.0,3.0,3.0,25.0,1.0,38.0,6.0,,21.0,1.0,8.0,8.0,,8.0,4.0,,,92.0,32.0,34.0,3.0,1.0,0.6206896551724138,0.6428571428571429,0.8,0.45454545454545453,,0.6666666666666666,0.45454545454545453,0.4142857142857143,0.125,0.42857142857142855,0.4506172839506173,0.125,0.5,0.5051546391752577,0.23076923076923078,0.5333333333333333,0.13580246913580246,0.1,0.1875,0.06666666666666667,0.47058823529411764,0.8333333333333334,0.6052631578947368,0.24390243902439024,0.6666666666666666,0.6226415094339622,0.23404255319148937,0.125,0.5555555555555556,0.1875,0.5384615384615384,1.0,0.6666666666666666,0.7777777777777778,0.5,0.025,91.47169811320755,0.5,15.96039603960396,15.524752475247524,15.435643564356436,14.099009900990099,0.3950617283950617,0.5,0.6153846153846154,0.625,0.18518518518518517,0.4,0.42857142857142855,0.5,0.2839506172839506,0.30434782608695654,0.30434782608695654,0.7142857142857143,0.06172839506172839,0.07407407407407407,0.5,0.5,0.6666666666666666,0.75,0.16666666666666666,,,,0.2916666666666667,0.5714285714285714,0.125,,,0.5308641975308642,0.5,0.4993283950617284,0.5381857142857143,0.463775,0.21875,0.24705882352941178,0.061224489795918366,0.32653061224489793,7.838571428571429,24.318181818181817,0.33663366336633666,2007-11-24,0020700184,PHI,2.0,2.0,1.0,2.0,1.0,,,,2.0,0.2857142857142857,0.16666666666666666,,0.4,0.4,1.0,,,,2.0,,0.3333333333333333,,3.0,,2.0,0.6666666666666666,,,,,,,,,,,2007-08,2008,Regular Season,,
48:00,102.0,103.0,30.0,14.0,12.0,205.0,17.0,35.0,5.0,11.0,5.0,11.0,8.0,15.0,10.0,19.0,9.0,2.0,5.0,10.0,,,1.0,2.0,35.0,69.0,8.0,19.0,20.0,114.0,5.0,13.0,,1.0,4.0,14.0,10.0,21.0,2.0,4.0,7.0,33.0,48.0,22.0,21.0,6.0,,10.0,5.0,3.0,24.0,7.0,31.0,4.0,10.0,7.0,7.0,69.0,13.0,13.0,19.0,2.0,34.0,16.0,50.0,1.0,6.0,3.0,3.0,12.0,3.0,7.0,8.0,5.0,,,20.0,1.0,7.0,9.0,20.0,,4.0,21.0,1.0,24.0,4.0,,12.0,2.0,3.0,2.0,,3.0,1.0,,1.0,100.0,33.0,30.0,1.0,1.0,0.6857142857142857,0.75,0.875,0.42105263157894735,,0.5,0.42105263157894735,0.5072463768115942,0.38461538461538464,0.47619047619047616,0.5340909090909091,0.35714285714285715,0.52,0.5816326530612245,0.4666666666666667,0.5689655172413793,0.2159090909090909,0.043478260869565216,0.05714285714285714,0.06666666666666667,0.6,1.0,0.5757575757575758,0.3939393939393939,0.8666666666666667,0.6666666666666666,0.36363636363636365,0.6111111111111112,,0.2222222222222222,0.4,0.7,0.6153846153846154,0.8181818181818182,1.0,0.024390243902439025,102.5,0.3333333333333333,13.911764705882353,14.184466019417476,12.911764705882353,13.077669902912621,0.3977272727272727,0.4857142857142857,0.5151515151515151,0.5882352941176471,0.17045454545454544,0.5333333333333333,0.5714285714285714,0.875,0.2159090909090909,0.5263157894736842,0.5263157894736842,0.7,0.10227272727272728,0.11363636363636363,0.5,0.5,0.8,0.7857142857142857,0.45454545454545453,,,,0.44,0.45454545454545453,0.08,0.08,0.5,0.6136363636363636,0.5,0.49417329545454547,0.5516954545454545,0.467468,0.125,0.15584415584415584,0.12280701754385964,0.2894736842105263,7.505797101449275,24.563157894736843,0.29411764705882354,2007-11-26,0020700203,PHX,3.0,3.0,3.0,,1.0,,,,,,0.2727272727272727,0.2,0.3333333333333333,0.3333333333333333,1.0,0.2,,1.0,,,0.3333333333333333,0.07142857142857142,3.0,,1.0,0.5,1.0,,,,,,,,,,2007-08,2008,Regular Season,,
48:00,99.0,101.0,39.0,17.0,18.0,200.0,9.0,26.0,2.0,6.0,2.0,9.0,8.0,20.0,8.0,23.0,5.0,1.0,3.0,13.0,,3.0,1.0,9.0,25.0,69.0,5.0,18.0,31.0,96.0,5.0,12.0,,3.0,9.0,19.0,7.0,27.0,1.0,10.0,22.0,39.0,16.0,34.0,6.0,6.0,,13.0,3.0,8.0,8.0,2.0,10.0,1.0,3.0,2.0,3.0,22.0,18.0,16.0,19.0,3.0,38.0,22.0,60.0,3.0,8.0,4.0,4.0,12.0,3.0,4.0,8.0,8.0,,,20.0,2.0,5.0,11.0,23.0,2.0,3.0,31.0,3.0,36.0,4.0,2.0,15.0,4.0,5.0,3.0,,5.0,3.0,,1.0,77.0,39.0,39.0,3.0,4.0,0.32,0.36363636363636365,0.4,0.2777777777777778,,0.1,0.2777777777777778,0.36231884057971014,0.4166666666666667,0.25925925925925924,0.3735632183908046,0.3333333333333333,0.22972972972972974,0.46078431372549017,0.475,0.3877551020408163,0.20689655172413793,0.11594202898550725,0.19230769230769232,0.1,0.6,1.0,0.6551724137931034,0.4090909090909091,0.7619047619047619,0.7,0.3684210526315789,0.47058823529411764,0.25,0.4666666666666667,0.6666666666666666,0.5555555555555556,0.75,0.6923076923076923,0.875,0.061224489795918366,100.0,0.6,16.19191919191919,12.643564356435643,14.868686868686869,11.792079207920793,0.2988505747126437,0.34615384615384615,0.42857142857142855,0.3333333333333333,0.22988505747126436,0.4,0.4444444444444444,0.25,0.26436781609195403,0.34782608695652173,0.36363636363636365,0.375,0.05747126436781609,0.14942528735632185,0.23076923076923078,0.23076923076923078,0.3333333333333333,0.4,0.3333333333333333,0.2,,,0.24324324324324326,0.2222222222222222,0.02702702702702703,0.24324324324324326,0.1111111111111111,0.5057471264367817,0.23076923076923078,0.4817580459770115,0.46715769230769233,0.47342162162162166,0.15306122448979592,0.1875,0.19791666666666666,0.40625,9.013043478260869,24.516666666666666,0.3939393939393939,2007-11-28,0020700218,SAC,2.0,1.0,3.0,1.0,1.0,,,,1.0,0.25,0.23076923076923078,0.3,0.4,0.4,0.5,,,,1.0,,,,9.0,0.043478260869565216,,,2.0,,,,,,,,,,2007-08,2008,Regular Season,,
48:00,95.0,95.0,27.0,36.0,11.0,190.0,18.0,29.0,3.0,5.0,5.0,8.0,5.0,17.0,11.0,22.0,3.0,1.0,2.0,12.0,,,,2.0,34.0,68.0,3.0,15.0,17.0,94.0,5.0,8.0,,,3.0,13.0,11.0,21.0,,3.0,7.0,29.0,46.0,22.0,6.0,6.0,1.0,11.0,2.0,3.0,23.0,2.0,25.0,2.0,11.0,3.0,9.0,52.0,10.0,7.0,17.0,6.0,30.0,14.0,44.0,,7.0,3.0,4.0,9.0,1.0,7.0,5.0,2.0,,1.0,14.0,2.0,2.0,12.0,26.0,1.0,3.0,21.0,1.0,30.0,3.0,1.0,12.0,4.0,6.0,2.0,,6.0,3.0,,,81.0,29.0,27.0,4.0,4.0,0.6764705882352942,0.7419354838709677,0.6666666666666666,0.2,,,0.21428571428571427,0.5,0.625,0.5238095238095238,0.463855421686747,0.625,0.4583333333333333,0.484375,0.5416666666666666,0.4827586206896552,0.18072289156626506,0.04411764705882353,0.034482758620689655,0.11764705882352941,0.6428571428571429,0.8571428571428571,0.6296296296296297,0.29411764705882354,0.7777777777777778,0.6666666666666666,0.26666666666666666,0.36363636363636365,0.25,0.2727272727272727,0.4444444444444444,0.5555555555555556,0.8888888888888888,0.7142857142857143,1.0,,95.0,0.5,16.347368421052632,13.968421052631578,15.821052631578947,13.263157894736842,0.3493975903614458,0.6206896551724138,0.6428571428571429,0.6111111111111112,0.20481927710843373,0.29411764705882354,0.3333333333333333,0.6,0.26506024096385544,0.5,0.5,0.8181818181818182,0.03614457831325301,0.14457831325301204,0.16666666666666666,0.16666666666666666,1.0,0.625,0.6,,,,0.3333333333333333,0.625,0.041666666666666664,0.08333333333333333,,0.5301204819277109,0.18181818181818182,0.4733939024390244,0.47945714285714286,0.46471521739130434,0.13043478260869565,0.15584415584415584,0.13829787234042554,0.30851063829787234,8.870588235294118,26.973333333333336,0.28421052631578947,2007-11-29,0020700223,HOU,1.0,,2.0,2.0,,,,,1.0,0.3333333333333333,0.18181818181818182,0.1111111111111111,0.3333333333333333,0.3333333333333333,,,,,,,0.5,,3.0,,,,4.0,,,,,,,,,,2007-08,2008,Regular Season,,
48:00,106.0,107.0,18.0,14.0,11.0,213.0,16.0,32.0,6.0,10.0,3.0,5.0,10.0,21.0,8.0,24.0,3.0,1.0,1.0,7.0,,,,1.0,34.0,77.0,2.0,10.0,22.0,96.0,7.0,11.0,,,2.0,16.0,5.0,8.0,,2.0,9.0,19.0,24.0,44.0,6.0,8.0,,7.0,1.0,7.0,12.0,2.0,14.0,1.0,5.0,3.0,4.0,30.0,9.0,10.0,32.0,3.0,45.0,12.0,57.0,4.0,2.0,2.0,,12.0,,5.0,6.0,7.0,,1.0,18.0,,2.0,7.0,13.0,1.0,2.0,19.0,1.0,29.0,3.0,,13.0,3.0,8.0,6.0,1.0,8.0,6.0,,,80.0,19.0,18.0,1.0,3.0,0.35294117647058826,0.4,1.0,0.2,,,0.2,0.44155844155844154,0.6363636363636364,0.625,0.42528735632183906,0.6363636363636364,0.5,0.48,0.6666666666666666,0.5588235294117647,0.11494252873563218,0.09090909090909091,0.125,0.14285714285714285,0.6666666666666666,1.0,0.7272727272727273,0.21428571428571427,0.7692307692307693,0.7368421052631579,0.22,0.2,0.2727272727272727,0.1875,0.631578947368421,0.8,0.8,0.7777777777777778,0.75,0.09302325581395349,106.5,0.75,13.358490566037736,13.682242990654206,13.075471698113208,12.906542056074766,0.367816091954023,0.5,0.5714285714285714,0.3125,0.2413793103448276,0.47619047619047616,0.5555555555555556,0.3,0.27586206896551724,0.3333333333333333,0.3333333333333333,0.5,0.034482758620689655,0.08045977011494253,0.14285714285714285,0.14285714285714285,1.0,0.9090909090909091,0.6,,,,0.5,0.6,0.1,0.1,,0.4827586206896552,0.14285714285714285,0.4820109195402299,0.531511111111111,0.488265,0.13402061855670103,0.14942528735632185,0.16666666666666666,0.19791666666666666,8.057142857142857,25.4,0.16981132075471697,2007-12-02,0020700248,SEA,1.0,1.0,2.0,1.0,,,,,,0.2,0.25,0.3333333333333333,0.3333333333333333,0.3333333333333333,1.0,,,,1.0,,,,,,,,1.0,,,,,,,,,,2007-08,2008,Regular Season,,
53:00,112.0,112.0,35.0,24.0,14.0,224.0,18.0,29.0,4.0,7.0,,2.0,4.0,19.0,12.0,21.0,9.0,2.0,7.0,16.0,,1.0,5.0,9.0,34.0,69.0,11.0,25.0,22.0,123.0,5.0,11.0,,1.0,3.0,13.0,4.0,17.0,6.0,11.0,9.0,35.0,34.0,34.0,33.0,6.0,,16.0,7.0,3.0,17.0,11.0,28.0,7.0,8.0,2.0,7.0,67.0,10.0,18.0,26.0,2.0,46.0,15.0,61.0,3.0,9.0,5.0,4.0,12.0,2.0,6.0,7.0,6.0,,1.0,19.0,1.0,5.0,17.0,26.0,1.0,2.0,25.0,,32.0,5.0,1.0,14.0,4.0,10.0,5.0,,10.0,5.0,,1.0,110.0,35.0,35.0,1.0,4.0,0.5,0.5483870967741935,1.0,0.44,,0.5454545454545454,0.44,0.4927536231884058,0.45454545454545453,0.23529411764705882,0.5372340425531915,0.4166666666666667,0.4642857142857143,0.5700934579439252,0.4642857142857143,0.5,0.26595744680851063,0.043478260869565216,0.06896551724137931,0.05263157894736842,0.631578947368421,1.0,0.6842105263157895,0.2857142857142857,0.6206896551724138,0.6567164179104478,0.2653061224489796,0.45454545454545453,0.2,0.2222222222222222,0.5333333333333333,0.7,0.8461538461538461,0.68,0.25,0.06521739130434782,101.43396226415095,0.5,14.544642857142858,13.848214285714286,14.026785714285714,12.910714285714286,0.30851063829787234,0.6206896551724138,0.6666666666666666,0.4444444444444444,0.20212765957446807,0.21052631578947367,0.2222222222222222,0.5,0.22340425531914893,0.5714285714285714,0.5714285714285714,0.5833333333333334,0.09574468085106383,0.1702127659574468,0.4375,0.4375,1.0,0.5833333333333334,0.5714285714285714,0.08333333333333333,,,0.07142857142857142,,0.07142857142857142,0.32142857142857145,0.5555555555555556,0.574468085106383,0.4375,0.49300372340425536,0.4931227272727272,0.43614642857142855,0.13592233009708737,0.1794871794871795,0.10569105691056911,0.2845528455284553,8.85072463768116,25.264,0.3125,2007-12-03,0020700255,ORL,4.0,4.0,3.0,2.0,2.0,,,,2.0,0.4,0.21428571428571427,0.2222222222222222,0.4444444444444444,0.4444444444444444,1.0,,,,,2.0,0.2,,,,1.0,0.5,5.0,,,,,,,,,,2007-08,2008,Regular Season,,
48:00,99.0,100.0,21.0,9.0,18.0,199.0,16.0,29.0,7.0,10.0,3.0,6.0,6.0,20.0,10.0,25.0,1.0,,3.0,12.0,,,2.0,4.0,32.0,74.0,3.0,13.0,17.0,90.0,10.0,15.0,,,3.0,23.0,5.0,12.0,2.0,4.0,4.0,20.0,32.0,32.0,9.0,14.0,,12.0,3.0,6.0,16.0,3.0,19.0,3.0,4.0,5.0,7.0,41.0,18.0,5.0,25.0,1.0,31.0,20.0,51.0,,9.0,8.0,1.0,16.0,1.0,10.0,9.0,6.0,,1.0,25.0,3.0,7.0,8.0,16.0,,4.0,21.0,3.0,25.0,5.0,,14.0,1.0,4.0,4.0,,4.0,2.0,,,67.0,20.0,21.0,,1.0,0.5,0.64,1.0,0.23076923076923078,,0.5,0.23076923076923078,0.43243243243243246,0.6666666666666666,0.4166666666666667,0.41954022988505746,0.6666666666666666,0.5,0.4639175257731959,0.6764705882352942,0.5263157894736842,0.14942528735632185,0.08108108108108109,0.13793103448275862,0.1,0.64,1.0,0.7352941176470589,0.43902439024390244,0.7142857142857143,0.7317073170731707,0.40816326530612246,0.46153846153846156,0.5,0.35714285714285715,0.5294117647058824,0.875,1.0,0.8,0.5,,99.5,0.5,15.727272727272727,13.23,14.858585858585858,12.79,0.3333333333333333,0.5517241379310345,0.64,0.25,0.22988505747126436,0.3,0.3333333333333333,0.8333333333333334,0.28735632183908044,0.4,0.4,0.7,0.011494252873563218,0.13793103448275862,0.25,0.25,1.0,0.6666666666666666,0.7,,,,0.375,0.5,,0.25,0.5,0.4827586206896552,0.25,0.45165632183908044,0.4923533333333333,0.3793125,0.14583333333333334,0.1686746987951807,0.25555555555555554,0.2222222222222222,8.93108108108108,26.50769230769231,0.21212121212121213,2007-12-05,0020700271,MIL,,,2.0,,,,,,,,0.25,0.2857142857142857,,,,,,,,,,,,,,,,,,,,,,,,,2007-08,2008,Regular Season,,
48:00,98.0,98.0,28.0,30.0,16.0,196.0,17.0,26.0,7.0,10.0,4.0,8.0,9.0,18.0,9.0,26.0,2.0,2.0,5.0,11.0,1.0,1.0,1.0,4.0,35.0,70.0,6.0,13.0,25.0,113.0,7.0,14.0,1.0,1.0,3.0,20.0,8.0,18.0,2.0,6.0,8.0,30.0,34.0,36.0,12.0,10.0,,11.0,5.0,1.0,17.0,4.0,21.0,3.0,9.0,3.0,5.0,46.0,17.0,12.0,24.0,3.0,39.0,20.0,59.0,5.0,5.0,3.0,2.0,9.0,,4.0,10.0,5.0,,1.0,19.0,3.0,6.0,14.0,24.0,2.0,1.0,21.0,,35.0,2.0,1.0,17.0,1.0,7.0,6.0,1.0,7.0,6.0,,2.0,93.0,30.0,28.0,3.0,1.0,0.4857142857142857,0.5666666666666667,0.6666666666666666,0.46153846153846156,1.0,0.3333333333333333,0.46153846153846156,0.5,0.5,0.4444444444444444,0.5301204819277109,0.5666666666666667,0.4583333333333333,0.5656565656565656,0.5882352941176471,0.5172413793103449,0.1566265060240964,0.014285714285714285,0.038461538461538464,,0.47368421052631576,0.75,0.6857142857142857,0.5,0.631578947368421,0.6666666666666666,0.4878048780487805,0.7777777777777778,0.4444444444444444,0.375,0.6842105263157895,0.6,0.7272727272727273,0.5384615384615384,0.8333333333333334,0.125,98.0,0.8571428571428571,15.755102040816327,13.63265306122449,14.714285714285714,13.071428571428571,0.3132530120481928,0.6538461538461539,0.68,0.5294117647058824,0.21686746987951808,0.5,0.5,0.3333333333333333,0.3132530120481928,0.34615384615384615,0.34615384615384615,0.5555555555555556,0.024096385542168676,0.13253012048192772,0.45454545454545453,0.45454545454545453,0.6,0.6666666666666666,0.7,0.06666666666666667,1.0,1.0,0.3333333333333333,0.5,0.08333333333333333,0.16666666666666666,0.25,0.46987951807228917,0.45454545454545453,0.46633253012048187,0.49045384615384613,0.4751208333333334,0.17346938775510204,0.2,0.17699115044247787,0.26548672566371684,9.385714285714286,25.215384615384615,0.2857142857142857,2007-12-07,0020700285,MIA,1.0,1.0,3.0,,,,,,,,0.42857142857142855,0.3333333333333333,0.5,0.5,1.0,0.14285714285714285,,,,1.0,1.0,,6.0,,1.0,0.5,,,,,,,,,,,2007-08,2008,Regular Season,,
48:00,103.0,103.0,30.0,21.0,9.0,206.0,20.0,32.0,2.0,3.0,3.0,5.0,7.0,14.0,8.0,17.0,8.0,2.0,5.0,10.0,1.0,1.0,1.0,2.0,35.0,63.0,8.0,18.0,29.0,123.0,4.0,5.0,1.0,1.0,3.0,14.0,8.0,14.0,1.0,4.0,15.0,34.0,40.0,30.0,21.0,2.0,,10.0,5.0,5.0,20.0,7.0,27.0,4.0,13.0,3.0,4.0,61.0,6.0,17.0,15.0,1.0,33.0,10.0,43.0,1.0,7.0,3.0,4.0,6.0,3.0,5.0,10.0,1.0,,1.0,16.0,2.0,3.0,9.0,21.0,1.0,4.0,26.0,1.0,38.0,7.0,1.0,17.0,5.0,8.0,8.0,,9.0,5.0,,1.0,109.0,34.0,30.0,2.0,5.0,0.5714285714285714,0.5882352941176471,0.875,0.4444444444444444,1.0,0.25,0.4444444444444444,0.5555555555555556,0.8,0.5714285714285714,0.5802469135802469,0.9166666666666666,0.5277777777777778,0.6354166666666666,0.875,0.6346153846153846,0.2222222222222222,0.07936507936507936,0.15625,,0.375,1.0,0.5769230769230769,0.21428571428571427,0.68,0.6274509803921569,0.23684210526315788,0.5,,,0.5454545454545454,0.5,0.6363636363636364,0.6,1.0,0.030303030303030304,103.0,0.5555555555555556,13.650485436893204,14.310679611650485,13.320388349514563,13.077669902912621,0.3950617283950617,0.625,0.7407407407407407,0.65,0.1728395061728395,0.5,0.5,0.42857142857142855,0.20987654320987653,0.47058823529411764,0.47058823529411764,0.5,0.09876543209876543,0.12345679012345678,0.5,0.5,0.8,0.5,0.6666666666666666,0.16666666666666666,1.0,1.0,0.2777777777777778,0.6,0.1111111111111111,0.1111111111111111,0.5,0.6172839506172839,0.5,0.5230382716049383,0.47137,0.49724999999999997,0.18681318681318682,0.2328767123287671,0.11382113821138211,0.2764227642276423,6.9603174603174605,24.48888888888889,0.2912621359223301,2007-12-09,0020700300,LAL,3.0,3.0,3.0,1.0,1.0,,1.0,,,0.16666666666666666,0.3,,0.375,0.375,1.0,0.5,,,,1.0,0.6,,3.0,,,,,,,,,,,,,,2007-08,2008,Regular Season,1.0,
48:00,92.0,94.0,29.0,31.0,12.0,186.0,10.0,20.0,4.0,9.0,4.0,5.0,7.0,20.0,7.0,20.0,4.0,2.0,5.0,14.0,,,1.0,4.0,24.0,60.0,6.0,18.0,18.0,84.0,5.0,13.0,,,2.0,12.0,9.0,19.0,2.0,6.0,10.0,34.0,24.0,24.0,15.0,6.0,,14.0,5.0,4.0,12.0,5.0,17.0,4.0,5.0,3.0,4.0,39.0,15.0,14.0,20.0,3.0,37.0,18.0,55.0,2.0,3.0,1.0,2.0,14.0,3.0,10.0,7.0,4.0,,3.0,21.0,4.0,4.0,6.0,17.0,1.0,1.0,23.0,1.0,24.0,2.0,,9.0,4.0,5.0,3.0,,5.0,1.0,,,72.0,34.0,29.0,3.0,3.0,0.5,0.5714285714285714,0.8333333333333334,0.3333333333333333,,0.3333333333333333,0.3333333333333333,0.4,0.38461538461538464,0.47368421052631576,0.4230769230769231,0.38461538461538464,0.48,0.47191011235955055,0.42857142857142855,0.5483870967741935,0.23076923076923078,0.06666666666666667,0.15,0.05,0.6666666666666666,1.0,0.5128205128205128,0.4166666666666667,0.7777777777777778,0.5964912280701754,0.3541666666666667,0.4,0.5384615384615384,0.3076923076923077,0.3076923076923077,0.5384615384615384,0.6923076923076923,0.8461538461538461,0.6,0.045454545454545456,93.0,0.2,16.52173913043478,14.46808510638298,15.608695652173912,13.361702127659575,0.2564102564102564,0.5,0.5882352941176471,0.5,0.2564102564102564,0.35,0.3684210526315789,0.42857142857142855,0.2564102564102564,0.35,0.35,0.5714285714285714,0.05128205128205128,0.1794871794871795,0.35714285714285715,0.35714285714285715,0.8,0.6923076923076923,0.4444444444444444,,,,0.2,0.8,0.08,0.16,0.25,0.48717948717948717,0.35714285714285715,0.454225,0.48005000000000003,0.442446,0.10588235294117647,0.13432835820895522,0.14285714285714285,0.40476190476190477,9.335,25.805555555555557,0.31521739130434784,2007-12-11,0020700313,SAS,1.0,1.0,2.0,1.0,,,,,,0.5,0.16666666666666666,,0.25,0.25,1.0,0.25,,,,,0.6666666666666666,,3.0,,1.0,0.5,2.0,,,,,,,,,,2007-08,2008,Regular Season,,
48:00,91.0,90.0,36.0,10.0,15.0,181.0,15.0,25.0,4.0,5.0,2.0,7.0,5.0,14.0,12.0,25.0,9.0,2.0,2.0,9.0,2.0,2.0,1.0,4.0,32.0,64.0,6.0,18.0,23.0,105.0,6.0,8.0,3.0,4.0,3.0,24.0,10.0,19.0,3.0,6.0,11.0,40.0,40.0,24.0,18.0,4.0,,9.0,2.0,4.0,20.0,6.0,26.0,2.0,11.0,1.0,8.0,58.0,12.0,13.0,20.0,1.0,34.0,16.0,50.0,1.0,3.0,,3.0,7.0,1.0,3.0,4.0,4.0,,,11.0,3.0,6.0,6.0,13.0,1.0,3.0,25.0,4.0,30.0,3.0,1.0,11.0,5.0,5.0,5.0,,5.0,3.0,,1.0,81.0,40.0,36.0,,5.0,0.625,0.6666666666666666,1.0,0.3333333333333333,0.75,0.5,0.3333333333333333,0.5,0.75,0.5263157894736842,0.5,0.875,0.58,0.5473684210526316,0.9230769230769231,0.625,0.21951219512195122,0.0625,0.16,,0.6363636363636364,1.0,0.6666666666666666,0.375,0.65,0.66,0.3488372093023256,0.5,0.5555555555555556,0.15384615384615385,0.6,0.6,0.8,0.5882352941176471,1.0,0.02564102564102564,90.5,0.6,18.24175824175824,13.555555555555555,16.681318681318682,12.811111111111112,0.3048780487804878,0.6,0.7142857142857143,0.7333333333333333,0.17073170731707318,0.35714285714285715,0.35714285714285715,0.2,0.3048780487804878,0.48,0.48,0.6666666666666666,0.10975609756097561,0.10975609756097561,0.2222222222222222,0.2222222222222222,1.0,0.4166666666666667,0.8,0.16666666666666666,1.0,1.0,0.28,0.2857142857142857,0.08,0.16,0.25,0.524390243902439,0.2222222222222222,0.4763469512195122,0.5166444444444445,0.447122,0.12222222222222222,0.1527777777777778,0.22857142857142856,0.38095238095238093,9.63125,23.755555555555556,0.3956043956043956,2007-12-12,0020700323,POR,4.0,4.0,3.0,1.0,1.0,,,,,0.25,0.2727272727272727,0.16666666666666666,0.4444444444444444,0.4444444444444444,1.0,0.5,,2.0,,,0.4,0.16666666666666666,,,2.0,1.0,,,,,,,,1.0,0.5,1.0,2007-08,2008,Regular Season,,
48:00,100.0,100.0,46.0,5.0,15.0,200.0,21.0,36.0,6.0,11.0,7.0,10.0,2.0,9.0,7.0,23.0,6.0,2.0,5.0,11.0,,,2.0,5.0,30.0,68.0,6.0,17.0,28.0,106.0,6.0,12.0,,2.0,5.0,17.0,12.0,27.0,3.0,7.0,17.0,50.0,28.0,32.0,18.0,6.0,,11.0,5.0,4.0,14.0,6.0,20.0,5.0,11.0,1.0,2.0,46.0,15.0,8.0,27.0,2.0,37.0,19.0,56.0,2.0,9.0,4.0,5.0,11.0,,6.0,10.0,5.0,,,21.0,3.0,10.0,10.0,17.0,1.0,3.0,28.0,1.0,37.0,4.0,3.0,13.0,6.0,5.0,4.0,1.0,5.0,3.0,,1.0,89.0,50.0,46.0,,5.0,0.4666666666666667,0.5185185185185185,1.0,0.35294117647058826,,0.42857142857142855,0.35294117647058826,0.4411764705882353,0.5,0.4444444444444444,0.4588235294117647,0.42857142857142855,0.4852941176470588,0.52,0.5,0.5714285714285714,0.2,0.058823529411764705,0.08333333333333333,,0.5238095238095238,0.6666666666666666,0.7297297297297297,0.39473684210526316,0.7272727272727273,0.7291666666666666,0.375,0.6666666666666666,0.2857142857142857,0.1875,0.5833333333333334,0.5,0.8947368421052632,0.625,1.0,0.045454545454545456,100.0,0.6,14.75,14.05,14.21,13.08,0.4235294117647059,0.5833333333333334,0.6363636363636364,0.5238095238095238,0.10588235294117647,0.2222222222222222,0.2222222222222222,0.5,0.27058823529411763,0.30434782608695654,0.3181818181818182,0.2857142857142857,0.07058823529411765,0.12941176470588237,0.45454545454545453,0.45454545454545453,1.0,0.7857142857142857,0.5454545454545454,,,,0.29411764705882354,0.7,0.058823529411764705,0.14705882352941177,0.4,0.6235294117647059,0.45454545454545453,0.4896664705882353,0.5678178571428572,0.4572029411764706,0.13829787234042554,0.16883116883116883,0.16037735849056603,0.4716981132075472,8.463235294117647,25.570588235294117,0.46,2007-12-14,0020700338,LAL,1.0,1.0,3.0,1.0,2.0,,,,,0.25,0.3,0.3333333333333333,0.16666666666666666,0.16666666666666666,1.0,0.3333333333333333,,2.0,1.0,1.0,0.25,0.14285714285714285,,0.043478260869565216,1.0,0.5,,,,,,,,,,,2007-08,2008,Regular Season,,
48:00,91.0,91.0,29.0,39.0,12.0,182.0,16.0,23.0,7.0,8.0,4.0,7.0,6.0,13.0,12.0,27.0,4.0,3.0,5.0,14.0,1.0,1.0,3.0,5.0,34.0,63.0,7.0,18.0,20.0,109.0,9.0,10.0,1.0,1.0,1.0,22.0,9.0,16.0,5.0,8.0,13.0,46.0,36.0,32.0,15.0,10.0,,14.0,5.0,2.0,18.0,5.0,23.0,3.0,8.0,3.0,7.0,51.0,11.0,13.0,20.0,3.0,36.0,13.0,49.0,2.0,8.0,5.0,3.0,6.0,2.0,4.0,6.0,2.0,,,12.0,1.0,1.0,9.0,20.0,4.0,1.0,19.0,1.0,24.0,1.0,1.0,7.0,5.0,10.0,10.0,,11.0,7.0,,,87.0,46.0,29.0,3.0,5.0,0.5294117647058824,0.6206896551724138,0.7142857142857143,0.3888888888888889,1.0,0.625,0.3888888888888889,0.5396825396825397,0.9,0.5625,0.5493827160493827,0.9545454545454546,0.6875,0.5869565217391305,0.9166666666666666,0.75,0.2222222222222222,0.031746031746031744,0.043478260869565216,,0.5,0.6,0.6666666666666666,0.3793103448275862,0.8666666666666667,0.7333333333333333,0.325,0.5714285714285714,0.2857142857142857,0.3333333333333333,0.5,0.75,0.8333333333333334,0.8571428571428571,1.0,0.05263157894736842,91.0,0.6363636363636364,16.978021978021978,14.67032967032967,16.505494505494507,13.406593406593407,0.2839506172839506,0.6956521739130435,0.7272727272727273,0.5,0.16049382716049382,0.46153846153846156,0.46153846153846156,0.5,0.3333333333333333,0.4444444444444444,0.46153846153846156,0.5833333333333334,0.04938271604938271,0.1728395061728395,0.35714285714285715,0.35714285714285715,0.6,0.7272727272727273,0.875,0.09090909090909091,1.0,,0.2916666666666667,0.5714285714285714,0.125,0.20833333333333334,0.6,0.5061728395061729,0.35714285714285715,0.4783074074074074,0.52425,0.49711041666666667,0.08045977011494253,0.10144927536231885,0.2018348623853211,0.42201834862385323,9.734920634920634,25.466666666666665,0.31868131868131866,2007-12-16,0020700350,DET,2.0,2.0,2.0,,1.0,,1.0,1.0,,,0.18181818181818182,0.1111111111111111,0.5,0.5,1.0,0.2857142857142857,,,,,0.5,,6.0,0.037037037037037035,2.0,0.6666666666666666,,,,,,,,,,,2007-08,2008,Regular Season,,
48:00,103.0,102.0,36.0,29.0,7.0,205.0,21.0,29.0,1.0,3.0,4.0,5.0,8.0,14.0,6.0,13.0,4.0,1.0,7.0,25.0,,1.0,3.0,14.0,35.0,56.0,9.0,29.0,20.0,117.0,2.0,5.0,,2.0,,4.0,7.0,11.0,3.0,15.0,10.0,33.0,30.0,40.0,24.0,4.0,,25.0,7.0,1.0,15.0,8.0,23.0,6.0,12.0,1.0,2.0,54.0,6.0,10.0,18.0,2.0,30.0,8.0,38.0,1.0,7.0,6.0,1.0,10.0,,7.0,6.0,3.0,,2.0,16.0,1.0,9.0,13.0,27.0,1.0,4.0,28.0,3.0,29.0,6.0,1.0,15.0,2.0,2.0,2.0,,2.0,,,,113.0,33.0,36.0,5.0,2.0,0.42857142857142855,0.45454545454545453,0.8888888888888888,0.3103448275862069,,0.2,0.3103448275862069,0.625,0.4,0.6363636363636364,0.5705882352941176,0.2857142857142857,0.4423076923076923,0.6041666666666666,0.2857142857142857,0.5,0.3411764705882353,0.017857142857142856,0.034482758620689655,,0.625,1.0,0.75,0.2857142857142857,0.5882352941176471,0.6829268292682927,0.2,0.5,0.3333333333333333,,0.6363636363636364,0.3333333333333333,1.0,0.5882352941176471,,0.02564102564102564,102.5,,14.41747572815534,13.676470588235293,13.825242718446601,13.147058823529411,0.3411764705882353,0.7241379310344828,0.75,0.5714285714285714,0.16470588235294117,0.5714285714285714,0.5714285714285714,0.125,0.15294117647058825,0.46153846153846156,0.46153846153846156,0.3333333333333333,0.047058823529411764,0.29411764705882354,0.28,0.28,0.8571428571428571,0.42857142857142855,0.3333333333333333,0.14285714285714285,,,0.19230769230769232,0.8,0.038461538461538464,0.5384615384615384,0.21428571428571427,0.6823529411764706,0.28,0.5071929411764706,0.5659833333333334,0.47494423076923076,0.1595744680851064,0.23076923076923078,0.03418803418803419,0.28205128205128205,6.5625,25.42758620689655,0.34951456310679613,2007-12-17,0020700358,MEM,2.0,2.0,2.0,,,,,,,,0.10526315789473684,0.11764705882352941,0.5,0.5,1.0,,,1.0,,,,0.14285714285714285,3.0,,,,,,,,,,,,,,2007-08,2008,Regular Season,,
48:00,95.0,96.0,17.0,35.0,13.0,191.0,15.0,26.0,2.0,6.0,3.0,6.0,9.0,25.0,8.0,17.0,3.0,,6.0,16.0,,,,3.0,32.0,68.0,7.0,19.0,13.0,98.0,5.0,10.0,,,4.0,14.0,9.0,19.0,,3.0,,18.0,32.0,32.0,18.0,4.0,1.0,15.0,6.0,3.0,16.0,6.0,22.0,5.0,6.0,7.0,3.0,50.0,10.0,9.0,24.0,2.0,35.0,13.0,48.0,3.0,7.0,5.0,2.0,8.0,2.0,5.0,8.0,3.0,,,16.0,1.0,1.0,10.0,22.0,3.0,4.0,16.0,1.0,17.0,3.0,,9.0,1.0,2.0,1.0,,2.0,1.0,,2.0,84.0,18.0,17.0,,,0.5,0.5333333333333333,0.8571428571428571,0.3684210526315789,,,0.3888888888888889,0.47058823529411764,0.5,0.47368421052631576,0.4885057471264368,0.5,0.4090909090909091,0.5212765957446809,0.5833333333333334,0.4090909090909091,0.21839080459770116,0.04411764705882353,0.038461538461538464,0.08,0.5,0.6666666666666666,0.7741935483870968,0.2777777777777778,0.75,0.7674418604651163,0.2826086956521739,0.2727272727272727,0.25,0.3333333333333333,1.0,0.5,0.7857142857142857,0.7272727272727273,1.0,0.06976744186046512,95.5,0.5,15.178947368421053,14.979166666666666,14.578947368421053,14.229166666666666,0.2988505747126437,0.5769230769230769,0.6,0.4,0.28735632183908044,0.36,0.391304347826087,0.7777777777777778,0.19540229885057472,0.47058823529411764,0.47058823529411764,0.375,0.034482758620689655,0.1839080459770115,0.375,0.375,0.8333333333333334,0.6,0.3333333333333333,,,,0.2727272727272727,0.5,,0.13636363636363635,,0.5172413793103449,0.4,0.47760755813953487,0.4762142857142857,0.42083333333333334,0.0967741935483871,0.12162162162162163,0.14285714285714285,0.1836734693877551,7.870588235294118,26.0,0.17894736842105263,2007-12-19,0020700373,MIN,1.0,1.0,3.0,,1.0,,,,,,0.3,0.375,0.3333333333333333,0.3333333333333333,1.0,,,,,,,,3.0,,,,1.0,,,,,,,,,,2007-08,2008,Regular Season,,
48:00,96.0,97.0,44.0,16.0,20.0,193.0,21.0,36.0,6.0,12.0,7.0,13.0,4.0,8.0,4.0,20.0,5.0,2.0,5.0,14.0,2.0,3.0,1.0,6.0,29.0,64.0,6.0,19.0,24.0,100.0,8.0,17.0,2.0,4.0,4.0,26.0,10.0,23.0,2.0,8.0,9.0,35.0,40.0,18.0,18.0,6.0,,14.0,5.0,1.0,20.0,6.0,26.0,5.0,15.0,2.0,3.0,58.0,18.0,14.0,22.0,3.0,39.0,25.0,64.0,8.0,10.0,8.0,2.0,6.0,4.0,5.0,16.0,1.0,,2.0,22.0,2.0,13.0,11.0,26.0,1.0,6.0,27.0,1.0,40.0,4.0,,17.0,5.0,6.0,6.0,,6.0,4.0,,2.0,74.0,35.0,44.0,2.0,4.0,0.6896551724137931,0.7692307692307693,1.0,0.3157894736842105,0.5,0.25,0.3157894736842105,0.453125,0.47058823529411764,0.43478260869565216,0.4578313253012048,0.5238095238095238,0.41935483870967744,0.49504950495049505,0.5652173913043478,0.4268292682926829,0.2289156626506024,0.015625,0.027777777777777776,,0.2727272727272727,1.0,0.6666666666666666,0.5142857142857142,0.7368421052631579,0.6923076923076923,0.5106382978723404,0.8666666666666667,0.75,0.125,0.5909090909090909,0.75,0.8571428571428571,0.7333333333333333,0.75,0.17391304347826086,96.5,0.6666666666666666,15.166666666666666,14.68041237113402,13.958333333333334,13.876288659793815,0.43373493975903615,0.5833333333333334,0.6,0.7142857142857143,0.0963855421686747,0.5,0.5,0.5,0.24096385542168675,0.2,0.2,0.75,0.060240963855421686,0.1686746987951807,0.35714285714285715,0.35714285714285715,1.0,0.5714285714285714,0.5,0.14285714285714285,0.6666666666666666,1.0,0.41935483870967744,0.5384615384615384,0.06451612903225806,0.1935483870967742,0.16666666666666666,0.6626506024096386,0.35714285714285715,0.519875,0.5166125,0.5215316666666666,0.17708333333333334,0.22077922077922077,0.26,0.35,6.8390625,25.33157894736842,0.4583333333333333,2007-12-22,0020700392,NJN,1.0,1.0,6.0,1.0,1.0,,,,1.0,0.16666666666666666,0.5,0.375,0.2,0.2,1.0,0.3333333333333333,,1.0,4.0,,0.75,0.047619047619047616,,,1.0,0.5,,,,,,,,,,,2007-08,2008,Regular Season,,
48:00,93.0,95.0,19.0,22.0,16.0,188.0,19.0,38.0,7.0,14.0,4.0,6.0,7.0,11.0,7.0,22.0,8.0,2.0,1.0,11.0,,1.0,1.0,4.0,33.0,71.0,4.0,19.0,18.0,96.0,8.0,15.0,1.0,3.0,2.0,21.0,5.0,10.0,1.0,6.0,6.0,19.0,34.0,32.0,12.0,12.0,,11.0,1.0,2.0,17.0,4.0,21.0,1.0,10.0,2.0,5.0,46.0,17.0,7.0,19.0,2.0,28.0,20.0,48.0,2.0,10.0,5.0,5.0,7.0,,3.0,5.0,4.0,,1.0,12.0,2.0,2.0,9.0,20.0,,3.0,16.0,1.0,28.0,2.0,2.0,14.0,,5.0,3.0,1.0,5.0,2.0,,,75.0,19.0,19.0,3.0,,0.5151515151515151,0.6296296296296297,1.0,0.21052631578947367,0.3333333333333333,0.16666666666666666,0.21052631578947367,0.4647887323943662,0.5333333333333333,0.5,0.43333333333333335,0.5277777777777778,0.40625,0.46078431372549017,0.5833333333333334,0.47368421052631576,0.2111111111111111,0.028169014084507043,0.05263157894736842,,0.5833333333333334,1.0,0.76,0.4473684210526316,0.875,0.7878787878787878,0.36538461538461536,0.631578947368421,0.5,0.2,0.7142857142857143,0.5,0.8888888888888888,0.8333333333333334,1.0,0.04,94.0,0.4,15.612903225806452,15.031578947368422,14.763440860215054,14.705263157894738,0.4222222222222222,0.5,0.5277777777777778,0.5263157894736842,0.12222222222222222,0.6363636363636364,0.6363636363636364,0.2857142857142857,0.24444444444444444,0.3181818181818182,0.3181818181818182,0.7142857142857143,0.08888888888888889,0.12222222222222222,0.09090909090909091,0.09090909090909091,1.0,0.7777777777777778,0.5,0.05555555555555555,,,0.375,0.6666666666666666,0.125,0.25,0.25,0.6333333333333333,0.09090909090909091,0.5533797752808989,0.61824375,0.5961733333333333,0.13725490196078433,0.1686746987951807,0.21875,0.19791666666666666,7.457746478873239,25.13684210526316,0.20430107526881722,2007-12-23,0020700402,CLE,3.0,3.0,2.0,1.0,,,,,,0.25,0.14285714285714285,0.2222222222222222,0.375,0.375,1.0,0.14285714285714285,,2.0,1.0,,,0.1111111111111111,,,,,1.0,,,,,,,1.0,0.5,1.0,2007-08,2008,Regular Season,,
48:00,102.0,102.0,33.0,13.0,20.0,204.0,14.0,30.0,3.0,7.0,5.0,11.0,7.0,19.0,7.0,18.0,3.0,,7.0,16.0,,2.0,3.0,8.0,28.0,67.0,7.0,19.0,24.0,101.0,5.0,10.0,,2.0,9.0,19.0,11.0,25.0,3.0,8.0,13.0,44.0,26.0,30.0,15.0,6.0,1.0,15.0,7.0,10.0,13.0,5.0,18.0,5.0,7.0,4.0,2.0,41.0,16.0,17.0,17.0,3.0,37.0,22.0,59.0,1.0,10.0,8.0,2.0,11.0,2.0,8.0,12.0,3.0,,2.0,23.0,4.0,4.0,9.0,26.0,1.0,2.0,24.0,1.0,35.0,,1.0,11.0,6.0,4.0,3.0,,4.0,1.0,,,82.0,44.0,33.0,6.0,4.0,0.4642857142857143,0.52,0.7142857142857143,0.3684210526315789,,0.375,0.3888888888888889,0.417910447761194,0.5,0.44,0.4476744186046512,0.4166666666666667,0.4696969696969697,0.4854368932038835,0.5,0.5119047619047619,0.22093023255813954,0.14925373134328357,0.23333333333333334,0.15789473684210525,0.4782608695652174,1.0,0.6296296296296297,0.41025641025641024,0.7727272727272727,0.6938775510204082,0.3877551020408163,0.375,0.25,0.6363636363636364,0.2,0.8571428571428571,0.9,0.7647058823529411,0.8,0.02564102564102564,102.0,0.25,14.77450980392157,13.46078431372549,13.872549019607844,12.970588235294118,0.3488372093023256,0.4666666666666667,0.6086956521739131,0.5,0.22093023255813954,0.3684210526315789,0.4375,0.5714285714285714,0.20930232558139536,0.3888888888888889,0.3888888888888889,0.2857142857142857,0.03488372093023256,0.18604651162790697,0.4375,0.4375,0.7142857142857143,0.5833333333333334,0.42857142857142855,0.16666666666666666,,,0.3333333333333333,0.45454545454545453,,0.24242424242424243,0.375,0.5697674418604651,0.4666666666666667,0.45946071428571433,0.4654,0.4386453125,0.1134020618556701,0.14102564102564102,0.18811881188118812,0.43564356435643564,7.498507462686566,29.142105263157898,0.3235294117647059,2007-12-26,0020700418,MIN,,,3.0,3.0,,,,,,0.42857142857142855,0.3,,,,,0.3333333333333333,,,1.0,,1.0,,6.0,,,,1.0,,,,,,,,,,2007-08,2008,Regular Season,,
48:00,100.0,102.0,26.0,26.0,13.0,202.0,20.0,27.0,6.0,7.0,,1.0,8.0,14.0,10.0,27.0,5.0,3.0,2.0,12.0,,1.0,,6.0,38.0,68.0,5.0,17.0,33.0,124.0,8.0,10.0,,1.0,5.0,21.0,4.0,12.0,2.0,9.0,14.0,28.0,18.0,58.0,12.0,8.0,1.0,11.0,2.0,5.0,9.0,4.0,13.0,2.0,4.0,2.0,3.0,30.0,10.0,16.0,23.0,1.0,40.0,14.0,54.0,,8.0,6.0,2.0,5.0,1.0,3.0,9.0,2.0,2.0,1.0,14.0,2.0,3.0,10.0,21.0,1.0,2.0,22.0,,37.0,3.0,,17.0,3.0,5.0,1.0,,5.0,2.0,,,103.0,28.0,26.0,1.0,3.0,0.23684210526315788,0.2647058823529412,0.8,0.29411764705882354,,0.2222222222222222,0.3125,0.5588235294117647,0.8,0.3333333333333333,0.5352941176470588,0.7272727272727273,0.3333333333333333,0.6078431372549019,0.8076923076923077,0.4827586206896552,0.2,0.07352941176470588,0.1111111111111111,0.07142857142857142,0.35714285714285715,1.0,0.6052631578947368,0.3333333333333333,0.7272727272727273,0.65,0.35,0.5714285714285714,,0.35294117647058826,0.5833333333333334,0.45454545454545453,0.7333333333333333,0.6842105263157895,1.0,,101.0,0.4,13.92,14.588235294117647,13.21,13.362745098039216,0.3176470588235294,0.7407407407407407,0.8333333333333334,0.2,0.16470588235294117,0.5714285714285714,0.6153846153846154,0.25,0.3176470588235294,0.37037037037037035,0.38461538461538464,0.3,0.058823529411764705,0.1411764705882353,0.16666666666666666,0.16666666666666666,1.0,0.6363636363636364,0.8571428571428571,0.09090909090909091,,,0.047619047619047616,,0.14285714285714285,0.2857142857142857,,0.5176470588235295,0.18181818181818182,0.4733630952380953,0.45212777777777774,0.4358025,0.1717171717171717,0.2073170731707317,0.1693548387096774,0.22580645161290322,9.970588235294118,26.276470588235295,0.26,2007-12-28,0020700433,DEN,3.0,2.0,4.0,,,,,,,,0.4,0.5,0.6,0.6,0.6666666666666666,,,,,,,,3.0,0.037037037037037035,2.0,0.6666666666666666,4.0,,,,,,,,,,2007-08,2008,Regular Season,,
48:00,102.0,103.0,44.0,19.0,19.0,205.0,17.0,43.0,6.0,14.0,8.0,16.0,3.0,9.0,5.0,14.0,1.0,,4.0,17.0,1.0,1.0,4.0,11.0,25.0,66.0,4.0,18.0,33.0,95.0,6.0,17.0,1.0,1.0,6.0,21.0,9.0,21.0,4.0,11.0,22.0,52.0,32.0,18.0,12.0,8.0,,17.0,4.0,8.0,16.0,4.0,20.0,4.0,11.0,3.0,2.0,44.0,18.0,17.0,21.0,2.0,40.0,23.0,63.0,2.0,11.0,4.0,7.0,13.0,3.0,8.0,11.0,5.0,,1.0,24.0,2.0,10.0,8.0,26.0,2.0,3.0,30.0,1.0,42.0,2.0,3.0,16.0,5.0,9.0,7.0,,9.0,4.0,,,74.0,52.0,44.0,6.0,5.0,0.64,0.7619047619047619,1.0,0.2222222222222222,1.0,0.36363636363636365,0.2222222222222222,0.3787878787878788,0.35294117647058826,0.42857142857142855,0.36904761904761907,0.4166666666666667,0.46875,0.44660194174757284,0.5,0.5555555555555556,0.21428571428571427,0.12121212121212122,0.16279069767441862,0.1111111111111111,0.5416666666666666,0.6666666666666666,0.75,0.43902439024390244,0.85,0.7916666666666666,0.41509433962264153,0.5,0.6666666666666666,0.1111111111111111,0.7692307692307693,0.5,0.8181818181818182,0.8571428571428571,0.8333333333333334,0.044444444444444446,102.5,0.4444444444444444,13.656862745098039,14.436893203883495,12.72549019607843,13.669902912621358,0.5119047619047619,0.3953488372093023,0.4722222222222222,0.6470588235294118,0.10714285714285714,0.3333333333333333,0.375,1.0,0.16666666666666666,0.35714285714285715,0.35714285714285715,0.4,0.011904761904761904,0.20238095238095238,0.23529411764705882,0.23529411764705882,1.0,0.7777777777777778,0.42857142857142855,0.05555555555555555,1.0,1.0,0.5,0.5,,0.34375,0.36363636363636365,0.7261904761904762,0.23529411764705882,0.5301957831325301,0.5345,0.5350435483870968,0.16326530612244897,0.2,0.22105263157894736,0.5473684210526316,4.878787878787879,25.466666666666665,0.43137254901960786,2007-12-30,0020700445,DEN,,,4.0,1.0,2.0,,,,,0.2,0.3333333333333333,0.36363636363636365,,,,0.16666666666666666,,,2.0,1.0,,,,,,,2.0,,,,,,,,,,2007-08,2008,Regular Season,,
48:00,99.0,100.0,35.0,19.0,11.0,199.0,21.0,35.0,3.0,5.0,7.0,16.0,3.0,12.0,3.0,9.0,3.0,1.0,5.0,18.0,,,1.0,6.0,27.0,56.0,6.0,21.0,23.0,95.0,3.0,5.0,,1.0,7.0,13.0,8.0,22.0,1.0,7.0,9.0,28.0,24.0,30.0,15.0,6.0,,18.0,5.0,3.0,12.0,5.0,17.0,4.0,9.0,3.0,,39.0,8.0,14.0,13.0,,27.0,12.0,39.0,1.0,11.0,7.0,4.0,11.0,4.0,7.0,12.0,4.0,,2.0,23.0,3.0,5.0,10.0,21.0,2.0,4.0,26.0,5.0,29.0,4.0,3.0,13.0,2.0,5.0,5.0,,5.0,2.0,,1.0,82.0,28.0,35.0,,2.0,0.4444444444444444,0.5,0.8333333333333334,0.2857142857142857,,0.14285714285714285,0.2857142857142857,0.48214285714285715,0.6,0.36363636363636365,0.4675324675324675,0.5,0.3275862068965517,0.5227272727272727,0.7222222222222222,0.3787878787878788,0.2727272727272727,0.05357142857142857,0.08571428571428572,,0.4782608695652174,,0.52,0.27586206896551724,0.7,0.6,0.2727272727272727,0.2857142857142857,0.1111111111111111,0.5,0.36363636363636365,0.5,0.75,0.8666666666666667,0.2,0.024390243902439025,99.5,0.4,14.626262626262626,14.32,14.333333333333334,13.47,0.45454545454545453,0.6,0.65625,0.42857142857142855,0.15584415584415584,0.25,0.25,1.0,0.11688311688311688,0.3333333333333333,0.3333333333333333,,0.03896103896103896,0.23376623376623376,0.2777777777777778,0.2777777777777778,0.8,0.8333333333333334,0.6,,,,0.5517241379310345,0.4375,0.034482758620689655,0.20689655172413793,0.16666666666666666,0.7272727272727273,0.2777777777777778,0.5242662337662337,0.55411,0.5436379310344828,0.1511627906976744,0.2,0.1368421052631579,0.29473684210526313,4.864285714285714,25.642857142857142,0.35353535353535354,2007-12-31,0020700452,HOU,1.0,1.0,4.0,,1.0,,,,,,0.26666666666666666,0.3076923076923077,0.3333333333333333,0.3333333333333333,1.0,,,1.0,1.0,,,0.16666666666666666,3.0,,,,,,,,,,,,,,2007-08,2008,Regular Season,,
48:00,93.0,92.0,39.0,40.0,12.0,185.0,15.0,20.0,1.0,2.0,6.0,7.0,11.0,24.0,9.0,20.0,3.0,1.0,6.0,13.0,1.0,2.0,2.0,6.0,35.0,64.0,8.0,16.0,27.0,121.0,2.0,6.0,1.0,2.0,4.0,11.0,12.0,27.0,3.0,7.0,12.0,45.0,40.0,30.0,24.0,2.0,,13.0,6.0,4.0,20.0,8.0,28.0,6.0,10.0,6.0,4.0,64.0,12.0,12.0,22.0,6.0,40.0,13.0,53.0,1.0,5.0,3.0,2.0,3.0,1.0,2.0,9.0,1.0,,,12.0,2.0,2.0,11.0,28.0,,3.0,23.0,,32.0,5.0,,13.0,4.0,7.0,5.0,,7.0,3.0,,1.0,110.0,45.0,39.0,4.0,4.0,0.5714285714285714,0.5882352941176471,1.0,0.5,0.5,0.42857142857142855,0.5,0.546875,0.3333333333333333,0.4444444444444444,0.5875,0.4375,0.4852941176470588,0.6505376344086021,0.55,0.5487804878048781,0.2,0.0625,0.15,0.041666666666666664,0.25,1.0,0.6666666666666666,0.41379310344827586,0.9230769230769231,0.7391304347826086,0.37142857142857144,0.6,0.38461538461538464,0.36363636363636365,0.45454545454545453,0.7142857142857143,0.8,0.9166666666666666,1.0,0.03225806451612903,92.5,0.42857142857142855,16.387096774193548,14.73913043478261,15.838709677419354,14.01086956521739,0.25,0.75,0.8823529411764706,0.6666666666666666,0.3,0.4583333333333333,0.4782608695652174,0.5454545454545454,0.25,0.45,0.45,0.4444444444444444,0.0375,0.1625,0.46153846153846156,0.46153846153846156,1.0,0.25,0.5,0.25,0.5,1.0,0.20588235294117646,0.8571428571428571,0.029411764705882353,0.17647058823529413,0.3333333333333333,0.45,0.46153846153846156,0.48052151898734174,0.48706875,0.46365757575757577,0.15730337078651685,0.18055555555555555,0.09090909090909091,0.371900826446281,9.2890625,25.25,0.41935483870967744,2008-01-02,0020700466,DAL,2.0,2.0,1.0,,1.0,1.0,,,,,0.16666666666666666,0.2,0.6666666666666666,0.6666666666666666,1.0,,0.058823529411764705,,2.0,1.0,,,,,1.0,1.0,2.0,,,,,,,,,,2007-08,2008,Regular Season,,
48:00,92.0,91.0,9.0,21.0,16.0,183.0,15.0,21.0,6.0,8.0,3.0,3.0,8.0,20.0,8.0,21.0,9.0,1.0,9.0,18.0,1.0,1.0,1.0,3.0,31.0,62.0,12.0,27.0,18.0,116.0,7.0,12.0,1.0,1.0,3.0,20.0,3.0,6.0,1.0,4.0,4.0,13.0,28.0,34.0,36.0,10.0,1.0,17.0,9.0,3.0,14.0,12.0,26.0,9.0,7.0,2.0,5.0,64.0,11.0,13.0,14.0,5.0,32.0,17.0,49.0,1.0,10.0,5.0,5.0,3.0,,1.0,10.0,2.0,1.0,1.0,13.0,2.0,,11.0,23.0,2.0,2.0,16.0,1.0,23.0,4.0,3.0,10.0,2.0,1.0,1.0,,1.0,1.0,,,96.0,13.0,9.0,3.0,2.0,0.45161290322580644,0.5384615384615384,1.0,0.4444444444444444,1.0,0.25,0.46153846153846156,0.5,0.5833333333333334,0.5,0.550561797752809,0.6538461538461539,0.45,0.5824742268041238,0.6666666666666666,0.5,0.30337078651685395,0.04838709677419355,0.047619047619047616,0.1,0.23076923076923078,0.8333333333333334,0.7368421052631579,0.3548387096774194,0.8125,0.7714285714285715,0.38636363636363635,,0.5,0.38461538461538464,0.4,0.6666666666666666,0.9090909090909091,0.8333333333333334,0.75,0.024390243902439025,91.5,1.0,18.58695652173913,12.857142857142858,17.347826086956523,12.285714285714286,0.23595505617977527,0.7142857142857143,0.75,0.4666666666666667,0.2247191011235955,0.4,0.4444444444444444,0.25,0.23595505617977527,0.38095238095238093,0.38095238095238093,0.625,0.10112359550561797,0.20224719101123595,0.5,0.5,1.0,0.6153846153846154,0.75,0.07692307692307693,1.0,1.0,0.3,1.0,0.1,0.3,0.3333333333333333,0.5393258426966292,0.5294117647058824,0.47903806818181816,0.49212222222222224,0.47400555555555557,0.10526315789473684,0.14705882352941177,0.1724137931034483,0.11206896551724138,9.264516129032257,26.081481481481482,0.09782608695652174,2008-01-04,0020700483,NOH,3.0,3.0,6.0,,1.0,,,,,,0.46153846153846156,0.375,0.3333333333333333,0.3333333333333333,1.0,0.16666666666666666,,,,1.0,0.6,,,,,,,1.0,,,,,,,,,2007-08,2008,Regular Season,,
53:00,101.0,102.0,32.0,25.0,12.0,203.0,22.0,30.0,6.0,7.0,5.0,9.0,3.0,14.0,6.0,22.0,14.0,4.0,4.0,11.0,,1.0,2.0,6.0,31.0,66.0,10.0,25.0,29.0,121.0,8.0,14.0,,1.0,1.0,17.0,7.0,16.0,4.0,10.0,11.0,37.0,24.0,38.0,30.0,8.0,1.0,10.0,4.0,4.0,12.0,10.0,22.0,4.0,8.0,2.0,2.0,54.0,14.0,9.0,21.0,2.0,32.0,16.0,48.0,2.0,4.0,3.0,1.0,6.0,3.0,2.0,8.0,4.0,,,14.0,1.0,5.0,10.0,22.0,1.0,1.0,25.0,1.0,34.0,6.0,1.0,14.0,4.0,2.0,2.0,,2.0,2.0,,,104.0,37.0,32.0,4.0,3.0,0.3870967741935484,0.4444444444444444,1.0,0.4,,0.4,0.4166666666666667,0.4696969696969697,0.5714285714285714,0.4375,0.5054945054945055,0.5333333333333333,0.5,0.5769230769230769,0.5666666666666667,0.5967741935483871,0.27472527472527475,0.06060606060606061,0.1,0.07142857142857142,0.42857142857142855,1.0,0.8076923076923077,0.4,0.6,0.7317073170731707,0.30612244897959184,0.375,0.2727272727272727,0.5,0.7777777777777778,0.8333333333333334,0.8181818181818182,0.5833333333333334,0.6666666666666666,0.044444444444444446,91.9245283018868,1.0,16.396039603960396,14.941176470588236,15.465346534653465,14.127450980392156,0.32967032967032966,0.7333333333333333,0.8148148148148148,0.36363636363636365,0.15384615384615385,0.21428571428571427,0.23076923076923078,0.6666666666666666,0.24175824175824176,0.2727272727272727,0.2727272727272727,0.3333333333333333,0.15384615384615385,0.12087912087912088,0.36363636363636365,0.36363636363636365,1.0,0.4666666666666667,0.8571428571428571,0.06666666666666667,,,0.34615384615384615,0.5555555555555556,0.15384615384615385,0.23076923076923078,0.3333333333333333,0.6043956043956044,0.4,0.4846844444444445,0.5009857142857143,0.48961799999999994,0.15,0.1891891891891892,0.14049586776859505,0.30578512396694213,8.401515151515152,25.552,0.31683168316831684,2008-01-07,0020700499,SAS,6.0,6.0,1.0,1.0,,1.0,,,,0.25,0.07142857142857142,,0.42857142857142855,0.42857142857142855,1.0,0.16666666666666666,0.038461538461538464,,,1.0,0.125,,,,2.0,0.5,,,,,,,,,,,2007-08,2008,Regular Season,,
48:00,97.0,96.0,22.0,33.0,14.0,193.0,11.0,21.0,1.0,6.0,,1.0,6.0,16.0,10.0,22.0,11.0,4.0,9.0,17.0,1.0,1.0,3.0,5.0,27.0,59.0,13.0,28.0,16.0,109.0,1.0,6.0,1.0,2.0,7.0,12.0,3.0,9.0,5.0,9.0,8.0,29.0,42.0,12.0,33.0,2.0,,17.0,9.0,2.0,21.0,11.0,32.0,8.0,10.0,4.0,7.0,75.0,13.0,12.0,25.0,3.0,40.0,15.0,55.0,1.0,10.0,8.0,2.0,7.0,5.0,4.0,9.0,3.0,,2.0,16.0,2.0,3.0,5.0,17.0,2.0,1.0,19.0,3.0,18.0,,1.0,5.0,2.0,3.0,3.0,,3.0,3.0,,,97.0,29.0,22.0,2.0,2.0,0.7777777777777778,0.8076923076923077,0.8461538461538461,0.4642857142857143,0.5,0.5555555555555556,0.4642857142857143,0.4576271186440678,0.16666666666666666,0.3333333333333333,0.5344827586206896,0.3125,0.5833333333333334,0.5684210526315789,0.5,0.6590909090909091,0.3218390804597701,0.03389830508474576,0.047619047619047616,0.0625,0.4375,1.0,0.7575757575757576,0.40625,0.631578947368421,0.7115384615384616,0.32608695652173914,0.3,0.3,0.5833333333333334,0.5833333333333334,1.0,0.8,0.6666666666666666,0.5,0.022727272727272728,96.5,1.0,16.371134020618555,13.458333333333334,15.350515463917526,12.854166666666666,0.2413793103448276,0.5238095238095238,0.55,0.9090909090909091,0.1839080459770115,0.375,0.4,0.6666666666666666,0.25287356321839083,0.45454545454545453,0.45454545454545453,0.7,0.12643678160919541,0.19540229885057472,0.5294117647058824,0.5294117647058824,0.8888888888888888,0.75,0.16666666666666666,0.125,1.0,1.0,0.05555555555555555,,0.2222222222222222,0.2777777777777778,0.6,0.5632183908045977,0.5294117647058824,0.49676551724137935,0.536475,0.4841805555555555,0.06451612903225806,0.078125,0.11009174311926606,0.26605504587155965,9.883050847457627,23.914285714285715,0.2268041237113402,2008-01-09,0020700518,POR,4.0,3.0,2.0,,,1.0,,,,,0.14285714285714285,0.25,0.36363636363636365,0.36363636363636365,0.75,,0.034482758620689655,1.0,,,,0.125,6.0,,2.0,0.5,,,,,,,,,,,2007-08,2008,Regular Season,,
48:00,97.0,99.0,23.0,4.0,16.0,196.0,22.0,35.0,5.0,7.0,4.0,7.0,8.0,20.0,4.0,13.0,8.0,1.0,5.0,12.0,,,2.0,7.0,34.0,68.0,6.0,20.0,18.0,104.0,6.0,13.0,,,2.0,14.0,6.0,12.0,2.0,8.0,8.0,26.0,28.0,40.0,12.0,10.0,1.0,11.0,5.0,9.0,14.0,4.0,18.0,3.0,10.0,1.0,3.0,40.0,12.0,14.0,18.0,2.0,34.0,17.0,51.0,2.0,6.0,1.0,5.0,9.0,1.0,5.0,8.0,4.0,,,17.0,1.0,4.0,5.0,16.0,,6.0,27.0,5.0,27.0,4.0,1.0,11.0,4.0,6.0,5.0,,6.0,3.0,,,90.0,26.0,23.0,,4.0,0.4117647058823529,0.4827586206896552,0.6666666666666666,0.3,,0.25,0.3157894736842105,0.5,0.46153846153846156,0.5,0.48863636363636365,0.46153846153846156,0.45,0.5202020202020202,0.4375,0.5,0.22727272727272727,0.1323529411764706,0.2,0.1,0.5294117647058824,1.0,0.6666666666666666,0.35294117647058826,0.8235294117647058,0.7272727272727273,0.3404255319148936,0.46153846153846156,0.25,0.3333333333333333,0.4666666666666667,0.75,1.0,0.8333333333333334,0.8,0.05263157894736842,98.0,0.5,16.072164948453608,13.343434343434344,15.402061855670103,12.646464646464647,0.3977272727272727,0.6285714285714286,0.7857142857142857,0.45454545454545453,0.22727272727272727,0.4,0.4444444444444444,0.125,0.14772727272727273,0.3076923076923077,0.3076923076923077,0.75,0.09090909090909091,0.13636363636363635,0.4166666666666667,0.4166666666666667,0.6,0.5384615384615384,0.7142857142857143,,,,0.35,0.5714285714285714,0.05,0.35,0.2857142857142857,0.625,0.45454545454545453,0.4789827586206897,0.46412499999999995,0.4580026315789474,0.11578947368421053,0.14666666666666667,0.1346153846153846,0.25,6.701470588235294,26.365,0.23711340206185566,2008-01-11,0020700532,MEM,1.0,1.0,4.0,1.0,2.0,,,,,0.25,0.3076923076923077,0.3333333333333333,0.125,0.125,1.0,,,,,,0.2857142857142857,,6.0,,,,1.0,,,,,,,,,,2007-08,2008,Regular Season,,
48:00,107.0,107.0,21.0,37.0,4.0,214.0,10.0,16.0,2.0,2.0,1.0,1.0,11.0,21.0,8.0,18.0,1.0,,7.0,21.0,,1.0,1.0,5.0,29.0,55.0,8.0,22.0,19.0,101.0,2.0,2.0,,1.0,2.0,6.0,5.0,11.0,1.0,5.0,6.0,19.0,40.0,18.0,24.0,4.0,,21.0,7.0,1.0,20.0,8.0,28.0,7.0,5.0,8.0,7.0,64.0,4.0,22.0,17.0,5.0,44.0,4.0,48.0,,9.0,7.0,2.0,13.0,3.0,7.0,10.0,6.0,,4.0,23.0,,3.0,11.0,22.0,2.0,2.0,21.0,4.0,24.0,1.0,1.0,10.0,2.0,9.0,6.0,1.0,10.0,5.0,,,95.0,19.0,21.0,3.0,1.0,0.6896551724137931,0.7407407407407407,1.0,0.36363636363636365,,0.2,0.36363636363636365,0.5272727272727272,1.0,0.45454545454545453,0.5324675324675324,0.6666666666666666,0.40625,0.5681818181818182,0.75,0.5,0.2857142857142857,0.01818181818181818,0.0625,,0.5652173913043478,0.8333333333333334,0.5483870967741935,0.15384615384615385,0.88,0.6964285714285714,0.10256410256410256,0.5,0.1,,0.5294117647058824,0.25,0.7,0.8888888888888888,0.8571428571428571,,107.0,0.5,12.813084112149532,14.102803738317757,12.766355140186915,13.345794392523365,0.2077922077922078,0.625,0.6666666666666666,0.5,0.2727272727272727,0.5238095238095238,0.5238095238095238,0.7272727272727273,0.23376623376623376,0.4444444444444444,0.4444444444444444,0.875,0.012987012987012988,0.2727272727272727,0.3333333333333333,0.35,1.0,0.6666666666666666,1.0,0.3333333333333333,,,0.0625,1.0,,0.3125,0.2,0.4935064935064935,0.3333333333333333,0.47152207792207795,0.5966166666666667,0.419378125,0.11627906976744186,0.15625,0.0594059405940594,0.18811881188118812,10.203636363636365,25.94090909090909,0.19626168224299065,2008-01-13,0020700545,IND,1.0,1.0,,,,,1.0,1.0,1.0,,,,1.0,1.0,1.0,,,,,1.0,,,,,,,2.0,,,1.0,0.045454545454545456,,0.047619047619047616,,,,2007-08,2008,Regular Season,,
48:00,94.0,95.0,41.0,39.0,15.0,189.0,17.0,30.0,7.0,11.0,7.0,11.0,8.0,23.0,6.0,16.0,3.0,1.0,5.0,11.0,,2.0,2.0,3.0,31.0,69.0,6.0,14.0,18.0,98.0,10.0,18.0,,2.0,1.0,21.0,12.0,27.0,2.0,4.0,12.0,42.0,22.0,40.0,18.0,8.0,,11.0,5.0,7.0,11.0,6.0,17.0,5.0,7.0,1.0,3.0,40.0,17.0,12.0,21.0,3.0,36.0,21.0,57.0,,6.0,2.0,4.0,9.0,3.0,4.0,11.0,5.0,,2.0,20.0,1.0,9.0,12.0,28.0,4.0,4.0,23.0,1.0,26.0,2.0,,10.0,4.0,6.0,2.0,1.0,6.0,4.0,,1.0,77.0,42.0,41.0,3.0,4.0,0.3548387096774194,0.4074074074074074,1.0,0.42857142857142855,,0.5,0.42857142857142855,0.4492753623188406,0.5555555555555556,0.4444444444444444,0.4819277108433735,0.5,0.4838709677419355,0.5157894736842106,0.525,0.5526315789473685,0.1686746987951807,0.10144927536231885,0.13333333333333333,0.13043478260869565,0.45,1.0,0.7,0.4473684210526316,0.8571428571428571,0.75,0.43478260869565216,0.7692307692307693,0.26666666666666666,0.3,0.375,0.8181818181818182,0.8181818181818182,0.875,0.8333333333333334,,94.5,0.6666666666666666,15.851063829787234,14.631578947368421,14.48936170212766,13.905263157894737,0.3614457831325301,0.5666666666666667,0.6538461538461539,0.4117647058823529,0.27710843373493976,0.34782608695652173,0.4,0.125,0.1927710843373494,0.375,0.375,0.5,0.03614457831325301,0.13253012048192772,0.45454545454545453,0.45454545454545453,1.0,0.55,0.6363636363636364,0.1,,,0.3548387096774194,0.6363636363636364,0.03225806451612903,0.0967741935483871,0.6666666666666666,0.5301204819277109,0.45454545454545453,0.48603915662650604,0.49314117647058825,0.4423467741935484,0.10989010989010989,0.12987012987012986,0.21428571428571427,0.42857142857142855,7.027536231884057,24.657142857142855,0.43617021276595747,2008-01-15,0020700559,MIN,1.0,1.0,3.0,1.0,4.0,,,,,0.25,0.375,0.3333333333333333,0.3333333333333333,0.3333333333333333,1.0,0.2857142857142857,,,,,0.5,,,,,,3.0,,,,,,,,,,2007-08,2008,Regular Season,,
48:00,108.0,108.0,41.0,50.0,14.0,216.0,13.0,18.0,5.0,5.0,6.0,10.0,4.0,10.0,8.0,24.0,9.0,4.0,8.0,21.0,2.0,2.0,2.0,3.0,25.0,52.0,13.0,30.0,36.0,125.0,6.0,9.0,2.0,4.0,2.0,20.0,11.0,26.0,4.0,7.0,24.0,58.0,22.0,28.0,33.0,6.0,,21.0,8.0,4.0,11.0,11.0,22.0,6.0,5.0,1.0,5.0,55.0,10.0,18.0,24.0,3.0,45.0,15.0,60.0,3.0,5.0,2.0,3.0,18.0,2.0,8.0,6.0,10.0,,1.0,24.0,1.0,6.0,14.0,27.0,,2.0,31.0,2.0,38.0,3.0,,12.0,7.0,2.0,2.0,,2.0,2.0,,1.0,105.0,58.0,41.0,4.0,6.0,0.44,0.5,0.8461538461538461,0.43333333333333335,0.5,0.5714285714285714,0.43333333333333335,0.4807692307692308,0.6666666666666666,0.4230769230769231,0.5426829268292683,0.6923076923076923,0.5151515151515151,0.6313131313131313,0.7142857142857143,0.6590909090909091,0.36585365853658536,0.07692307692307693,0.16666666666666666,,0.75,0.75,0.8571428571428571,0.37037037037037035,0.782608695652174,0.8235294117647058,0.3409090909090909,0.6,0.5,0.25,1.0,1.0,0.6363636363636364,0.9333333333333333,0.5,0.075,108.0,1.0,13.38888888888889,13.277777777777779,12.75925925925926,12.666666666666666,0.21951219512195122,0.7222222222222222,0.8666666666666667,0.38461538461538464,0.12195121951219512,0.4,0.4,0.25,0.2926829268292683,0.3333333333333333,0.34782608695652173,0.625,0.10975609756097561,0.25609756097560976,0.38095238095238093,0.38095238095238093,0.75,0.38461538461538464,1.0,0.15384615384615385,1.0,1.0,0.30303030303030304,0.6,0.12121212121212122,0.09090909090909091,0.6666666666666666,0.5853658536585366,0.38095238095238093,0.4826585365853659,0.4797833333333334,0.4527878787878788,0.14130434782608695,0.19672131147540983,0.16,0.464,10.65576923076923,25.063333333333333,0.37962962962962965,2008-01-16,0020700565,IND,5.0,5.0,5.0,,,1.0,,,1.0,,0.29411764705882354,0.3076923076923077,0.5555555555555556,0.5555555555555556,1.0,0.2,0.03225806451612903,2.0,,,0.25,0.15384615384615385,6.0,0.041666666666666664,2.0,0.5,,,,,,,,,,,2007-08,2008,Regular Season,,
48:00,99.0,99.0,46.0,36.0,11.0,198.0,14.0,26.0,1.0,4.0,5.0,14.0,5.0,8.0,12.0,27.0,3.0,,7.0,16.0,1.0,2.0,3.0,10.0,31.0,61.0,9.0,19.0,22.0,111.0,2.0,8.0,1.0,3.0,5.0,12.0,9.0,25.0,3.0,10.0,16.0,43.0,38.0,24.0,18.0,2.0,,16.0,7.0,3.0,19.0,6.0,25.0,4.0,9.0,2.0,8.0,56.0,14.0,11.0,19.0,2.0,32.0,15.0,47.0,2.0,4.0,4.0,,10.0,2.0,6.0,8.0,4.0,1.0,2.0,18.0,,8.0,13.0,27.0,1.0,2.0,30.0,2.0,36.0,4.0,,11.0,9.0,3.0,3.0,,3.0,2.0,,1.0,99.0,43.0,46.0,5.0,7.0,0.6129032258064516,0.6333333333333333,0.6666666666666666,0.47368421052631576,0.3333333333333333,0.3,0.47368421052631576,0.5081967213114754,0.25,0.36,0.55625,0.3181818181818182,0.38571428571428573,0.578125,0.4,0.4574468085106383,0.2375,0.04918032786885246,0.07692307692307693,0.125,0.5555555555555556,1.0,0.6333333333333333,0.4827586206896552,0.6470588235294118,0.6382978723404256,0.358974358974359,0.6666666666666666,0.3333333333333333,0.35714285714285715,0.5384615384615384,1.0,0.6428571428571429,0.7272727272727273,0.5,0.05555555555555555,99.0,0.6666666666666666,15.323232323232324,13.767676767676768,14.121212121212121,12.787878787878787,0.325,0.5384615384615384,0.5833333333333334,0.6428571428571429,0.1,0.625,0.7142857142857143,0.4,0.3375,0.4444444444444444,0.4444444444444444,0.6666666666666666,0.0375,0.2,0.4375,0.4375,0.5714285714285714,0.36363636363636365,0.25,0.18181818181818182,0.5,1.0,0.4,0.35714285714285715,,0.2857142857142857,0.3,0.5625,0.4375,0.488883125,0.4854272727272727,0.4899957142857143,0.12643678160919541,0.16176470588235295,0.10810810810810811,0.38738738738738737,9.449180327868852,24.626315789473683,0.46464646464646464,2008-01-18,0020700582,CHI,2.0,2.0,,1.0,1.0,,,,1.0,0.2,,,0.6666666666666666,0.6666666666666666,1.0,,,1.0,,1.0,,0.09090909090909091,9.0,,,,,,,,,,,,,,2007-08,2008,Regular Season,,
48:00,95.0,96.0,20.0,36.0,10.0,191.0,20.0,29.0,4.0,5.0,5.0,5.0,4.0,12.0,7.0,19.0,4.0,2.0,4.0,11.0,,1.0,,4.0,31.0,60.0,5.0,15.0,22.0,99.0,4.0,6.0,,1.0,3.0,11.0,6.0,10.0,1.0,6.0,9.0,24.0,36.0,26.0,15.0,8.0,,11.0,4.0,4.0,18.0,5.0,23.0,4.0,10.0,4.0,4.0,51.0,10.0,12.0,12.0,1.0,25.0,10.0,35.0,2.0,7.0,6.0,1.0,13.0,1.0,9.0,6.0,4.0,,2.0,19.0,1.0,1.0,9.0,22.0,4.0,1.0,21.0,2.0,25.0,2.0,,10.0,2.0,2.0,2.0,,2.0,1.0,,,88.0,24.0,20.0,3.0,2.0,0.5806451612903226,0.6666666666666666,1.0,0.3333333333333333,,0.16666666666666666,0.3333333333333333,0.5166666666666667,0.6666666666666666,0.6,0.5133333333333333,0.5714285714285714,0.46875,0.5755813953488372,0.6111111111111112,0.5714285714285714,0.2,0.06666666666666667,0.13793103448275862,,0.6842105263157895,1.0,0.5714285714285714,0.3448275862068966,0.9230769230769231,0.7058823529411765,0.2564102564102564,0.2222222222222222,0.375,0.4166666666666667,0.38461538461538464,0.5,1.0,0.9166666666666666,1.0,0.05714285714285714,95.5,0.5,16.757894736842104,13.416666666666666,16.357894736842105,12.864583333333334,0.38666666666666666,0.6896551724137931,0.8,0.5,0.16,0.3333333333333333,0.3333333333333333,1.0,0.25333333333333335,0.3684210526315789,0.3684210526315789,0.5714285714285714,0.05333333333333334,0.14666666666666667,0.36363636363636365,0.36363636363636365,1.0,0.7142857142857143,0.8,0.14285714285714285,,,0.3125,1.0,0.125,0.25,,0.5866666666666667,0.36363636363636365,0.48743200000000003,0.5256857142857143,0.496971875,0.13095238095238096,0.14705882352941177,0.1111111111111111,0.24242424242424243,6.9766666666666675,25.64,0.21052631578947367,2008-01-19,0020700589,MIL,1.0,1.0,,,2.0,1.0,,,,,,,0.25,0.25,1.0,,0.0625,,1.0,1.0,,,,,1.0,0.5,,,,,,,,,,,2007-08,2008,Regular Season,,
48:00,97.0,98.0,36.0,41.0,9.0,195.0,17.0,28.0,4.0,8.0,8.0,10.0,10.0,19.0,4.0,12.0,9.0,2.0,4.0,11.0,,,1.0,6.0,31.0,59.0,9.0,20.0,20.0,109.0,5.0,9.0,,,,10.0,11.0,21.0,2.0,8.0,7.0,35.0,36.0,26.0,24.0,8.0,,11.0,4.0,3.0,18.0,8.0,26.0,3.0,9.0,5.0,4.0,60.0,6.0,17.0,18.0,5.0,40.0,9.0,49.0,1.0,7.0,3.0,4.0,11.0,2.0,5.0,4.0,6.0,,1.0,15.0,,7.0,15.0,22.0,1.0,,21.0,1.0,29.0,3.0,2.0,12.0,3.0,1.0,1.0,,1.0,,,,99.0,35.0,36.0,1.0,2.0,0.5806451612903226,0.6666666666666666,0.8888888888888888,0.45,,0.25,0.45,0.5254237288135594,0.5555555555555556,0.5238095238095238,0.5632911392405063,0.5555555555555556,0.4827586206896552,0.5879120879120879,0.5555555555555556,0.5147058823529411,0.25316455696202533,0.05084745762711865,0.03571428571428571,0.10526315789473684,0.7333333333333333,1.0,0.6923076923076923,0.21428571428571427,0.7727272727272727,0.7291666666666666,0.20512820512820512,0.2727272727272727,0.2222222222222222,0.125,0.6666666666666666,0.4,0.8888888888888888,0.7777777777777778,0.75,0.027777777777777776,97.5,,17.123711340206185,12.438775510204081,16.876288659793815,11.73469387755102,0.35443037974683544,0.6071428571428571,0.6296296296296297,0.5294117647058824,0.24050632911392406,0.5263157894736842,0.5882352941176471,0.5,0.1518987341772152,0.3333333333333333,0.3333333333333333,1.0,0.11392405063291139,0.13924050632911392,0.36363636363636365,0.36363636363636365,0.75,0.8888888888888888,0.5,,,,0.3448275862068966,0.8,0.06896551724137931,0.20689655172413793,0.16666666666666666,0.6075949367088608,0.36363636363636365,0.4888677215189874,0.5177857142857143,0.48113275862068966,0.13636363636363635,0.17647058823529413,0.09174311926605505,0.3211009174311927,7.3118644067796605,24.93,0.3711340206185567,2008-01-21,0020700603,MIN,5.0,5.0,2.0,1.0,1.0,,,,,0.25,0.18181818181818182,0.2857142857142857,0.5555555555555556,0.5555555555555556,1.0,,,,,,,,3.0,,1.0,0.5,,,,,,,,,,,2007-08,2008,Regular Season,,
48:00,103.0,102.0,33.0,22.0,21.0,205.0,20.0,41.0,5.0,12.0,10.0,17.0,9.0,22.0,4.0,13.0,9.0,2.0,4.0,11.0,,1.0,1.0,6.0,33.0,76.0,8.0,20.0,29.0,119.0,7.0,15.0,,1.0,8.0,22.0,12.0,21.0,2.0,8.0,12.0,42.0,42.0,24.0,24.0,10.0,,11.0,4.0,8.0,21.0,8.0,29.0,4.0,13.0,4.0,4.0,66.0,19.0,15.0,20.0,2.0,37.0,25.0,62.0,7.0,7.0,3.0,4.0,10.0,2.0,3.0,7.0,7.0,1.0,1.0,17.0,3.0,4.0,13.0,23.0,1.0,1.0,27.0,,40.0,7.0,1.0,18.0,5.0,,,,,,,,97.0,42.0,33.0,4.0,5.0,0.6363636363636364,0.75,1.0,0.4,,0.25,0.4,0.4342105263157895,0.4666666666666667,0.5714285714285714,0.46875,0.4375,0.5172413793103449,0.5267857142857143,0.5,0.5540540540540541,0.20833333333333334,0.10526315789473684,0.12195121951219512,0.13636363636363635,0.5882352941176471,0.6666666666666666,0.8,0.4634146341463415,0.9375,0.8536585365853658,0.4339622641509434,0.45,0.5,0.4444444444444444,0.42857142857142855,1.0,0.9,0.9333333333333333,1.0,0.15217391304347827,102.5,,15.58252427184466,12.5,14.718446601941748,11.882352941176471,0.4270833333333333,0.4878048780487805,0.5555555555555556,0.65,0.22916666666666666,0.4090909090909091,0.47368421052631576,0.4444444444444444,0.13541666666666666,0.3076923076923077,0.3076923076923077,1.0,0.09375,0.11458333333333333,0.36363636363636365,0.36363636363636365,1.0,0.75,0.4166666666666667,0.0625,,,0.5862068965517241,0.5882352941176471,0.06896551724137931,0.20689655172413793,0.16666666666666666,0.6354166666666666,0.36363636363636365,0.49381302083333334,0.5201846153846155,0.5305637931034483,0.16822429906542055,0.20689655172413793,0.18487394957983194,0.35294117647058826,5.971052631578948,24.565,0.32038834951456313,2008-01-24,0020700624,NJN,4.0,4.0,4.0,2.0,,,,,1.0,0.2857142857142857,0.3333333333333333,0.2857142857142857,0.4444444444444444,0.4444444444444444,1.0,,,,,,0.4,,,,1.0,0.5,,,,,,,,,,,2007-08,2008,Regular Season,,
48:00,100.0,101.0,27.0,35.0,13.0,201.0,26.0,33.0,6.0,8.0,6.0,8.0,5.0,19.0,6.0,21.0,6.0,3.0,2.0,10.0,1.0,1.0,1.0,2.0,37.0,73.0,3.0,16.0,21.0,104.0,7.0,10.0,1.0,3.0,3.0,20.0,7.0,16.0,2.0,5.0,11.0,31.0,48.0,26.0,9.0,4.0,,10.0,2.0,4.0,24.0,3.0,27.0,2.0,16.0,4.0,4.0,57.0,10.0,14.0,19.0,2.0,35.0,15.0,50.0,1.0,8.0,5.0,3.0,6.0,1.0,5.0,9.0,1.0,,,15.0,1.0,4.0,11.0,30.0,3.0,4.0,21.0,3.0,26.0,3.0,1.0,13.0,1.0,5.0,3.0,,5.0,3.0,,1.0,84.0,31.0,27.0,6.0,,0.6486486486486487,0.6857142857142857,1.0,0.1875,0.3333333333333333,0.4,0.1875,0.5068493150684932,0.7,0.4375,0.46629213483146065,0.6538461538461539,0.47619047619047616,0.515,0.7142857142857143,0.5961538461538461,0.1797752808988764,0.0547945205479452,,0.15789473684210525,0.4,0.6666666666666666,0.6785714285714286,0.2777777777777778,0.7368421052631579,0.7021276595744681,0.30612244897959184,0.2857142857142857,0.42857142857142855,0.13333333333333333,0.625,0.7142857142857143,0.6923076923076923,0.75,0.7142857142857143,0.022222222222222223,100.5,0.6,14.86,13.801980198019802,13.97,13.099009900990099,0.3707865168539326,0.7878787878787878,0.7878787878787878,0.6153846153846154,0.21348314606741572,0.2631578947368421,0.3125,0.8,0.23595505617977527,0.2857142857142857,0.3,0.6666666666666666,0.06741573033707865,0.11235955056179775,0.2,0.2,1.0,0.6153846153846154,0.75,0.07692307692307693,1.0,1.0,0.38095238095238093,0.75,0.14285714285714285,0.09523809523809523,0.5,0.550561797752809,0.2,0.4930252808988764,0.5489666666666666,0.4622880952380952,0.13131313131313133,0.1566265060240964,0.19230769230769232,0.2980769230769231,8.05068493150685,25.09375,0.27,2008-01-27,0020700650,NYK,1.0,1.0,5.0,,,,,,,,0.38461538461538464,0.5,0.16666666666666666,0.16666666666666666,1.0,0.3333333333333333,,2.0,1.0,,0.2,0.15384615384615385,,0.047619047619047616,1.0,0.3333333333333333,2.0,,,,,,,,,,2007-08,2008,Regular Season,,
48:00,99.0,99.0,45.0,22.0,12.0,198.0,17.0,29.0,3.0,8.0,8.0,18.0,7.0,19.0,8.0,16.0,4.0,3.0,5.0,17.0,,1.0,3.0,10.0,32.0,64.0,7.0,21.0,26.0,111.0,5.0,10.0,,1.0,7.0,17.0,10.0,27.0,4.0,13.0,15.0,47.0,44.0,20.0,18.0,4.0,,17.0,5.0,5.0,22.0,6.0,28.0,4.0,12.0,4.0,6.0,62.0,12.0,13.0,25.0,4.0,42.0,14.0,56.0,4.0,6.0,3.0,3.0,9.0,,2.0,5.0,7.0,,,14.0,,7.0,14.0,23.0,1.0,2.0,25.0,,32.0,2.0,,11.0,6.0,5.0,3.0,,5.0,4.0,,1.0,94.0,47.0,45.0,1.0,6.0,0.6875,0.7333333333333333,0.8571428571428571,0.3333333333333333,,0.3076923076923077,0.3333333333333333,0.5,0.5,0.37037037037037035,0.5,0.45454545454545453,0.4,0.555,0.6071428571428571,0.47959183673469385,0.24705882352941178,0.078125,0.1724137931034483,,0.6428571428571429,1.0,0.7575757575757576,0.3870967741935484,0.7647058823529411,0.76,0.3111111111111111,0.5,0.4166666666666667,0.14285714285714285,0.8,0.6666666666666666,0.7777777777777778,0.7272727272727273,0.8333333333333334,0.1,99.0,0.8,15.848484848484848,13.242424242424242,15.343434343434344,12.666666666666666,0.3411764705882353,0.5862068965517241,0.7083333333333334,0.7058823529411765,0.2235294117647059,0.3684210526315789,0.3684210526315789,0.5714285714285714,0.18823529411764706,0.5,0.5,0.75,0.047058823529411764,0.2,0.29411764705882354,0.29411764705882354,0.8,0.7272727272727273,0.375,0.09090909090909091,,,0.45,0.4444444444444444,0.075,0.25,0.3,0.5882352941176471,0.29411764705882354,0.5018494117647059,0.5518090909090909,0.53739875,0.11702127659574468,0.1506849315068493,0.15315315315315314,0.42342342342342343,7.5234375,24.966666666666665,0.45454545454545453,2008-01-29,0020700661,HOU,2.0,2.0,2.0,,1.0,,,,1.0,,0.14285714285714285,0.16666666666666666,0.5,0.5,1.0,0.3333333333333333,,,,2.0,,,3.0,,1.0,0.3333333333333333,2.0,,,,,,,,,,2007-08,2008,Regular Season,,
48:00,87.0,87.0,21.0,17.0,19.0,174.0,20.0,38.0,5.0,10.0,3.0,6.0,3.0,15.0,12.0,21.0,6.0,1.0,3.0,14.0,,2.0,,3.0,35.0,74.0,6.0,20.0,15.0,103.0,6.0,14.0,1.0,3.0,6.0,21.0,8.0,17.0,1.0,4.0,8.0,27.0,38.0,32.0,18.0,10.0,,14.0,3.0,5.0,19.0,6.0,25.0,3.0,10.0,2.0,7.0,56.0,19.0,10.0,19.0,1.0,30.0,23.0,53.0,4.0,6.0,4.0,2.0,2.0,,,5.0,2.0,,1.0,7.0,2.0,1.0,6.0,16.0,2.0,1.0,19.0,,20.0,,,8.0,2.0,5.0,3.0,1.0,5.0,4.0,,1.0,82.0,27.0,21.0,1.0,2.0,0.5428571428571428,0.6333333333333333,1.0,0.3,0.3333333333333333,0.25,0.3,0.47297297297297297,0.42857142857142855,0.47058823529411764,0.46808510638297873,0.4411764705882353,0.4523809523809524,0.4951923076923077,0.5,0.5192307692307693,0.2127659574468085,0.06756756756756757,0.13157894736842105,,0.2857142857142857,1.0,0.7037037037037037,0.5,0.7142857142857143,0.7073170731707317,0.45098039215686275,0.4444444444444444,0.5454545454545454,0.5555555555555556,0.7,0.7142857142857143,0.7,0.6666666666666666,1.0,0.08695652173913043,87.0,0.8,17.563218390804597,15.540229885057471,16.655172413793103,14.620689655172415,0.40425531914893614,0.5263157894736842,0.6060606060606061,0.5,0.1595744680851064,0.2,0.2,0.6666666666666666,0.22340425531914893,0.5714285714285714,0.5714285714285714,0.5833333333333334,0.06382978723404255,0.14893617021276595,0.21428571428571427,0.21428571428571427,1.0,0.5882352941176471,0.5,0.11764705882352941,,,0.2857142857142857,0.5,0.047619047619047616,0.14285714285714285,,0.6170212765957447,0.21428571428571427,0.5114882978723404,0.5765100000000001,0.4692690476190476,0.0784313725490196,0.0975609756097561,0.20388349514563106,0.2621359223300971,6.89054054054054,24.825,0.2413793103448276,2008-01-30,0020700669,NOH,3.0,3.0,4.0,,1.0,,,,,,0.3076923076923077,0.2,0.5,0.5,1.0,,,1.0,,2.0,0.6666666666666666,0.058823529411764705,,,1.0,1.0,1.0,,,,,,,1.0,1.0,1.0,2007-08,2008,Regular Season,,
48:00,100.0,101.0,24.0,36.0,15.0,201.0,21.0,31.0,6.0,8.0,8.0,9.0,9.0,16.0,4.0,24.0,6.0,2.0,1.0,11.0,,2.0,1.0,5.0,34.0,71.0,3.0,17.0,19.0,96.0,9.0,13.0,,2.0,2.0,20.0,9.0,15.0,2.0,7.0,8.0,32.0,42.0,26.0,9.0,6.0,,11.0,1.0,5.0,21.0,3.0,24.0,1.0,11.0,7.0,3.0,51.0,11.0,7.0,20.0,4.0,31.0,16.0,47.0,1.0,5.0,4.0,1.0,9.0,1.0,4.0,7.0,5.0,,,16.0,,1.0,14.0,22.0,3.0,2.0,19.0,,26.0,2.0,,11.0,3.0,3.0,1.0,,3.0,1.0,,,76.0,32.0,24.0,2.0,2.0,0.6176470588235294,0.6774193548387096,1.0,0.17647058823529413,,0.2857142857142857,0.17647058823529413,0.4788732394366197,0.6923076923076923,0.6,0.4375,0.6,0.5454545454545454,0.48,0.625,0.5714285714285714,0.19318181818181818,0.07042253521126761,0.16129032258064516,,0.5625,1.0,0.6896551724137931,0.2972972972972973,1.0,0.75,0.3,0.3,0.5714285714285714,0.2,0.6666666666666666,0.4,0.8888888888888888,1.0,1.0,0.022727272727272728,100.5,0.3333333333333333,16.28,12.396039603960396,15.3,12.118811881188119,0.3522727272727273,0.6774193548387096,0.8076923076923077,0.5238095238095238,0.18181818181818182,0.5625,0.5625,0.7777777777777778,0.2727272727272727,0.16666666666666666,0.16666666666666666,0.75,0.06818181818181818,0.125,0.09090909090909091,0.09090909090909091,1.0,0.5333333333333333,0.75,0.13333333333333333,,,0.4090909090909091,0.8888888888888888,0.09090909090909091,0.22727272727272727,0.2,0.5454545454545454,0.09090909090909091,0.46961193181818184,0.5106458333333334,0.5123363636363636,0.1134020618556701,0.1375,0.20833333333333334,0.3333333333333333,8.885915492957746,25.38823529411765,0.24,2008-02-01,0020700686,CHA,2.0,2.0,4.0,1.0,,,,,1.0,0.25,0.3076923076923077,0.2222222222222222,0.3333333333333333,0.4,1.0,0.3333333333333333,,,,1.0,0.5,,,,1.0,0.5,2.0,,,1.0,0.058823529411764705,0.16666666666666666,,,,,2007-08,2008,Regular Season,,
48:00,105.0,105.0,32.0,28.0,6.0,210.0,16.0,25.0,,2.0,3.0,6.0,8.0,14.0,8.0,18.0,2.0,1.0,4.0,7.0,,,,1.0,32.0,57.0,5.0,9.0,35.0,114.0,1.0,4.0,,,6.0,8.0,5.0,11.0,,2.0,21.0,31.0,38.0,26.0,9.0,,,7.0,4.0,3.0,19.0,3.0,22.0,2.0,9.0,6.0,4.0,47.0,7.0,16.0,26.0,1.0,43.0,7.0,50.0,,8.0,5.0,3.0,14.0,2.0,7.0,11.0,7.0,,1.0,25.0,,9.0,12.0,16.0,1.0,2.0,31.0,1.0,48.0,4.0,2.0,17.0,8.0,7.0,6.0,,7.0,7.0,,,106.0,31.0,32.0,,7.0,0.59375,0.59375,0.6,0.5555555555555556,,,0.5555555555555556,0.5614035087719298,0.25,0.45454545454545453,0.5984848484848485,0.25,0.38461538461538464,0.6436781609195402,0.5,0.5769230769230769,0.13636363636363635,0.05263157894736842,0.12,,0.56,1.0,0.7878787878787878,0.28,0.7619047619047619,0.7777777777777778,0.2413793103448276,0.2222222222222222,0.3333333333333333,0.3,0.7916666666666666,0.6666666666666666,0.8333333333333334,0.6666666666666666,1.0,,105.0,1.0,14.923809523809524,12.504761904761905,14.438095238095238,12.047619047619047,0.3787878787878788,0.64,0.7272727272727273,0.5625,0.21212121212121213,0.5714285714285714,0.5714285714285714,0.75,0.2727272727272727,0.4444444444444444,0.4444444444444444,0.5,0.030303030303030304,0.10606060606060606,0.5714285714285714,0.5714285714285714,0.5,0.5,,,,,0.46153846153846156,0.5,0.07692307692307693,0.07692307692307693,,0.5151515151515151,0.5714285714285714,0.4752787878787879,0.41395,0.4281038461538461,0.21518987341772153,0.24285714285714285,0.07017543859649122,0.2719298245614035,8.801754385964912,25.544444444444444,0.3047619047619048,2008-02-07,0020700725,CHI,1.0,1.0,,,4.0,,,,1.0,,,,0.5,0.5,1.0,,,,,,,,6.0,,,,1.0,,,,,,,,,,2007-08,2008,Regular Season,,
48:00,102.0,102.0,47.0,26.0,15.0,204.0,23.0,42.0,5.0,8.0,13.0,22.0,6.0,11.0,10.0,23.0,4.0,3.0,2.0,12.0,1.0,2.0,,7.0,39.0,76.0,3.0,16.0,15.0,102.0,6.0,9.0,2.0,3.0,3.0,21.0,19.0,34.0,1.0,10.0,7.0,48.0,30.0,48.0,9.0,10.0,,12.0,2.0,5.0,15.0,3.0,18.0,2.0,8.0,2.0,5.0,39.0,12.0,14.0,19.0,4.0,37.0,16.0,53.0,6.0,9.0,5.0,4.0,10.0,1.0,5.0,8.0,5.0,,4.0,18.0,2.0,8.0,14.0,24.0,1.0,2.0,23.0,1.0,22.0,2.0,2.0,6.0,5.0,2.0,2.0,,4.0,2.0,,,81.0,48.0,47.0,3.0,3.0,0.38461538461538464,0.4411764705882353,1.0,0.1875,0.6666666666666666,0.1,0.1875,0.5131578947368421,0.6666666666666666,0.5588235294117647,0.47282608695652173,0.75,0.4659090909090909,0.5,0.75,0.47959183673469385,0.17391304347826086,0.06578947368421052,0.09523809523809523,0.09090909090909091,0.5555555555555556,0.8,0.6551724137931034,0.32432432432432434,0.6363636363636364,0.6470588235294118,0.32653061224489793,0.3684210526315789,0.4,0.23076923076923078,0.5714285714285714,0.6,0.7058823529411765,0.7142857142857143,0.5,0.13636363636363635,102.0,0.5,14.264705882352942,13.970588235294118,13.990196078431373,13.088235294117647,0.45652173913043476,0.5476190476190477,0.6052631578947368,0.34782608695652173,0.11956521739130435,0.5454545454545454,0.6,0.3333333333333333,0.25,0.43478260869565216,0.43478260869565216,0.5,0.043478260869565216,0.13043478260869565,0.16666666666666666,0.16666666666666666,1.0,0.6666666666666666,0.625,0.16666666666666666,0.5,1.0,0.5,0.5909090909090909,0.06818181818181818,0.1590909090909091,,0.6304347826086957,0.16666666666666666,0.4988086956521739,0.5951777777777778,0.5131102272727273,0.0625,0.075,0.20588235294117646,0.47058823529411764,7.489473684210527,25.25,0.46078431372549017,2008-02-09,0020700743,SAC,1.0,1.0,4.0,,1.0,,2.0,1.0,,,0.3333333333333333,0.4444444444444444,0.25,0.25,1.0,,,1.0,1.0,,,0.08333333333333333,,,1.0,0.3333333333333333,,,,,,,,1.0,1.0,1.0,2007-08,2008,Regular Season,1.0,
48:00,99.0,99.0,32.0,27.0,15.0,198.0,18.0,27.0,5.0,7.0,3.0,7.0,7.0,20.0,7.0,22.0,1.0,,9.0,20.0,2.0,3.0,4.0,9.0,32.0,69.0,10.0,21.0,23.0,117.0,6.0,9.0,2.0,3.0,5.0,23.0,7.0,20.0,4.0,9.0,7.0,33.0,24.0,40.0,21.0,8.0,,20.0,9.0,2.0,12.0,7.0,19.0,6.0,7.0,4.0,1.0,45.0,15.0,9.0,18.0,4.0,31.0,15.0,46.0,1.0,11.0,6.0,5.0,9.0,,7.0,4.0,2.0,2.0,,13.0,,4.0,12.0,23.0,,1.0,22.0,2.0,26.0,2.0,,9.0,3.0,2.0,2.0,,2.0,2.0,,,94.0,33.0,32.0,4.0,3.0,0.375,0.42857142857142855,0.7,0.47619047619047616,0.6666666666666666,0.4444444444444444,0.47619047619047616,0.463768115942029,0.6666666666666666,0.35,0.5222222222222223,0.75,0.4482758620689655,0.5792079207920792,0.7666666666666667,0.5,0.23333333333333334,0.028985507246376812,0.07407407407407407,,0.6923076923076923,0.8,0.8181818181818182,0.40540540540540543,0.5294117647058824,0.6923076923076923,0.3191489361702128,0.6666666666666666,0.15384615384615385,0.4666666666666667,0.875,,0.9166666666666666,0.5,0.6666666666666666,0.022222222222222223,99.0,1.0,16.606060606060606,12.484848484848484,16.04040404040404,11.868686868686869,0.3,0.6666666666666666,0.72,0.3888888888888889,0.2222222222222222,0.35,0.35,0.5714285714285714,0.24444444444444444,0.3181818181818182,0.3181818181818182,0.14285714285714285,0.011111111111111112,0.2222222222222222,0.45,0.45,0.6666666666666666,0.5833333333333334,0.7142857142857143,0.25,0.6666666666666666,1.0,0.2413793103448276,0.42857142857142855,,0.3103448275862069,0.4444444444444444,0.5333333333333333,0.45,0.46671944444444446,0.4934791666666667,0.4294103448275862,0.11224489795918367,0.11842105263157894,0.19658119658119658,0.28205128205128205,9.31304347826087,25.947619047619046,0.32323232323232326,2008-02-11,0020700757,WAS,1.0,1.0,,,3.0,2.0,,,,,,,1.0,1.0,1.0,,0.09090909090909091,,,,,,9.0,,,,,,1.0,,,,,,,,2007-08,2008,Regular Season,,
48:00,97.0,99.0,24.0,14.0,13.0,196.0,24.0,36.0,4.0,9.0,6.0,7.0,4.0,12.0,10.0,18.0,7.0,4.0,5.0,14.0,,2.0,1.0,3.0,38.0,66.0,7.0,21.0,21.0,118.0,4.0,10.0,1.0,3.0,5.0,16.0,8.0,15.0,2.0,7.0,3.0,25.0,44.0,32.0,18.0,4.0,,14.0,5.0,2.0,22.0,6.0,28.0,4.0,12.0,2.0,8.0,62.0,10.0,9.0,21.0,3.0,33.0,17.0,50.0,2.0,5.0,2.0,3.0,10.0,2.0,6.0,9.0,4.0,,1.0,19.0,2.0,5.0,6.0,16.0,2.0,3.0,21.0,3.0,26.0,6.0,2.0,14.0,1.0,1.0,,,1.0,1.0,,,102.0,25.0,24.0,1.0,1.0,0.5789473684210527,0.6111111111111112,0.8571428571428571,0.3333333333333333,0.3333333333333333,0.2857142857142857,0.3333333333333333,0.5757575757575758,0.4,0.5333333333333333,0.5574712643678161,0.4230769230769231,0.5,0.6041666666666666,0.5333333333333333,0.5434782608695652,0.2413793103448276,0.030303030303030304,0.05555555555555555,,0.5263157894736842,1.0,0.6774193548387096,0.35714285714285715,0.75,0.6976744186046512,0.4146341463414634,0.5833333333333334,0.25,0.125,0.75,0.8571428571428571,0.5625,0.7777777777777778,0.6666666666666666,0.05128205128205128,98.0,1.0,14.907216494845361,14.484848484848484,14.123711340206185,13.878787878787879,0.41379310344827586,0.6666666666666666,0.7058823529411765,0.5,0.13793103448275862,0.3333333333333333,0.3333333333333333,0.5,0.20689655172413793,0.5555555555555556,0.5555555555555556,0.8,0.08045977011494253,0.16091954022988506,0.35714285714285715,0.35714285714285715,0.8,0.6923076923076923,0.4444444444444444,0.15384615384615385,,,0.3181818181818182,0.8571428571428571,0.18181818181818182,0.13636363636363635,0.3333333333333333,0.6551724137931034,0.35714285714285715,0.4969965517241379,0.54128125,0.4758181818181818,0.14736842105263157,0.1891891891891892,0.13559322033898305,0.211864406779661,7.643939393939394,25.24761904761905,0.24742268041237114,2008-02-13,0020700775,PHX,2.0,2.0,7.0,,1.0,,,,,,0.5384615384615384,0.75,0.2857142857142857,0.2857142857142857,1.0,,,1.0,1.0,1.0,0.2,0.07692307692307693,3.0,,1.0,0.25,1.0,,,,,,,1.0,1.0,1.0,2007-08,2008,Regular Season,,
48:00,98.0,98.0,35.0,19.0,13.0,196.0,18.0,30.0,3.0,5.0,4.0,7.0,10.0,13.0,9.0,25.0,6.0,3.0,4.0,10.0,,1.0,1.0,5.0,37.0,68.0,8.0,16.0,21.0,119.0,5.0,10.0,,1.0,1.0,11.0,9.0,19.0,3.0,8.0,9.0,36.0,46.0,28.0,24.0,6.0,,10.0,4.0,4.0,23.0,8.0,31.0,4.0,11.0,5.0,7.0,70.0,12.0,11.0,22.0,2.0,35.0,14.0,49.0,,4.0,1.0,3.0,8.0,2.0,6.0,11.0,2.0,,1.0,19.0,2.0,7.0,12.0,21.0,1.0,5.0,22.0,3.0,23.0,4.0,1.0,12.0,1.0,5.0,4.0,1.0,6.0,3.0,,,108.0,36.0,35.0,,1.0,0.6216216216216216,0.6764705882352942,1.0,0.5,,0.375,0.5,0.5441176470588235,0.5,0.47368421052631576,0.5833333333333334,0.45454545454545453,0.5,0.6344086021505376,0.4583333333333333,0.5625,0.19047619047619047,0.058823529411764705,0.13333333333333333,,0.42105263157894735,1.0,0.7857142857142857,0.3870967741935484,0.7857142857142857,0.7857142857142857,0.358974358974359,0.3333333333333333,0.6666666666666666,0.375,0.9090909090909091,0.4,0.8333333333333334,0.8,0.75,,98.0,0.5,16.520408163265305,12.86734693877551,15.346938775510203,12.438775510204081,0.35714285714285715,0.6,0.6923076923076923,0.6111111111111112,0.15476190476190477,0.7692307692307693,0.7692307692307693,0.5,0.2976190476190476,0.36,0.36,0.7777777777777778,0.07142857142857142,0.11904761904761904,0.4,0.4,1.0,0.45454545454545453,0.6,0.09090909090909091,,,0.25925925925925924,0.5714285714285714,0.1111111111111111,0.18518518518518517,0.2,0.5476190476190477,0.4,0.50655,0.48114999999999997,0.4825333333333333,0.13043478260869565,0.15789473684210525,0.09243697478991597,0.3025210084033613,8.532352941176471,23.7,0.35714285714285715,2008-02-19,0020700786,UTA,4.0,4.0,2.0,,,,1.0,1.0,,,0.25,0.3333333333333333,0.6666666666666666,0.6666666666666666,1.0,,,,,1.0,,,,,2.0,0.6666666666666666,,,,,,,,,,,2007-08,2008,Regular Season,,
48:00,104.0,106.0,37.0,42.0,10.0,210.0,16.0,27.0,4.0,6.0,3.0,4.0,4.0,11.0,6.0,16.0,7.0,4.0,7.0,16.0,,,2.0,3.0,26.0,54.0,11.0,23.0,32.0,117.0,4.0,6.0,,,4.0,12.0,5.0,11.0,4.0,7.0,16.0,38.0,28.0,24.0,30.0,8.0,,16.0,7.0,4.0,14.0,10.0,24.0,6.0,7.0,2.0,5.0,58.0,6.0,8.0,21.0,4.0,33.0,10.0,43.0,,8.0,5.0,3.0,8.0,1.0,4.0,7.0,4.0,,2.0,15.0,1.0,8.0,19.0,28.0,3.0,2.0,28.0,,46.0,2.0,,19.0,5.0,3.0,2.0,,3.0,,,1.0,105.0,38.0,37.0,3.0,4.0,0.5384615384615384,0.6363636363636364,0.9090909090909091,0.4782608695652174,,0.5714285714285714,0.4782608695652174,0.48148148148148145,0.6666666666666666,0.45454545454545453,0.551948051948052,0.6666666666666666,0.6111111111111112,0.5909090909090909,0.6666666666666666,0.6551724137931034,0.2987012987012987,0.07407407407407407,0.07407407407407407,0.18181818181818182,0.5333333333333333,0.8,0.6176470588235294,0.21428571428571427,0.7272727272727273,0.6444444444444445,0.225,0.36363636363636365,0.2857142857142857,,0.375,0.5,1.0,0.875,0.3333333333333333,,105.0,,14.057692307692308,13.377358490566039,13.653846153846153,12.952830188679245,0.35064935064935066,0.5925925925925926,0.64,0.4375,0.14285714285714285,0.36363636363636365,0.4444444444444444,0.5,0.2077922077922078,0.375,0.375,0.8333333333333334,0.09090909090909091,0.2077922077922078,0.4375,0.4375,0.8571428571428571,1.0,0.6666666666666666,,,,0.2222222222222222,0.75,0.2222222222222222,0.16666666666666666,0.6666666666666666,0.6493506493506493,0.4375,0.5099383116883117,0.5868166666666667,0.5040111111111112,0.20212765957446807,0.2676056338028169,0.10256410256410256,0.3247863247863248,8.29814814814815,25.104347826086954,0.3557692307692308,2008-02-20,0020700799,BOS,4.0,4.0,3.0,1.0,2.0,,,,,0.16666666666666666,0.25,0.3333333333333333,0.5714285714285714,0.5714285714285714,1.0,,,,,,,,3.0,,2.0,0.5,1.0,,,,,,,,,,2007-08,2008,Regular Season,,
48:00,102.0,101.0,19.0,17.0,15.0,203.0,17.0,26.0,4.0,7.0,3.0,5.0,7.0,20.0,8.0,21.0,9.0,1.0,7.0,14.0,1.0,1.0,3.0,3.0,32.0,67.0,10.0,23.0,23.0,117.0,5.0,14.0,1.0,2.0,6.0,19.0,4.0,8.0,3.0,4.0,6.0,23.0,32.0,32.0,30.0,2.0,,14.0,7.0,6.0,16.0,10.0,26.0,7.0,7.0,3.0,6.0,62.0,16.0,14.0,22.0,2.0,38.0,21.0,59.0,4.0,7.0,6.0,1.0,9.0,3.0,5.0,12.0,4.0,,1.0,21.0,3.0,4.0,10.0,17.0,,3.0,22.0,3.0,27.0,2.0,2.0,9.0,4.0,5.0,3.0,,6.0,4.0,,1.0,98.0,23.0,19.0,,3.0,0.5,0.5161290322580645,1.0,0.43478260869565216,0.5,0.75,0.43478260869565216,0.47761194029850745,0.35714285714285715,0.5,0.5222222222222223,0.40625,0.7083333333333334,0.5742574257425742,0.5,0.7666666666666667,0.25555555555555554,0.08955223880597014,0.038461538461538464,0.25,0.42857142857142855,0.6666666666666666,0.7333333333333333,0.45714285714285713,0.7777777777777778,0.75,0.4375,0.3333333333333333,0.6153846153846154,0.38461538461538464,0.7,0.75,0.75,0.6666666666666666,1.0,0.09523809523809523,101.5,0.6666666666666666,15.666666666666666,12.693069306930694,14.245098039215685,12.168316831683168,0.28888888888888886,0.6538461538461539,0.68,0.4117647058823529,0.2222222222222222,0.35,0.4666666666666667,0.42857142857142855,0.23333333333333334,0.38095238095238093,0.38095238095238093,0.75,0.1,0.15555555555555556,0.5,0.5,1.0,0.4375,0.5714285714285714,0.0625,1.0,1.0,0.4166666666666667,0.6,0.08333333333333333,0.25,1.0,0.5444444444444444,0.5,0.470485,0.43078333333333335,0.433375,0.10309278350515463,0.12162162162162163,0.1623931623931624,0.19658119658119658,8.455223880597014,25.26521739130435,0.18627450980392157,2008-02-22,0020700814,ATL,3.0,3.0,5.0,,,1.0,1.0,,,,0.38461538461538464,0.2857142857142857,0.3333333333333333,0.3333333333333333,1.0,,0.043478260869565216,1.0,,,0.5,0.0625,,,,,2.0,,1.0,,,,,,,,2007-08,2008,Regular Season,1.0,
48:00,100.0,100.0,11.0,17.0,17.0,200.0,32.0,42.0,7.0,11.0,7.0,7.0,3.0,15.0,10.0,28.0,1.0,,,3.0,,,,,45.0,85.0,,4.0,9.0,99.0,7.0,12.0,,,3.0,17.0,8.0,9.0,,,1.0,17.0,60.0,30.0,,10.0,,3.0,,5.0,30.0,,30.0,,20.0,1.0,9.0,60.0,15.0,11.0,28.0,,39.0,17.0,56.0,2.0,7.0,3.0,4.0,14.0,1.0,6.0,11.0,8.0,1.0,2.0,25.0,4.0,2.0,7.0,18.0,2.0,5.0,16.0,,13.0,6.0,1.0,9.0,,8.0,4.0,,8.0,4.0,,,82.0,17.0,11.0,,,0.6666666666666666,0.75,,,,,,0.5294117647058824,0.5833333333333334,0.8888888888888888,0.5056179775280899,0.5833333333333334,0.8888888888888888,0.532608695652174,0.6538461538461539,0.9444444444444444,0.0449438202247191,0.058823529411764705,0.07142857142857142,0.13333333333333333,0.56,,0.6829268292682927,0.38461538461538464,0.7333333333333333,0.6964285714285714,0.3953488372093023,0.2,0.5833333333333334,0.35294117647058826,0.42105263157894735,1.0,0.8666666666666667,0.6666666666666666,0.8333333333333334,0.05263157894736842,100.0,0.5,13.93,14.87,13.15,13.77,0.47191011235955055,0.7619047619047619,0.8205128205128205,0.625,0.16853932584269662,0.2,0.23076923076923078,0.3333333333333333,0.3146067415730337,0.35714285714285715,0.35714285714285715,0.9,0.011235955056179775,0.033707865168539325,,,,0.9166666666666666,0.6363636363636364,,,,0.7777777777777778,1.0,,,,0.5168539325842697,,0.4965915730337078,0.5451699999999999,0.5512222222222223,0.09782608695652174,0.10227272727272728,0.1717171717171717,0.1717171717171717,8.170588235294117,26.55,0.11,2008-02-26,0020700844,SEA,,,2.0,,,,,,,,0.5,0.3333333333333333,,,,0.2857142857142857,,,,,1.0,,,,,,4.0,,,,,,,,,,2007-08,2008,Regular Season,,
48:00,98.0,97.0,17.0,17.0,23.0,195.0,23.0,38.0,7.0,13.0,4.0,8.0,6.0,28.0,8.0,23.0,2.0,,2.0,8.0,,2.0,,,37.0,89.0,3.0,10.0,14.0,97.0,9.0,21.0,,2.0,5.0,23.0,8.0,19.0,,,2.0,18.0,40.0,34.0,9.0,10.0,,8.0,2.0,12.0,20.0,3.0,23.0,2.0,13.0,3.0,4.0,49.0,24.0,11.0,17.0,2.0,30.0,29.0,59.0,4.0,8.0,6.0,2.0,8.0,2.0,4.0,11.0,4.0,1.0,2.0,19.0,3.0,3.0,8.0,19.0,2.0,3.0,17.0,2.0,22.0,2.0,,12.0,,2.0,2.0,,2.0,,,1.0,74.0,18.0,17.0,2.0,,0.5405405405405406,0.625,1.0,0.3,,,0.3,0.4157303370786517,0.42857142857142855,0.42105263157894735,0.41919191919191917,0.391304347826087,0.42105263157894735,0.44495412844036697,0.4423076923076923,0.42857142857142855,0.10101010101010101,0.1348314606741573,0.13157894736842105,0.21428571428571427,0.42105263157894735,1.0,0.6296296296296297,0.47058823529411764,0.7333333333333333,0.6666666666666666,0.4827586206896552,0.6666666666666666,0.45454545454545453,0.2857142857142857,0.4444444444444444,0.3333333333333333,0.9166666666666666,0.8,0.6,0.08695652173913043,97.5,,15.224489795918368,14.309278350515465,13.724489795918368,13.639175257731958,0.3838383838383838,0.6052631578947368,0.696969696969697,0.5652173913043478,0.2828282828282828,0.21428571428571427,0.2727272727272727,0.5,0.23232323232323232,0.34782608695652173,0.36363636363636365,0.5,0.020202020202020204,0.08080808080808081,0.25,0.25,1.0,0.5652173913043478,0.5384615384615384,0.08695652173913043,,,0.42105263157894735,0.5,,,,0.48484848484848486,0.25,0.4790747474747475,0.4928736842105263,0.47646842105263154,0.11009174311926606,0.12121212121212122,0.23711340206185566,0.18556701030927836,8.202247191011235,25.4,0.17346938775510204,2008-02-29,0020700867,PHI,1.0,1.0,4.0,1.0,2.0,,,,,0.2,0.5714285714285714,0.6666666666666666,0.5,0.5,1.0,0.2857142857142857,,,,,,,,0.043478260869565216,,,,,,,,,,,,,2007-08,2008,Regular Season,,
48:00,92.0,91.0,34.0,13.0,16.0,183.0,17.0,23.0,6.0,7.0,6.0,9.0,6.0,16.0,12.0,29.0,2.0,,3.0,14.0,,2.0,1.0,7.0,35.0,68.0,5.0,16.0,19.0,104.0,10.0,13.0,1.0,3.0,1.0,24.0,11.0,22.0,1.0,7.0,10.0,35.0,34.0,36.0,12.0,10.0,1.0,13.0,3.0,7.0,17.0,4.0,21.0,2.0,6.0,4.0,7.0,46.0,14.0,10.0,24.0,2.0,36.0,18.0,54.0,,6.0,3.0,3.0,8.0,2.0,2.0,8.0,6.0,1.0,1.0,16.0,1.0,7.0,11.0,16.0,,2.0,23.0,,26.0,3.0,1.0,10.0,4.0,5.0,4.0,,6.0,5.0,,1.0,80.0,35.0,34.0,,4.0,0.4857142857142857,0.5666666666666667,0.8,0.3125,0.3333333333333333,0.14285714285714285,0.3333333333333333,0.5147058823529411,0.7692307692307693,0.5,0.5059523809523809,0.71875,0.43103448275862066,0.5421052631578948,0.7058823529411765,0.4861111111111111,0.19047619047619047,0.10294117647058823,0.21739130434782608,0.0625,0.5,1.0,0.75,0.42424242424242425,0.625,0.7083333333333334,0.4186046511627907,0.3333333333333333,0.5,0.4117647058823529,0.6363636363636364,0.8181818181818182,0.8,0.6153846153846154,0.6666666666666666,,91.5,0.8333333333333334,16.380434782608695,15.087912087912088,14.956521739130435,14.494505494505495,0.27380952380952384,0.7391304347826086,0.9444444444444444,0.35294117647058826,0.19047619047619047,0.375,0.4,0.6666666666666666,0.34523809523809523,0.41379310344827586,0.42857142857142855,0.5833333333333334,0.023809523809523808,0.16666666666666666,0.21428571428571427,0.21428571428571427,0.6666666666666666,0.4375,0.8571428571428571,0.125,,,0.3103448275862069,0.6666666666666666,,0.2413793103448276,0.14285714285714285,0.4642857142857143,0.23076923076923078,0.46166144578313256,0.5142875,0.45045178571428574,0.10989010989010989,0.13333333333333333,0.23076923076923078,0.33653846153846156,11.023529411764706,27.93125,0.3695652173913043,2008-03-02,0020700884,POR,2.0,2.0,4.0,,2.0,,1.0,1.0,,,0.4,0.4,1.0,1.0,1.0,0.16666666666666666,,1.0,,,,0.0625,3.0,0.034482758620689655,,,1.0,,,,,,,1.0,1.0,1.0,2007-08,2008,Regular Season,,
48:00,102.0,103.0,41.0,13.0,9.0,205.0,16.0,25.0,4.0,7.0,5.0,7.0,7.0,14.0,9.0,22.0,4.0,2.0,4.0,12.0,,,2.0,6.0,32.0,61.0,7.0,16.0,33.0,118.0,5.0,9.0,,,3.0,13.0,10.0,19.0,3.0,8.0,21.0,50.0,34.0,30.0,21.0,8.0,1.0,11.0,4.0,5.0,17.0,7.0,24.0,4.0,6.0,5.0,6.0,55.0,9.0,10.0,21.0,1.0,32.0,11.0,43.0,4.0,6.0,3.0,3.0,10.0,2.0,8.0,8.0,2.0,,2.0,18.0,,6.0,2.0,12.0,3.0,,28.0,1.0,40.0,3.0,1.0,17.0,4.0,7.0,7.0,,7.0,6.0,,1.0,105.0,50.0,41.0,3.0,4.0,0.53125,0.6071428571428571,1.0,0.4375,,0.375,0.4666666666666667,0.5245901639344263,0.5555555555555556,0.5263157894736842,0.551948051948052,0.5555555555555556,0.5370370370370371,0.6157894736842106,0.5909090909090909,0.6447368421052632,0.2077922077922078,0.08196721311475409,0.16,,0.5555555555555556,1.0,0.7,0.3103448275862069,0.7142857142857143,0.7045454545454546,0.2972972972972973,0.6666666666666666,0.42857142857142855,,0.7692307692307693,0.625,0.6666666666666666,0.6666666666666666,0.8,0.125,102.5,0.8571428571428571,13.892156862745098,14.20388349514563,13.519607843137255,13.54368932038835,0.3246753246753247,0.64,0.7619047619047619,0.375,0.18181818181818182,0.5,0.5,0.7142857142857143,0.2857142857142857,0.4090909090909091,0.42857142857142855,0.6666666666666666,0.05194805194805195,0.15584415584415584,0.3333333333333333,0.3333333333333333,1.0,0.7777777777777778,0.5714285714285714,,,,0.25925925925925924,0.7142857142857143,0.07407407407407407,0.2222222222222222,0.3333333333333333,0.5324675324675324,0.36363636363636365,0.4963276315789474,0.5482571428571429,0.5030269230769231,0.18681318681318682,0.22666666666666666,0.11016949152542373,0.423728813559322,8.601639344262296,27.9,0.4019607843137255,2008-03-04,0020700889,ATL,3.0,3.0,2.0,,1.0,,,,,,0.25,0.2857142857142857,0.75,0.75,1.0,,,,3.0,,,,,0.045454545454545456,1.0,0.5,,,,,,,,,,,2007-08,2008,Regular Season,,
48:00,101.0,101.0,47.0,21.0,19.0,202.0,21.0,36.0,4.0,6.0,12.0,18.0,3.0,13.0,7.0,23.0,8.0,2.0,7.0,14.0,1.0,3.0,4.0,10.0,31.0,72.0,9.0,22.0,29.0,118.0,6.0,10.0,1.0,3.0,12.0,27.0,17.0,32.0,4.0,12.0,13.0,59.0,20.0,42.0,12.0,8.0,,14.0,7.0,8.0,10.0,4.0,14.0,3.0,9.0,,1.0,32.0,14.0,13.0,19.0,5.0,37.0,21.0,58.0,1.0,9.0,7.0,2.0,5.0,,4.0,6.0,1.0,,,11.0,2.0,4.0,14.0,24.0,1.0,3.0,28.0,1.0,41.0,3.0,,16.0,6.0,5.0,4.0,1.0,5.0,4.0,,,91.0,59.0,47.0,3.0,4.0,0.3225806451612903,0.37037037037037035,0.4444444444444444,0.4090909090909091,0.3333333333333333,0.3333333333333333,0.4090909090909091,0.4305555555555556,0.6,0.53125,0.4734042553191489,0.5769230769230769,0.5227272727272727,0.5221238938053098,0.6428571428571429,0.5566037735849056,0.23404255319148937,0.1111111111111111,0.1388888888888889,0.15384615384615385,0.45454545454545453,1.0,0.8260869565217391,0.35,0.7222222222222222,0.7804878048780488,0.36538461538461536,0.4,0.4,0.26666666666666666,0.75,0.75,0.9090909090909091,0.6666666666666666,1.0,0.022222222222222223,101.0,0.8,16.10891089108911,12.405940594059405,15.009900990099009,12.356435643564357,0.3829787234042553,0.5833333333333334,0.6774193548387096,0.42857142857142855,0.13829787234042554,0.23076923076923078,0.2727272727272727,,0.24468085106382978,0.30434782608695654,0.3181818181818182,0.14285714285714285,0.0851063829787234,0.14893617021276595,0.5,0.5,0.42857142857142855,0.46153846153846156,0.6666666666666666,0.23076923076923078,0.3333333333333333,,0.4090909090909091,0.6666666666666666,0.045454545454545456,0.22727272727272727,0.4,0.6170212765957447,0.5,0.48627096774193546,0.476375,0.47427441860465114,0.14953271028037382,0.18823529411764706,0.2288135593220339,0.5,7.593055555555556,26.11818181818182,0.46534653465346537,2008-03-05,0020700898,CHA,2.0,1.0,5.0,2.0,2.0,,,,1.0,0.2857142857142857,0.4166666666666667,0.16666666666666666,0.25,0.25,0.5,,,,,1.0,0.6666666666666666,,15.0,0.043478260869565216,,,,,,,,,,,,,2007-08,2008,Regular Season,,
48:00,102.0,102.0,28.0,18.0,4.0,204.0,20.0,26.0,,1.0,4.0,5.0,2.0,9.0,8.0,22.0,4.0,,5.0,20.0,1.0,1.0,1.0,8.0,30.0,57.0,7.0,24.0,18.0,99.0,,1.0,1.0,1.0,6.0,9.0,8.0,15.0,1.0,8.0,6.0,25.0,24.0,36.0,15.0,,,20.0,5.0,3.0,12.0,5.0,17.0,3.0,7.0,2.0,3.0,39.0,3.0,15.0,15.0,2.0,32.0,5.0,37.0,1.0,6.0,4.0,2.0,12.0,2.0,8.0,3.0,4.0,,,15.0,,4.0,10.0,15.0,1.0,,21.0,2.0,23.0,1.0,,11.0,1.0,7.0,5.0,,7.0,3.0,,,90.0,25.0,28.0,,1.0,0.4,0.4,0.7142857142857143,0.2916666666666667,1.0,0.125,0.2916666666666667,0.5263157894736842,,0.5333333333333333,0.5,0.75,0.41304347826086957,0.5380434782608695,0.9,0.4807692307692308,0.2962962962962963,0.05263157894736842,0.11538461538461539,,0.8,1.0,0.5555555555555556,0.1111111111111111,0.8823529411764706,0.6818181818181818,0.11627906976744186,0.16666666666666666,0.14285714285714285,0.07142857142857142,0.5454545454545454,0.5714285714285714,0.5555555555555556,0.8,1.0,0.025,102.0,0.42857142857142855,15.333333333333334,12.901960784313726,15.235294117647058,12.284313725490197,0.32098765432098764,0.7692307692307693,0.8695652173913043,0.35,0.1111111111111111,0.2222222222222222,0.2222222222222222,1.0,0.2716049382716049,0.36363636363636365,0.36363636363636365,0.375,0.04938271604938271,0.24691358024691357,0.25,0.25,0.6,0.5,,0.5,1.0,1.0,0.21739130434782608,0.8,,0.34782608695652173,0.125,0.6172839506172839,0.25,0.504096913580247,0.6002,0.4875391304347826,0.12087912087912088,0.16417910447761194,0.09090909090909091,0.25252525252525254,8.1,24.620833333333334,0.27450980392156865,2008-03-07,0020700916,MIA,2.0,2.0,2.0,,,,,,,,0.125,0.14285714285714285,0.5,0.5,1.0,,,,,,,,6.0,,,,2.0,,,,,,,,,,2007-08,2008,Regular Season,,
48:00,101.0,101.0,34.0,20.0,5.0,202.0,19.0,34.0,,2.0,6.0,11.0,4.0,11.0,1.0,9.0,8.0,3.0,5.0,13.0,,1.0,2.0,6.0,24.0,54.0,10.0,21.0,17.0,95.0,,2.0,,1.0,2.0,2.0,9.0,17.0,4.0,9.0,9.0,39.0,20.0,28.0,21.0,,,13.0,5.0,3.0,10.0,7.0,17.0,3.0,8.0,1.0,1.0,41.0,3.0,15.0,26.0,1.0,42.0,5.0,47.0,2.0,3.0,3.0,,14.0,2.0,7.0,6.0,7.0,,2.0,20.0,1.0,3.0,9.0,18.0,3.0,2.0,25.0,3.0,24.0,2.0,1.0,9.0,2.0,7.0,6.0,,7.0,4.0,,,93.0,39.0,34.0,5.0,2.0,0.4166666666666667,0.4166666666666667,0.7,0.47619047619047616,,0.4444444444444444,0.47619047619047616,0.4444444444444444,,0.5294117647058824,0.52,,0.5769230769230769,0.5529411764705883,0.25,0.6290322580645161,0.28,0.05555555555555555,0.058823529411764705,,0.7,1.0,0.6842105263157895,0.1,0.8333333333333334,0.7321428571428571,0.0975609756097561,0.06666666666666667,0.14285714285714285,0.125,0.6,0.42857142857142855,0.875,0.8,1.0,0.05263157894736842,101.0,0.5714285714285714,14.881188118811881,13.633663366336634,14.663366336633663,12.772277227722773,0.4533333333333333,0.5588235294117647,0.59375,0.42105263157894735,0.14666666666666667,0.36363636363636365,0.36363636363636365,0.25,0.12,0.1111111111111111,0.125,1.0,0.10666666666666667,0.17333333333333334,0.38461538461538464,0.38461538461538464,0.6,0.6666666666666666,,0.3333333333333333,,,0.4230769230769231,0.5454545454545454,0.11538461538461539,0.23076923076923078,0.3333333333333333,0.7333333333333333,0.38461538461538464,0.5190593333333333,0.47665,0.5124980769230769,0.12048192771084337,0.14754098360655737,0.021052631578947368,0.4105263157894737,4.78888888888889,24.652380952380955,0.33663366336633666,2008-03-08,0020700927,ORL,5.0,4.0,1.0,1.0,1.0,1.0,,,2.0,0.3333333333333333,0.09090909090909091,0.125,0.625,0.625,0.8,,0.045454545454545456,,,,,,9.0,0.1111111111111111,2.0,0.6666666666666666,1.0,,,,,,,,,,2007-08,2008,Regular Season,,
48:00,96.0,96.0,42.0,10.0,11.0,192.0,8.0,12.0,4.0,4.0,3.0,3.0,8.0,20.0,21.0,39.0,2.0,1.0,3.0,11.0,,1.0,1.0,4.0,37.0,71.0,5.0,13.0,17.0,106.0,5.0,9.0,,1.0,3.0,13.0,18.0,30.0,2.0,5.0,10.0,52.0,34.0,40.0,15.0,8.0,1.0,10.0,3.0,4.0,17.0,5.0,22.0,3.0,2.0,4.0,11.0,49.0,12.0,12.0,16.0,1.0,29.0,14.0,43.0,2.0,5.0,3.0,2.0,7.0,,4.0,10.0,3.0,,1.0,17.0,2.0,6.0,8.0,20.0,1.0,5.0,22.0,1.0,20.0,,,6.0,4.0,5.0,3.0,,5.0,2.0,,,93.0,52.0,42.0,1.0,4.0,0.4594594594594595,0.5151515151515151,1.0,0.38461538461538464,,0.4,0.4166666666666667,0.5211267605633803,0.5555555555555556,0.6,0.5297619047619048,0.5,0.6,0.5638297872340425,0.5416666666666666,0.6341463414634146,0.15476190476190477,0.056338028169014086,0.08333333333333333,0.15,0.4117647058823529,0.3333333333333333,0.7619047619047619,0.35294117647058826,0.6666666666666666,0.717948717948718,0.34146341463414637,0.5,0.4166666666666667,0.2777777777777778,0.6,0.5,1.0,0.6666666666666666,0.6666666666666666,0.05405405405405406,96.0,0.4,15.770833333333334,14.229166666666666,15.197916666666666,13.489583333333334,0.14285714285714285,0.6666666666666666,0.7272727272727273,0.25,0.23809523809523808,0.4,0.47058823529411764,0.5,0.4642857142857143,0.5384615384615384,0.5384615384615384,0.5238095238095238,0.023809523809523808,0.13095238095238096,0.2727272727272727,0.2727272727272727,1.0,0.4,1.0,0.1,,,0.08571428571428572,1.0,0.02857142857142857,0.11428571428571428,0.25,0.2976190476190476,0.3,0.42719457831325297,0.4519222222222223,0.40070857142857147,0.06666666666666667,0.07792207792207792,0.12264150943396226,0.49056603773584906,12.039436619718309,27.576923076923077,0.4375,2008-03-12,0020700962,TOR,2.0,2.0,2.0,,1.0,,,,1.0,,0.2857142857142857,0.2857142857142857,1.0,1.0,1.0,,,,,1.0,,,,,1.0,1.0,2.0,,,,,,,,,,2007-08,2008,Regular Season,,
48:00,99.0,100.0,16.0,11.0,9.0,199.0,16.0,24.0,2.0,3.0,2.0,3.0,10.0,17.0,7.0,17.0,9.0,1.0,6.0,15.0,,1.0,,3.0,33.0,58.0,12.0,24.0,21.0,123.0,3.0,4.0,1.0,4.0,1.0,10.0,5.0,8.0,,4.0,7.0,17.0,32.0,34.0,33.0,2.0,,15.0,6.0,2.0,16.0,11.0,27.0,5.0,11.0,1.0,4.0,65.0,6.0,9.0,30.0,2.0,41.0,11.0,52.0,3.0,2.0,2.0,,10.0,3.0,5.0,6.0,5.0,,,16.0,1.0,1.0,10.0,18.0,,3.0,23.0,2.0,28.0,3.0,1.0,10.0,5.0,8.0,8.0,,8.0,3.0,,1.0,113.0,17.0,16.0,,4.0,0.48484848484848486,0.5,0.9166666666666666,0.5,0.25,,0.5,0.5689655172413793,0.75,0.625,0.6219512195121951,0.5625,0.4166666666666667,0.648936170212766,0.5,0.5,0.2926829268292683,0.034482758620689655,0.08333333333333333,,0.625,1.0,0.6382978723404256,0.24,0.6923076923076923,0.65,0.3055555555555556,0.25,0.14285714285714285,0.3,0.3333333333333333,0.8461538461538461,0.8125,0.7272727272727273,0.5,0.08823529411764706,99.5,0.375,14.83838383838384,14.11,14.151515151515152,13.35,0.2926829268292683,0.6666666666666666,0.7272727272727273,0.6875,0.2073170731707317,0.5882352941176471,0.5882352941176471,0.1,0.2073170731707317,0.4117647058823529,0.4117647058823529,0.5714285714285714,0.10975609756097561,0.18292682926829268,0.4,0.4,0.8333333333333334,0.375,0.6666666666666666,0.125,,,0.25,0.6666666666666666,0.08333333333333333,0.25,,0.5853658536585366,0.4,0.5095317073170731,0.5256875,0.47333749999999997,0.11235955056179775,0.15384615384615385,0.08130081300813008,0.13821138211382114,7.531034482758621,24.233333333333334,0.16161616161616163,2008-03-13,0020700965,PHX,6.0,6.0,5.0,,1.0,,,,1.0,,0.45454545454545453,0.625,0.6666666666666666,0.6666666666666666,1.0,,,3.0,,,,0.375,3.0,,,,,,,,,,,1.0,0.3333333333333333,1.0,2007-08,2008,Regular Season,,
48:00,100.0,102.0,28.0,16.0,13.0,202.0,25.0,39.0,4.0,8.0,9.0,13.0,7.0,21.0,2.0,12.0,1.0,,6.0,14.0,2.0,2.0,2.0,7.0,34.0,72.0,6.0,15.0,21.0,107.0,5.0,9.0,2.0,2.0,4.0,20.0,12.0,20.0,2.0,7.0,4.0,34.0,28.0,40.0,18.0,10.0,,14.0,6.0,4.0,14.0,6.0,20.0,6.0,10.0,4.0,,46.0,14.0,8.0,18.0,5.0,31.0,16.0,47.0,3.0,15.0,12.0,3.0,9.0,,7.0,6.0,2.0,2.0,2.0,15.0,3.0,3.0,9.0,19.0,1.0,1.0,19.0,1.0,29.0,1.0,,11.0,4.0,4.0,3.0,,4.0,3.0,,,87.0,34.0,28.0,3.0,3.0,0.4117647058823529,0.4827586206896552,1.0,0.4,1.0,0.2857142857142857,0.4,0.4722222222222222,0.5555555555555556,0.6,0.4942528735632184,0.7272727272727273,0.5555555555555556,0.5297029702970297,0.7692307692307693,0.5666666666666667,0.1724137931034483,0.05555555555555555,0.02564102564102564,0.14285714285714285,0.6,0.8333333333333334,0.6428571428571429,0.3684210526315789,0.6666666666666666,0.65,0.3404255319148936,0.42857142857142855,0.35714285714285715,0.3,0.5833333333333334,0.7777777777777778,0.5714285714285714,0.7777777777777778,0.3333333333333333,0.06976744186046512,101.0,0.75,15.0,13.529411764705882,14.77,13.07843137254902,0.4482758620689655,0.6410256410256411,0.6578947368421053,0.4,0.2413793103448276,0.3333333333333333,0.3888888888888889,0.5714285714285714,0.13793103448275862,0.16666666666666666,0.16666666666666666,,0.011494252873563218,0.16091954022988506,0.42857142857142855,0.42857142857142855,1.0,0.7272727272727273,0.5,0.18181818181818182,1.0,1.0,0.48148148148148145,0.6923076923076923,,0.25925925925925924,0.2857142857142857,0.6206896551724138,0.42857142857142855,0.477066091954023,0.5446,0.49318703703703703,0.1134020618556701,0.13414634146341464,0.18691588785046728,0.3177570093457944,6.1930555555555555,25.866666666666667,0.28,2008-03-15,0020700983,MEM,,,2.0,,1.0,,,,,,0.2222222222222222,0.125,,,,,,,,,1.0,,,,,,1.0,,,,,,,,,,2007-08,2008,Regular Season,,
48:00,99.0,97.0,42.0,31.0,7.0,196.0,25.0,32.0,2.0,4.0,11.0,16.0,3.0,10.0,14.0,23.0,7.0,3.0,3.0,9.0,,,,,42.0,65.0,5.0,16.0,23.0,122.0,4.0,8.0,,2.0,,8.0,19.0,31.0,,3.0,13.0,51.0,42.0,42.0,12.0,4.0,,9.0,3.0,3.0,21.0,4.0,25.0,3.0,14.0,2.0,5.0,54.0,7.0,15.0,21.0,7.0,43.0,10.0,53.0,2.0,5.0,5.0,,9.0,1.0,8.0,3.0,1.0,,,12.0,,6.0,14.0,26.0,3.0,1.0,27.0,2.0,30.0,2.0,,11.0,5.0,8.0,6.0,1.0,8.0,3.0,,2.0,114.0,51.0,42.0,3.0,5.0,0.5,0.525,0.8,0.3125,,,0.3125,0.6461538461538462,0.5,0.6129032258064516,0.6111111111111112,0.4,0.5588235294117647,0.6421052631578947,0.4,0.6071428571428571,0.19753086419753085,0.046153846153846156,0.0625,0.1,0.75,1.0,0.6363636363636364,0.30434782608695654,0.7142857142857143,0.6666666666666666,0.2647058823529412,0.42857142857142855,0.14285714285714285,0.3333333333333333,0.5882352941176471,0.6666666666666666,0.6923076923076923,0.7647058823529411,0.5,0.06451612903225806,98.0,0.375,15.06060606060606,14.31958762886598,14.717171717171718,13.536082474226804,0.3950617283950617,0.78125,0.8333333333333334,0.56,0.12345679012345678,0.3,0.3333333333333333,0.6666666666666666,0.2839506172839506,0.6086956521739131,0.6086956521739131,0.35714285714285715,0.08641975308641975,0.1111111111111111,0.3333333333333333,0.3333333333333333,1.0,0.4,0.5,,,,0.47058823529411764,0.6875,0.08823529411764706,,,0.5925925925925926,0.3333333333333333,0.5105191358024691,0.52263125,0.49218676470588235,0.12222222222222222,0.14864864864864866,0.06557377049180328,0.4180327868852459,8.086153846153847,24.29375,0.42424242424242425,2008-03-18,0020701004,SAC,2.0,1.0,2.0,1.0,4.0,,,,,0.16666666666666666,0.18181818181818182,,0.2857142857142857,0.2857142857142857,0.5,,,2.0,1.0,,0.4,0.2,3.0,,,,1.0,2.0,,,,,,,,,2007-08,2008,Regular Season,,
48:00,97.0,98.0,54.0,24.0,14.0,195.0,16.0,24.0,3.0,5.0,9.0,14.0,7.0,13.0,11.0,26.0,3.0,2.0,1.0,11.0,,1.0,1.0,10.0,34.0,63.0,1.0,14.0,29.0,100.0,4.0,8.0,,1.0,5.0,13.0,18.0,33.0,1.0,12.0,17.0,56.0,34.0,34.0,3.0,6.0,1.0,10.0,1.0,2.0,17.0,1.0,18.0,1.0,7.0,2.0,8.0,37.0,8.0,9.0,21.0,2.0,32.0,15.0,47.0,2.0,5.0,3.0,2.0,7.0,1.0,2.0,9.0,5.0,,,16.0,2.0,6.0,6.0,16.0,1.0,3.0,29.0,1.0,43.0,2.0,,18.0,5.0,2.0,2.0,,2.0,2.0,1.0,1.0,87.0,56.0,54.0,1.0,4.0,0.5,0.5483870967741935,1.0,0.07142857142857142,,0.08333333333333333,0.07692307692307693,0.5396825396825397,0.5,0.5454545454545454,0.461038961038961,0.4444444444444444,0.43333333333333335,0.5102040816326531,0.4642857142857143,0.5,0.18181818181818182,0.031746031746031744,0.08333333333333333,,0.4375,0.6666666666666666,0.65625,0.27586206896551724,0.8181818181818182,0.6976744186046512,0.35,0.375,0.5,0.13333333333333333,0.6,0.375,1.0,0.8888888888888888,0.5,0.05263157894736842,97.5,1.0,15.70103092783505,13.846938775510203,15.082474226804123,13.653061224489797,0.3116883116883117,0.6666666666666666,0.7272727272727273,0.4375,0.16883116883116883,0.5384615384615384,0.5384615384615384,0.2857142857142857,0.33766233766233766,0.4230769230769231,0.4230769230769231,0.7272727272727273,0.03896103896103896,0.14285714285714285,0.09090909090909091,0.09090909090909091,1.0,0.5555555555555556,0.6,0.1111111111111111,,,0.3111111111111111,0.6428571428571429,0.044444444444444446,0.2222222222222222,0.1,0.4935064935064935,0.1,0.48309276315789473,0.5111583333333333,0.49288522727272727,0.1935483870967742,0.22784810126582278,0.13,0.56,9.728571428571428,27.271428571428572,0.5567010309278351,2008-03-19,0020701015,LAC,,,6.0,1.0,1.0,,,,,0.14285714285714285,0.5454545454545454,0.4444444444444444,,,,,,,1.0,1.0,1.0,,,,,,,,,,,,,,,,2007-08,2008,Regular Season,,
48:00,92.0,93.0,20.0,19.0,15.0,185.0,19.0,30.0,3.0,5.0,3.0,5.0,4.0,16.0,9.0,16.0,3.0,,6.0,19.0,,2.0,2.0,5.0,32.0,62.0,8.0,22.0,21.0,109.0,5.0,8.0,1.0,3.0,4.0,17.0,4.0,8.0,2.0,5.0,10.0,24.0,34.0,30.0,15.0,6.0,,19.0,6.0,8.0,17.0,5.0,22.0,3.0,10.0,2.0,5.0,49.0,12.0,11.0,19.0,2.0,32.0,15.0,47.0,2.0,5.0,2.0,3.0,10.0,,5.0,3.0,5.0,,1.0,13.0,2.0,4.0,9.0,22.0,1.0,2.0,17.0,1.0,26.0,3.0,3.0,9.0,4.0,2.0,2.0,,2.0,1.0,,,92.0,24.0,20.0,1.0,4.0,0.53125,0.5862068965517241,0.625,0.36363636363636365,0.3333333333333333,0.4,0.36363636363636365,0.5161290322580645,0.625,0.5,0.5238095238095238,0.5909090909090909,0.5384615384615384,0.5691489361702128,0.6538461538461539,0.631578947368421,0.2619047619047619,0.12903225806451613,0.16666666666666666,0.1875,0.7692307692307693,0.6666666666666666,0.5588235294117647,0.4,0.6875,0.6,0.3409090909090909,0.18181818181818182,0.4166666666666667,0.7142857142857143,0.5,0.375,1.0,0.6666666666666666,0.75,0.05555555555555555,92.5,0.5,17.130434782608695,14.021505376344086,16.304347826086957,13.397849462365592,0.35714285714285715,0.6333333333333333,0.76,0.5263157894736842,0.19047619047619047,0.25,0.3076923076923077,0.5,0.19047619047619047,0.5625,0.5625,0.5555555555555556,0.03571428571428571,0.2261904761904762,0.3157894736842105,0.3157894736842105,0.5,0.45454545454545453,0.6,0.18181818181818182,,,0.38461538461538464,0.6,,0.38461538461538464,0.4,0.6190476190476191,0.3157894736842105,0.47378988095238095,0.49496,0.45273846153846153,0.1,0.1323529411764706,0.1559633027522936,0.22018348623853212,7.683870967741935,26.031818181818185,0.21739130434782608,2008-03-21,0020701028,HOU,2.0,2.0,3.0,,1.0,,,,1.0,,0.21428571428571427,0.23076923076923078,0.6666666666666666,0.6666666666666666,1.0,0.3333333333333333,,1.0,,,,0.09090909090909091,9.0,,,,,,,,,,,1.0,1.0,1.0,2007-08,2008,Regular Season,,
48:00,104.0,102.0,39.0,32.0,17.0,206.0,15.0,33.0,5.0,12.0,6.0,17.0,6.0,13.0,10.0,22.0,8.0,3.0,5.0,19.0,1.0,2.0,4.0,12.0,31.0,68.0,8.0,27.0,25.0,111.0,5.0,12.0,1.0,3.0,3.0,16.0,7.0,24.0,5.0,15.0,13.0,42.0,36.0,26.0,24.0,6.0,,19.0,5.0,7.0,18.0,8.0,26.0,5.0,9.0,3.0,6.0,60.0,13.0,10.0,29.0,2.0,41.0,21.0,62.0,9.0,4.0,3.0,1.0,13.0,1.0,10.0,5.0,3.0,,,18.0,4.0,5.0,12.0,23.0,2.0,,26.0,4.0,29.0,4.0,1.0,15.0,1.0,8.0,8.0,,8.0,7.0,,2.0,95.0,42.0,39.0,4.0,1.0,0.5806451612903226,0.6428571428571429,1.0,0.2962962962962963,0.3333333333333333,0.3333333333333333,0.2962962962962963,0.45588235294117646,0.4166666666666667,0.2916666666666667,0.45263157894736844,0.43333333333333335,0.3717948717948718,0.514018691588785,0.47058823529411764,0.45652173913043476,0.28421052631578947,0.10294117647058823,0.18181818181818182,0.07692307692307693,0.7222222222222222,0.6666666666666666,0.8055555555555556,0.35135135135135137,0.7142857142857143,0.78,0.36363636363636365,0.5,0.2857142857142857,0.16666666666666666,0.875,0.6666666666666666,0.7857142857142857,0.7692307692307693,,0.1875,103.0,0.875,13.625,14.343137254901961,13.009615384615385,13.343137254901961,0.3473684210526316,0.45454545454545453,0.5555555555555556,0.6,0.1368421052631579,0.46153846153846156,0.5,0.5,0.23157894736842105,0.45454545454545453,0.45454545454545453,0.6,0.08421052631578947,0.2,0.2631578947368421,0.2631578947368421,1.0,0.8,0.4166666666666667,0.13333333333333333,0.5,1.0,0.4358974358974359,0.35294117647058826,0.07692307692307693,0.3076923076923077,0.3333333333333333,0.631578947368421,0.2631578947368421,0.5053768421052632,0.557305,0.515774358974359,0.14150943396226415,0.189873417721519,0.14414414414414414,0.3783783783783784,7.405882352941177,25.36296296296296,0.375,2008-03-23,0020701043,LAL,3.0,3.0,7.0,1.0,1.0,,,,1.0,0.5,0.3888888888888889,0.5,0.375,0.375,1.0,0.2,,1.0,2.0,2.0,,0.06666666666666667,,,1.0,0.3333333333333333,,,,,,,,,,,2007-08,2008,Regular Season,,
53:00,110.0,109.0,20.0,8.0,15.0,219.0,18.0,27.0,6.0,8.0,6.0,6.0,4.0,12.0,12.0,28.0,12.0,1.0,6.0,23.0,2.0,3.0,2.0,6.0,34.0,67.0,12.0,35.0,19.0,123.0,7.0,10.0,2.0,4.0,2.0,22.0,7.0,10.0,3.0,7.0,6.0,29.0,32.0,36.0,33.0,10.0,,23.0,6.0,3.0,16.0,11.0,27.0,6.0,5.0,2.0,9.0,65.0,5.0,11.0,28.0,2.0,41.0,16.0,57.0,3.0,6.0,3.0,3.0,11.0,,5.0,6.0,6.0,,1.0,17.0,2.0,4.0,12.0,18.0,,1.0,24.0,3.0,23.0,6.0,1.0,11.0,3.0,7.0,6.0,,7.0,4.0,,1.0,101.0,29.0,20.0,,2.0,0.47058823529411764,0.5517241379310345,0.9166666666666666,0.34285714285714286,0.5,0.42857142857142855,0.34285714285714286,0.5074626865671642,0.7,0.7,0.5098039215686274,0.7142857142857143,0.6764705882352942,0.5545454545454546,0.7857142857142857,0.725,0.3431372549019608,0.04477611940298507,0.07407407407407407,0.08333333333333333,0.6470588235294118,1.0,0.7,0.15151515151515152,0.6470588235294118,0.6842105263157895,0.2962962962962963,0.2222222222222222,0.25,0.0625,0.5833333333333334,0.6666666666666666,1.0,0.6666666666666666,0.6,0.058823529411764705,99.16981132075472,0.5714285714285714,16.536363636363635,12.486238532110091,15.89090909090909,12.0,0.2647058823529412,0.6666666666666666,0.72,0.2777777777777778,0.11764705882352941,0.3333333333333333,0.36363636363636365,0.5,0.27450980392156865,0.42857142857142855,0.42857142857142855,0.75,0.11764705882352941,0.22549019607843138,0.2608695652173913,0.2608695652173913,1.0,0.5714285714285714,0.75,0.21428571428571427,0.6666666666666666,1.0,0.35294117647058826,1.0,0.058823529411764705,0.35294117647058826,0.3333333333333333,0.6078431372549019,0.2608695652173913,0.45966274509803917,0.5272833333333333,0.44530000000000003,0.102803738317757,0.1527777777777778,0.17886178861788618,0.23577235772357724,10.105970149253732,25.31142857142857,0.18181818181818182,2008-03-24,0020701051,LAL,6.0,5.0,11.0,,1.0,,,,,,0.5238095238095238,0.5333333333333333,0.5,0.5,0.8333333333333334,0.16666666666666666,,1.0,,2.0,0.5,0.07142857142857142,3.0,,1.0,1.0,1.0,,,,,,,,,,2007-08,2008,Regular Season,,
48:00,90.0,90.0,5.0,22.0,15.0,180.0,7.0,15.0,3.0,6.0,,,12.0,29.0,7.0,27.0,4.0,,7.0,12.0,,,1.0,2.0,26.0,71.0,9.0,16.0,16.0,95.0,11.0,16.0,,,,22.0,1.0,2.0,1.0,2.0,,5.0,26.0,26.0,27.0,8.0,1.0,11.0,7.0,7.0,13.0,9.0,22.0,7.0,2.0,7.0,4.0,53.0,15.0,8.0,20.0,2.0,30.0,17.0,47.0,1.0,3.0,2.0,1.0,9.0,,7.0,6.0,2.0,,1.0,15.0,1.0,1.0,9.0,23.0,1.0,2.0,17.0,3.0,17.0,2.0,1.0,9.0,,3.0,2.0,,3.0,2.0,,,73.0,5.0,5.0,4.0,,0.5,0.5909090909090909,1.0,0.5625,,0.5,0.6,0.36619718309859156,0.6875,0.5,0.4540229885057471,0.6875,0.625,0.5,0.6875,0.625,0.1839080459770115,0.09859154929577464,0.26666666666666666,0.06896551724137931,0.6,1.0,0.625,0.3409090909090909,0.6666666666666666,0.6363636363636364,0.3469387755102041,0.625,0.1875,0.35,0.5,0.625,0.75,0.75,0.5,0.023809523809523808,90.0,0.6666666666666666,18.055555555555557,13.944444444444445,16.144444444444446,13.11111111111111,0.1724137931034483,0.4666666666666667,0.6363636363636364,0.2857142857142857,0.3333333333333333,0.41379310344827586,0.4444444444444444,0.5833333333333334,0.3103448275862069,0.25925925925925924,0.2692307692307692,0.5714285714285714,0.04597701149425287,0.13793103448275862,0.5833333333333334,0.5833333333333334,1.0,0.375,0.5,,,,,,,0.5,0.5,0.3563218390804598,0.6363636363636364,0.42890639534883723,0.44208571428571425,0.3403125,0.09574468085106383,0.11538461538461539,0.23157894736842105,0.05263157894736842,11.261971830985916,29.10625,0.05555555555555555,2008-03-27,0020701072,POR,2.0,2.0,2.0,,,,,,3.0,,0.4,0.3333333333333333,0.5,0.5,1.0,,,,,1.0,0.5,,,0.037037037037037035,,,1.0,,,,,,,,,,2007-08,2008,Regular Season,,
48:00,108.0,107.0,19.0,21.0,13.0,215.0,23.0,37.0,5.0,9.0,3.0,6.0,5.0,18.0,13.0,21.0,7.0,2.0,2.0,17.0,,1.0,,5.0,41.0,76.0,5.0,24.0,22.0,119.0,6.0,12.0,1.0,3.0,4.0,19.0,6.0,11.0,1.0,7.0,7.0,22.0,62.0,20.0,15.0,8.0,1.0,16.0,2.0,5.0,31.0,5.0,36.0,2.0,17.0,4.0,10.0,77.0,13.0,17.0,26.0,2.0,45.0,17.0,62.0,3.0,9.0,7.0,2.0,7.0,,4.0,5.0,3.0,,,12.0,,,9.0,18.0,2.0,2.0,19.0,1.0,29.0,1.0,1.0,12.0,3.0,8.0,7.0,,8.0,2.0,,,100.0,22.0,19.0,3.0,3.0,0.7560975609756098,0.8378378378378378,1.0,0.20833333333333334,0.3333333333333333,0.14285714285714285,0.21739130434782608,0.5394736842105263,0.5,0.5454545454545454,0.485,0.5,0.4166666666666667,0.5175438596491229,0.5588235294117647,0.4782608695652174,0.24,0.06578947368421052,0.10810810810810811,0.05555555555555555,0.5833333333333334,1.0,0.6190476190476191,0.37142857142857144,0.8947368421052632,0.7049180327868853,0.3269230769230769,0.6428571428571429,0.15384615384615385,0.25,0.5882352941176471,0.6153846153846154,0.6666666666666666,0.9230769230769231,0.8333333333333334,0.06382978723404255,107.5,0.25,12.666666666666666,14.130841121495328,12.222222222222221,13.57943925233645,0.37,0.6216216216216216,0.696969696969697,0.7391304347826086,0.18,0.2777777777777778,0.29411764705882354,0.8,0.21,0.6190476190476191,0.6190476190476191,0.7692307692307693,0.07,0.17,0.11764705882352941,0.11764705882352941,1.0,0.6,0.5555555555555556,0.06666666666666667,,,0.3333333333333333,0.5,0.1111111111111111,0.2777777777777778,,0.61,0.125,0.5212868686868687,0.5414916666666666,0.5149529411764706,0.10810810810810811,0.13793103448275862,0.15966386554621848,0.18487394957983194,7.223684210526316,26.27916666666667,0.17592592592592593,2008-03-29,0020701087,DEN,3.0,3.0,4.0,,1.0,,,,,,0.23529411764705882,0.23076923076923078,0.42857142857142855,0.42857142857142855,1.0,0.2,,2.0,2.0,,0.25,0.13333333333333333,,,1.0,0.5,1.0,,,,,,,1.0,0.5,1.0,2007-08,2008,Regular Season,,
48:00,92.0,92.0,39.0,37.0,10.0,184.0,9.0,15.0,,1.0,3.0,5.0,6.0,15.0,14.0,31.0,7.0,3.0,4.0,10.0,1.0,3.0,2.0,7.0,29.0,61.0,6.0,17.0,28.0,104.0,1.0,3.0,1.0,4.0,5.0,10.0,9.0,20.0,3.0,10.0,15.0,42.0,44.0,14.0,18.0,,1.0,9.0,4.0,4.0,22.0,6.0,28.0,4.0,6.0,5.0,11.0,62.0,9.0,9.0,18.0,3.0,30.0,11.0,41.0,2.0,5.0,3.0,2.0,4.0,,1.0,9.0,3.0,,1.0,13.0,1.0,6.0,11.0,27.0,6.0,3.0,23.0,1.0,32.0,4.0,2.0,10.0,7.0,2.0,2.0,,3.0,1.0,1.0,2.0,94.0,42.0,39.0,6.0,6.0,0.7586206896551724,0.7586206896551724,1.0,0.35294117647058826,0.25,0.3,0.375,0.47540983606557374,0.3333333333333333,0.45,0.48717948717948717,0.35714285714285715,0.45,0.5604395604395604,0.5,0.5540540540540541,0.21794871794871795,0.06557377049180328,0.2,0.06666666666666667,0.3076923076923077,1.0,0.6,0.28125,0.6,0.6,0.2619047619047619,0.3333333333333333,0.3333333333333333,0.23529411764705882,0.3,0.6666666666666666,0.7857142857142857,0.6666666666666666,0.5,0.05263157894736842,92.0,0.3333333333333333,17.043478260869566,14.26086956521739,16.282608695652176,13.48913043478261,0.19230769230769232,0.6,0.75,0.6666666666666666,0.19230769230769232,0.4,0.42857142857142855,0.8333333333333334,0.3974358974358974,0.45161290322580644,0.45161290322580644,0.7857142857142857,0.08974358974358974,0.1282051282051282,0.4,0.4,1.0,0.14285714285714285,,0.42857142857142855,0.3333333333333333,1.0,0.16666666666666666,0.6,0.1,0.23333333333333334,0.2857142857142857,0.41025641025641024,0.4444444444444444,0.450337012987013,0.48644,0.4471879310344828,0.11904761904761904,0.14925373134328357,0.09615384615384616,0.40384615384615385,11.747540983606557,26.723529411764705,0.42391304347826086,2008-03-30,0020701096,DAL,2.0,2.0,2.0,,2.0,,1.0,1.0,,,0.2,0.2,0.2857142857142857,0.2857142857142857,1.0,,,1.0,,3.0,0.2,0.14285714285714285,,,1.0,0.3333333333333333,,,,,,,,,,,2007-08,2008,Regular Season,,
48:00,100.0,99.0,10.0,14.0,8.0,199.0,20.0,31.0,3.0,6.0,4.0,5.0,14.0,21.0,4.0,13.0,11.0,1.0,5.0,13.0,,1.0,1.0,1.0,38.0,65.0,11.0,24.0,7.0,116.0,3.0,8.0,,1.0,,6.0,4.0,6.0,1.0,2.0,,11.0,28.0,48.0,33.0,4.0,,13.0,5.0,5.0,14.0,11.0,25.0,5.0,9.0,3.0,2.0,61.0,7.0,10.0,33.0,2.0,45.0,11.0,56.0,1.0,8.0,4.0,4.0,9.0,2.0,4.0,8.0,5.0,,1.0,17.0,2.0,4.0,7.0,16.0,,,11.0,1.0,12.0,1.0,1.0,6.0,,7.0,3.0,,7.0,2.0,,,110.0,11.0,10.0,3.0,,0.3684210526315789,0.3888888888888889,1.0,0.4583333333333333,,0.5,0.4583333333333333,0.5846153846153846,0.375,0.6666666666666666,0.6123595505617978,0.3333333333333333,0.6875,0.6117021276595744,0.3333333333333333,0.6875,0.2696629213483146,0.07692307692307693,0.12903225806451613,,0.5294117647058824,1.0,0.7674418604651163,0.2692307692307692,0.8333333333333334,0.7818181818181819,0.2631578947368421,0.36363636363636365,0.14285714285714285,0.25,0.7142857142857143,0.45454545454545453,1.0,0.8333333333333334,,0.029411764705882353,99.5,0.2857142857142857,16.17,12.757575757575758,15.55,12.282828282828282,0.34831460674157305,0.6451612903225806,0.7407407407407407,0.45,0.23595505617977527,0.6666666666666666,0.6666666666666666,0.21428571428571427,0.14606741573033707,0.3076923076923077,0.3333333333333333,0.5,0.12359550561797752,0.14606741573033707,0.38461538461538464,0.38461538461538464,1.0,0.6666666666666666,0.5,0.1111111111111111,,,0.625,0.8,0.125,0.125,1.0,0.6179775280898876,0.38461538461538464,0.4899752808988764,0.5683,0.545575,0.06382978723404255,0.08571428571428572,0.05172413793103448,0.09482758620689655,7.3,24.09166666666667,0.1,2008-04-01,0020701110,SAS,6.0,6.0,3.0,1.0,,,,,,1.0,0.25,,0.5454545454545454,0.5454545454545454,1.0,,,,2.0,1.0,0.6,,,0.07692307692307693,,,4.0,,,,,,,,,,2007-08,2008,Regular Season,,
48:00,95.0,95.0,16.0,13.0,15.0,190.0,20.0,29.0,4.0,8.0,1.0,1.0,7.0,17.0,11.0,27.0,8.0,2.0,5.0,13.0,3.0,4.0,,1.0,38.0,73.0,7.0,21.0,14.0,111.0,5.0,11.0,3.0,5.0,3.0,22.0,4.0,9.0,,3.0,2.0,10.0,56.0,20.0,21.0,2.0,,13.0,5.0,6.0,28.0,7.0,35.0,5.0,13.0,5.0,10.0,77.0,12.0,11.0,27.0,1.0,39.0,19.0,58.0,3.0,10.0,6.0,4.0,7.0,2.0,4.0,5.0,3.0,,,12.0,1.0,4.0,11.0,15.0,,,14.0,2.0,16.0,,,7.0,1.0,6.0,3.0,,6.0,3.0,,,89.0,10.0,16.0,,1.0,0.7368421052631579,0.7567567567567568,1.0,0.3333333333333333,0.6,,0.3333333333333333,0.5205479452054794,0.45454545454545453,0.4444444444444444,0.5159574468085106,0.59375,0.3333333333333333,0.5441176470588235,0.6111111111111112,0.38461538461538464,0.22340425531914893,0.0821917808219178,0.06896551724137931,0.17647058823529413,0.5833333333333334,1.0,0.675,0.35294117647058826,0.9166666666666666,0.7307692307692307,0.3958333333333333,0.6666666666666666,0.4,0.13333333333333333,0.5833333333333334,0.5,0.875,0.9090909090909091,1.0,0.07142857142857142,95.0,0.5,16.021052631578947,14.294736842105262,14.073684210526316,13.715789473684211,0.30851063829787234,0.6896551724137931,0.7407407407407407,0.65,0.18085106382978725,0.4117647058823529,0.5,0.7142857142857143,0.2872340425531915,0.4074074074074074,0.4230769230769231,0.9090909090909091,0.0851063829787234,0.13829787234042554,0.38461538461538464,0.38461538461538464,1.0,0.5,0.5,0.25,0.75,1.0,0.08333333333333333,1.0,0.16666666666666666,0.08333333333333333,,0.5319148936170213,0.38461538461538464,0.5018973404255319,0.5009909090909092,0.41262916666666666,0.06930693069306931,0.0875,0.1981981981981982,0.09009009009009009,8.565753424657533,24.14761904761905,0.16842105263157894,2008-04-02,0020701120,DAL,2.0,2.0,7.0,,,,,,,,0.5,0.625,0.25,0.25,1.0,0.5,,1.0,,1.0,0.3333333333333333,0.0625,,0.037037037037037035,,,3.0,,,,,,,,,,2007-08,2008,Regular Season,,
48:00,103.0,105.0,20.0,3.0,11.0,208.0,22.0,38.0,3.0,5.0,6.0,8.0,3.0,11.0,4.0,16.0,5.0,1.0,4.0,17.0,,2.0,,2.0,29.0,65.0,5.0,22.0,13.0,86.0,3.0,6.0,,2.0,1.0,7.0,8.0,10.0,,3.0,5.0,21.0,18.0,40.0,15.0,2.0,,17.0,4.0,5.0,9.0,5.0,14.0,4.0,8.0,,1.0,33.0,7.0,9.0,21.0,1.0,31.0,11.0,42.0,,8.0,5.0,3.0,9.0,3.0,2.0,9.0,7.0,,2.0,18.0,2.0,3.0,6.0,11.0,,3.0,21.0,4.0,22.0,1.0,1.0,8.0,3.0,7.0,7.0,,7.0,4.0,,,79.0,21.0,20.0,,1.0,0.3103448275862069,0.32142857142857145,1.0,0.22727272727272727,,,0.22727272727272727,0.4461538461538462,0.5,0.8,0.41954022988505746,0.375,0.6153846153846154,0.4381443298969072,0.3888888888888889,0.6176470588235294,0.25287356321839083,0.07692307692307693,0.13157894736842105,,0.5,1.0,0.7241379310344828,0.19444444444444445,0.75,0.7317073170731707,0.20754716981132076,0.25,0.125,0.16666666666666666,0.6875,0.5714285714285714,1.0,0.7272727272727273,1.0,,104.0,0.5714285714285714,15.077669902912621,12.638095238095238,14.54368932038835,12.295238095238096,0.4367816091954023,0.5789473684210527,0.6666666666666666,0.36363636363636365,0.12643678160919541,0.2727272727272727,0.2727272727272727,,0.1839080459770115,0.25,0.25,0.25,0.05747126436781609,0.19540229885057472,0.23529411764705882,0.23529411764705882,1.0,0.625,0.6,0.25,,,0.6153846153846154,0.75,0.07692307692307693,0.15384615384615385,,0.6896551724137931,0.23529411764705882,0.5281626436781609,0.54685,0.5700461538461539,0.0851063829787234,0.1111111111111111,0.08139534883720931,0.2441860465116279,6.103076923076923,25.14090909090909,0.1941747572815534,2008-04-04,0020701130,MEM,1.0,1.0,4.0,,1.0,,,,,,0.23529411764705882,0.23076923076923078,0.2,0.2,1.0,0.3333333333333333,,,,,0.25,,,,,,,,,,,,,,,,2007-08,2008,Regular Season,,
48:00,99.0,99.0,17.0,,11.0,198.0,18.0,26.0,6.0,9.0,3.0,4.0,4.0,11.0,13.0,27.0,6.0,1.0,6.0,17.0,,1.0,,5.0,35.0,64.0,9.0,23.0,11.0,108.0,7.0,12.0,,1.0,,14.0,5.0,11.0,1.0,6.0,2.0,15.0,46.0,24.0,24.0,8.0,,17.0,6.0,3.0,23.0,8.0,31.0,5.0,12.0,2.0,9.0,70.0,10.0,19.0,16.0,1.0,36.0,13.0,49.0,2.0,14.0,4.0,10.0,8.0,1.0,5.0,10.0,3.0,,1.0,18.0,,2.0,6.0,17.0,,6.0,17.0,1.0,15.0,1.0,,6.0,2.0,2.0,2.0,,2.0,1.0,,,94.0,15.0,17.0,,1.0,0.6571428571428571,0.7419354838709677,0.8888888888888888,0.391304347826087,,0.16666666666666666,0.391304347826087,0.546875,0.5833333333333334,0.45454545454545453,0.5574712643678161,0.5384615384615384,0.38235294117647056,0.574468085106383,0.5384615384615384,0.4166666666666667,0.26436781609195403,0.046875,,0.18181818181818182,0.4444444444444444,1.0,0.6153846153846154,0.3448275862068966,0.76,0.6862745098039216,0.3023255813953488,0.375,0.5714285714285714,0.21428571428571427,0.2222222222222222,0.6666666666666666,0.9090909090909091,0.7142857142857143,1.0,0.05,99.0,0.5,15.131313131313131,13.95959595959596,14.585858585858587,13.474747474747474,0.2988505747126437,0.6923076923076923,0.6923076923076923,0.6666666666666666,0.12643678160919541,0.36363636363636365,0.4444444444444444,0.5,0.3103448275862069,0.48148148148148145,0.5,0.6923076923076923,0.06896551724137931,0.19540229885057472,0.35294117647058826,0.35294117647058826,0.8333333333333334,0.6923076923076923,0.6666666666666666,0.07692307692307693,,,0.23529411764705882,0.75,0.058823529411764705,0.29411764705882354,,0.5632183908045977,0.35294117647058826,0.5036752873563218,0.5374450000000001,0.5045352941176471,0.06521739130434782,0.08695652173913043,0.12962962962962962,0.1388888888888889,9.0515625,24.61304347826087,0.1717171717171717,2008-04-06,0020701149,NOH,3.0,3.0,3.0,,1.0,,,,1.0,,0.21428571428571427,0.2727272727272727,0.5,0.5,1.0,0.3333333333333333,,,,1.0,,,3.0,0.037037037037037035,1.0,1.0,,,,,,,,,,,2007-08,2008,Regular Season,,
48:00,107.0,105.0,44.0,35.0,12.0,212.0,19.0,30.0,4.0,6.0,12.0,16.0,12.0,22.0,9.0,23.0,3.0,1.0,4.0,9.0,1.0,1.0,2.0,3.0,40.0,75.0,6.0,12.0,34.0,132.0,4.0,10.0,1.0,1.0,,11.0,21.0,35.0,2.0,4.0,14.0,62.0,34.0,46.0,12.0,6.0,,9.0,4.0,8.0,17.0,4.0,21.0,2.0,10.0,4.0,3.0,46.0,12.0,8.0,12.0,5.0,25.0,12.0,37.0,1.0,8.0,5.0,3.0,12.0,1.0,3.0,3.0,9.0,,1.0,15.0,1.0,2.0,20.0,29.0,,,25.0,,40.0,3.0,3.0,18.0,2.0,2.0,1.0,,2.0,,,1.0,121.0,62.0,44.0,6.0,2.0,0.425,0.4594594594594595,0.6666666666666666,0.5,1.0,0.5,0.5,0.5333333333333333,0.4,0.6,0.5632183908045977,0.5,0.6153846153846154,0.625,0.5,0.6630434782608695,0.13793103448275862,0.10666666666666667,0.13333333333333333,0.18181818181818182,0.8,1.0,0.46153846153846156,0.34285714285714286,0.6153846153846154,0.5128205128205128,0.3,0.45454545454545453,0.4,0.21428571428571427,0.4166666666666667,0.42857142857142855,0.5714285714285714,0.625,0.6,0.03125,106.0,,13.91588785046729,13.247619047619047,13.411214953271028,12.304761904761905,0.3448275862068966,0.6333333333333333,0.7307692307692307,0.5263157894736842,0.25287356321839083,0.5454545454545454,0.6666666666666666,0.3333333333333333,0.26436781609195403,0.391304347826087,0.391304347826087,0.3333333333333333,0.034482758620689655,0.10344827586206896,0.4444444444444444,0.4444444444444444,0.5,0.5454545454545454,0.6666666666666666,0.09090909090909091,1.0,1.0,0.41025641025641024,0.75,0.02564102564102564,0.07692307692307693,0.6666666666666666,0.4827586206896552,0.4444444444444444,0.45887241379310345,0.4527909090909091,0.4406435897435897,0.17647058823529413,0.2,0.08333333333333333,0.4696969696969697,8.666666666666666,25.741666666666664,0.411214953271028,2008-04-08,0020701163,SAC,2.0,2.0,,,,,,,,,,,0.6666666666666666,0.6666666666666666,1.0,0.25,,,,,,,6.0,,,,1.0,,,,,,,,,,2007-08,2008,Regular Season,,
48:00,106.0,106.0,46.0,11.0,7.0,212.0,18.0,26.0,,2.0,6.0,7.0,4.0,13.0,11.0,25.0,6.0,3.0,7.0,13.0,,,4.0,7.0,33.0,64.0,9.0,19.0,21.0,114.0,1.0,3.0,,,3.0,5.0,13.0,21.0,5.0,10.0,6.0,47.0,26.0,40.0,24.0,2.0,,13.0,7.0,4.0,13.0,8.0,21.0,6.0,11.0,1.0,1.0,50.0,7.0,14.0,22.0,5.0,41.0,7.0,48.0,,11.0,6.0,5.0,10.0,1.0,4.0,6.0,6.0,,,16.0,2.0,10.0,10.0,18.0,1.0,3.0,22.0,2.0,28.0,1.0,,9.0,4.0,4.0,3.0,,4.0,2.0,,2.0,109.0,47.0,46.0,1.0,4.0,0.3939393939393939,0.40625,0.8888888888888888,0.47368421052631576,,0.5,0.47368421052631576,0.515625,0.3333333333333333,0.6190476190476191,0.5602409638554217,0.3333333333333333,0.6612903225806451,0.59375,0.5,0.6527777777777778,0.2289156626506024,0.0625,0.07692307692307693,0.15384615384615385,0.625,1.0,0.5945945945945946,0.22580645161290322,0.7368421052631579,0.6428571428571429,0.17073170731707318,0.375,0.2222222222222222,0.14285714285714285,0.4444444444444444,0.7692307692307693,0.6666666666666666,0.8461538461538461,0.5,,106.0,0.5,14.226415094339623,12.943396226415095,14.028301886792454,12.264150943396226,0.3132530120481928,0.6923076923076923,0.75,0.6111111111111112,0.1566265060240964,0.3076923076923077,0.36363636363636365,0.25,0.30120481927710846,0.44,0.44,0.09090909090909091,0.07228915662650602,0.1566265060240964,0.5384615384615384,0.5384615384615384,0.8571428571428571,0.6666666666666666,,,,,0.22580645161290322,0.8571428571428571,0.0967741935483871,0.22580645161290322,0.5714285714285714,0.5421686746987951,0.5384615384615384,0.49805903614457836,0.5719333333333333,0.4953258064516129,0.10869565217391304,0.125,0.043859649122807015,0.41228070175438597,8.9421875,25.24736842105263,0.4339622641509434,2008-04-10,0020701173,DEN,2.0,2.0,,,2.0,1.0,,,1.0,,,,0.3333333333333333,0.3333333333333333,1.0,,0.05,,,1.0,,,3.0,,1.0,0.3333333333333333,1.0,,,,,,,,,,2007-08,2008,Regular Season,,
48:00,103.0,102.0,37.0,45.0,12.0,205.0,14.0,20.0,3.0,5.0,6.0,8.0,8.0,15.0,9.0,26.0,5.0,2.0,6.0,21.0,1.0,2.0,2.0,6.0,31.0,61.0,8.0,26.0,30.0,116.0,3.0,7.0,1.0,3.0,4.0,13.0,13.0,22.0,2.0,8.0,14.0,46.0,38.0,24.0,24.0,4.0,,21.0,6.0,4.0,19.0,8.0,27.0,6.0,8.0,5.0,6.0,62.0,6.0,12.0,25.0,3.0,40.0,13.0,53.0,2.0,5.0,4.0,1.0,9.0,2.0,6.0,4.0,3.0,,,13.0,,4.0,13.0,22.0,,,25.0,,38.0,4.0,,15.0,6.0,6.0,3.0,,6.0,5.0,,1.0,103.0,46.0,37.0,4.0,6.0,0.6129032258064516,0.6551724137931034,1.0,0.3076923076923077,0.3333333333333333,0.25,0.3076923076923077,0.5081967213114754,0.42857142857142855,0.5909090909090909,0.4942528735632184,0.45,0.5333333333333333,0.5576923076923077,0.5,0.6052631578947368,0.2988505747126437,0.06557377049180328,0.1,0.06666666666666667,0.6923076923076923,1.0,0.78125,0.2,0.75,0.7708333333333334,0.2765957446808511,0.16666666666666666,0.14285714285714285,0.23529411764705882,0.5555555555555556,0.9230769230769231,0.8,0.8333333333333334,0.5,0.046511627906976744,102.5,0.8333333333333334,15.145631067961165,12.941176470588236,14.485436893203884,12.519607843137255,0.22988505747126436,0.7,0.7777777777777778,0.5714285714285714,0.1724137931034483,0.5333333333333333,0.5714285714285714,0.625,0.2988505747126437,0.34615384615384615,0.36,0.6666666666666666,0.05747126436781609,0.2413793103448276,0.2857142857142857,0.2857142857142857,1.0,0.5,0.6,0.2,0.5,1.0,0.26666666666666666,0.75,0.06666666666666667,0.2,0.3333333333333333,0.5287356321839081,0.2857142857142857,0.4588802325581396,0.43684,0.4511137931034483,0.15306122448979592,0.20833333333333334,0.11206896551724138,0.39655172413793105,10.924590163934425,26.26153846153846,0.3592233009708738,2008-04-12,0020701196,LAC,2.0,2.0,7.0,,,,,,,,0.4117647058823529,0.42857142857142855,0.4,0.4,1.0,,,1.0,,,0.3333333333333333,0.1,,0.038461538461538464,,,3.0,,,,,,,,,,2007-08,2008,Regular Season,,
48:00,104.0,105.0,40.0,26.0,13.0,209.0,20.0,26.0,5.0,5.0,7.0,8.0,7.0,18.0,8.0,17.0,8.0,4.0,5.0,13.0,,,4.0,7.0,35.0,61.0,8.0,21.0,28.0,122.0,7.0,8.0,,2.0,5.0,19.0,9.0,14.0,5.0,11.0,17.0,50.0,36.0,34.0,18.0,10.0,,13.0,5.0,3.0,18.0,6.0,24.0,3.0,11.0,3.0,4.0,54.0,11.0,10.0,30.0,2.0,42.0,14.0,56.0,6.0,6.0,4.0,2.0,10.0,2.0,8.0,6.0,2.0,1.0,,16.0,2.0,6.0,10.0,18.0,3.0,,31.0,2.0,41.0,3.0,,17.0,5.0,4.0,2.0,,4.0,2.0,,1.0,103.0,50.0,40.0,1.0,5.0,0.5142857142857142,0.6,0.75,0.38095238095238093,,0.45454545454545453,0.38095238095238093,0.5737704918032787,0.875,0.6428571428571429,0.573170731707317,0.7,0.66,0.6039603960396039,0.7916666666666666,0.6756756756756757,0.25609756097560976,0.04918032786885246,0.038461538461538464,0.05555555555555555,0.625,1.0,0.6818181818181818,0.4230769230769231,0.8333333333333334,0.7142857142857143,0.358974358974359,0.3333333333333333,0.5454545454545454,0.3333333333333333,0.5454545454545454,0.6428571428571429,0.7894736842105263,0.8181818181818182,1.0,0.16666666666666666,104.5,0.5,14.048076923076923,13.514285714285714,13.173076923076923,12.676190476190476,0.3170731707317073,0.7692307692307693,0.8,0.55,0.21951219512195122,0.3888888888888889,0.4117647058823529,0.42857142857142855,0.2073170731707317,0.47058823529411764,0.5,0.5,0.0975609756097561,0.15853658536585366,0.38461538461538464,0.38461538461538464,0.6,0.5,1.0,,,,0.32,0.875,0.16,0.28,0.5714285714285714,0.573170731707317,0.38461538461538464,0.5108548780487805,0.52628125,0.523088,0.17708333333333334,0.22666666666666666,0.1557377049180328,0.4098360655737705,7.175409836065573,24.152380952380952,0.38461538461538464,2008-04-14,0020701209,PHX,3.0,3.0,3.0,,1.0,,,,2.0,,0.23076923076923078,0.25,0.375,0.375,1.0,,,2.0,,1.0,0.2,0.2,6.0,0.058823529411764705,1.0,0.25,2.0,,,,,,,,,,2007-08,2008,Regular Season,,
48:00,108.0,107.0,27.0,25.0,10.0,215.0,18.0,27.0,5.0,10.0,5.0,9.0,8.0,23.0,21.0,34.0,1.0,,5.0,9.0,,,3.0,4.0,47.0,84.0,5.0,10.0,17.0,126.0,5.0,11.0,,,2.0,12.0,11.0,19.0,3.0,4.0,6.0,37.0,54.0,40.0,15.0,6.0,,9.0,5.0,6.0,27.0,5.0,32.0,5.0,9.0,2.0,16.0,69.0,12.0,23.0,18.0,2.0,43.0,12.0,55.0,3.0,8.0,5.0,3.0,6.0,2.0,2.0,8.0,4.0,1.0,,14.0,,4.0,7.0,16.0,1.0,2.0,16.0,,22.0,,,9.0,2.0,5.0,4.0,,5.0,3.0,,,114.0,37.0,27.0,1.0,2.0,0.574468085106383,0.6136363636363636,1.0,0.5,,0.75,0.5,0.5595238095238095,0.45454545454545453,0.5789473684210527,0.5797872340425532,0.45454545454545453,0.6739130434782609,0.6,0.5,0.6851851851851852,0.10638297872340426,0.07142857142857142,0.14814814814814814,0.08695652173913043,0.42857142857142855,1.0,0.5454545454545454,0.32432432432432434,0.7666666666666667,0.6507936507936508,0.2857142857142857,0.4444444444444444,0.2,0.38461538461538464,0.4166666666666667,0.42857142857142855,1.0,0.7142857142857143,0.8888888888888888,0.08333333333333333,107.5,0.6,13.398148148148149,13.392523364485982,12.962962962962964,12.626168224299066,0.2872340425531915,0.6666666666666666,0.782608695652174,0.5,0.24468085106382978,0.34782608695652173,0.38095238095238093,0.25,0.3617021276595745,0.6176470588235294,0.6176470588235294,0.7619047619047619,0.010638297872340425,0.09574468085106383,0.5555555555555556,0.5555555555555556,1.0,0.9090909090909091,0.5,,,,0.391304347826087,0.5555555555555556,,0.17391304347826086,0.75,0.39361702127659576,0.5555555555555556,0.47012180851063834,0.5044090909090909,0.4563152173913044,0.08737864077669903,0.0967741935483871,0.09523809523809523,0.29365079365079366,10.313095238095238,25.830000000000002,0.25,2008-04-16,0020701230,SEA,,,,,1.0,,,,1.0,,,,,,,0.2,,,,,,,,,,,1.0,,,,,,,,,,2007-08,2008,Regular Season,,
,,,,,,,,,,,,,,,,,,,,,,,,,,,,,,,,,,,,,,,,,,,,,,,,,,,,,,,,,,,,,,,,,,,,,,,,,,,,,,,,,,,,,,,,,,,,,,,,,,,,,,,,,,,,,,,,,,,,,,,,,,,,,,,,,,,,,,,,,,,,,,,,,,,,,,,,,,,,,,,,,,,,,,,,,,,,,,,,,,,,,,,,,,,,,,,,,,,,,,,,,,,,,,,,,,,,,,,,,,,,,,,2007-08,2008,Playoffs,,
