EntityId,TeamId,Name,ShortName,RowId,TeamAbbreviation,SecondsPlayed,GamesPlayed,Minutes,PlusMinus,OffPoss,DefPoss,PenaltyOffPoss,PenaltyDefPoss,SecondChanceOffPoss,TotalPoss,AtRimFGM,AtRimFGA,SecondChanceAtRimFGM,SecondChanceAtRimFGA,PenaltyAtRimFGA,ShortMidRangeFGM,ShortMidRangeFGA,LongMidRangeFGM,LongMidRangeFGA,Corner3FGM,Corner3FGA,PenaltyCorner3FGA,Arc3FGM,Arc3FGA,PenaltyArc3FGA,FG2M,FG2A,FG3M,FG3A,FtPoints,Points,OpponentPoints,SecondChanceFG2M,SecondChanceFG2A,SecondChanceFtPoints,SecondChancePoints,PenaltyFG2M,PenaltyFG2A,PenaltyFG3A,PenaltyFtPoints,PenaltyPoints,PtsAssisted2s,PtsUnassisted2s,PtsAssisted3s,PtsUnassisted3s,PtsPutbacks,HeaveAttempts,NonHeaveArc3FGA,NonHeaveArc3FGM,Fg2aBlocked,TwoPtAssists,ThreePtAssists,Assists,Arc3Assists,Corner3Assists,AtRimAssists,LongMidRangeAssists,AssistPoints,OffThreePtRebounds,OffTwoPtRebounds,DefThreePtRebounds,DefTwoPtRebounds,FTDefRebounds,DefRebounds,OffRebounds,Rebounds,Steals,BadPassSteals,LostBallSteals,LiveBallTurnovers,BadPassOutOfBoundsTurnovers,BadPassTurnovers,DeadBallTurnovers,LostBallTurnovers,Travels,Turnovers,ShootingFouls,BlockingFouls,Fouls,Loose Ball Fouls,FoulsDrawn,Loose Ball Fouls Drawn,Offensive Fouls Drawn,FTA,2pt And 1 Free Throw Trips,TwoPtShootingFoulsDrawn,NonShootingFoulsDrawn,Blocked2s,BlockedAtRim,BlockedShortMidRange,Blocks,RecoveredBlocks,DefensiveGoaltends,FirstChancePoints,PenaltyPointsExcludingTakeFouls,PenaltyOffPossExcludingTakeFouls,NonShootingPenaltyNonTakeFoulsDrawn,Assisted2sPct,NonPutbacksAssisted2sPct,Assisted3sPct,Fg3Pct,NonHeaveFg3Pct,Fg2Pct,SecondChanceFg2Pct,PenaltyFg2Pct,EfgPct,SecondChanceEfgPct,PenaltyEfgPct,TsPct,SecondChanceTsPct,PenaltyTsPct,FG3APct,FG2APctBlocked,AtRimPctBlocked,ShortMidRangePctBlocked,LongMidRangePctBlocked,LiveBallTurnoverPct,DefFTReboundPct,DefTwoPtReboundPct,OffTwoPtReboundPct,DefThreePtReboundPct,OffThreePtReboundPct,DefFGReboundPct,OffFGReboundPct,OffAtRimReboundPct,OffShortMidRangeReboundPct,OffLongMidRangeReboundPct,OffCorner3ReboundPct,DefAtRimReboundPct,DefShortMidRangeReboundPct,DefLongMidRangeReboundPct,DefArc3ReboundPct,DefCorner3ReboundPct,Pace,BlocksRecoveredPct,SecondsPerPossOff,SecondsPerPossDef,SecondsExcludingORebsPerPossOff,SecondsExcludingORebsPerPossDef,AtRimFrequency,AtRimAccuracy,UnblockedAtRimAccuracy,AtRimPctAssisted,ShortMidRangeFrequency,ShortMidRangeAccuracy,UnblockedShortMidRangeAccuracy,LongMidRangeFrequency,LongMidRangeAccuracy,UnblockedLongMidRangeAccuracy,LongMidRangePctAssisted,Corner3Frequency,Corner3Accuracy,UnblockedCorner3Accuracy,Corner3PctAssisted,Arc3Frequency,Arc3Accuracy,UnblockedArc3Accuracy,Arc3PctAssisted,SecondChanceAtRimFrequency,SecondChanceAtRimAccuracy,PenaltyAtRimFrequency,PenaltyCorner3Frequency,PenaltyArc3Frequency,AtRimFG3AFrequency,NonHeaveArc3Accuracy,ShotQualityAvg,SecondChanceShotQualityAvg,PenaltyShotQualityAvg,ShootingFoulsDrawnPct,TwoPtShootingFoulsDrawnPct,SecondChancePointsPct,PenaltyPointsPct,Avg2ptShotDistance,Avg3ptShotDistance,PenaltyOffPossPct,PenaltyAtRimFGM,PenaltyAtRimAccuracy,SecondChanceCorner3FGA,SecondChanceFG3A,LostBallOutOfBoundsTurnovers,SecondChanceCorner3Frequency,SecondChanceArc3FGA,SelfOReb,PenaltyTurnovers,NonShootingPenaltyNonTakeFouls,SelfORebPct,SecondChanceArc3Frequency,SecondChanceTurnovers,3pt And 1 Free Throw Trips,ThreePtShootingFoulsDrawn,OffArc3ReboundPct,ThreePtShootingFoulsDrawnPct,SecondChanceArc3FGM,PenaltyArc3FGM,SecondChanceFG3M,PenaltyFG3M,ShortMidRangeAssists,Offensive Fouls,SecondChanceFg3Pct,PenaltyFg3Pct,ShortMidRangePctAssisted,SecondChanceAtRimPctAssisted,SecondChanceArc3Accuracy,SecondChanceArc3PctAssisted,PenaltyArc3Accuracy,OffensiveGoaltends,StepOutOfBoundsTurnovers,FTOffRebounds,OffFTReboundPct,Technical Free Throw Trips,PenaltyCorner3FGM,Charge Fouls Drawn,PenaltyCorner3Accuracy,Fg3aBlocked,FG3APctBlocked,Arc3PctBlocked,BlockedLongMidRange,3SecondViolations,team_id,year,season,team_vs
1733-1889-201147-201167-201580,1610612743,"Al Harrington, Andre Miller, Corey Brewer, Arron Afflalo, JaVale McGee","Harrington, Miller, Brewer, Afflalo, McGee",1733-1889-201147-201167-201580,DEN,1679.0,6,28.0,10.0,55.0,52.0,10.0,9.0,6.0,107.0,11.0,24.0,2.0,5.0,1.0,2.0,5.0,4.0,13.0,2.0,4.0,2.0,2.0,6.0,2.0,17.0,42.0,4.0,10.0,11.0,57.0,47.0,2.0,8.0,1.0,5.0,2.0,5.0,4.0,3.0,7.0,18.0,16.0,9.0,3.0,4.0,1.0,5.0,2.0,10.0,9.0,3.0,12.0,1.0,2.0,5.0,4.0,27.0,1.0,8.0,5.0,16.0,1.0,22.0,9.0,31.0,6.0,4.0,2.0,3.0,1.0,2.0,2.0,1.0,1.0,5.0,5.0,1.0,10.0,1.0,18.0,4.0,2.0,16.0,2.0,8.0,1.0,6.0,5.0,1.0,6.0,3.0,2.0,52.0,7.0,10.0,1.0,0.5294117647058824,0.6,0.75,0.4,0.4444444444444444,0.40476190476190477,0.25,0.4,0.4423076923076923,0.25,0.2222222222222222,0.4830508474576271,0.2777777777777778,0.3181818181818182,0.19230769230769232,0.23809523809523808,0.25,0.4,0.15384615384615385,0.6,1.0,0.6956521739130435,0.32,0.7142857142857143,0.25,0.7,0.3103448275862069,0.3076923076923077,0.3333333333333333,0.3333333333333333,0.5,0.6666666666666666,0.75,0.6,0.5,0.8,91.76891006551519,0.5,14.018181818181818,17.46153846153846,13.6,16.846153846153847,0.46153846153846156,0.4583333333333333,0.6111111111111112,0.45454545454545453,0.09615384615384616,0.4,0.6666666666666666,0.25,0.3076923076923077,0.36363636363636365,1.0,0.07692307692307693,0.5,0.5,1.0,0.11538461538461539,0.3333333333333333,0.3333333333333333,0.5,0.625,0.4,0.1111111111111111,0.2222222222222222,0.2222222222222222,0.6538461538461539,0.4,0.482038,0.394,0.4593357142857143,0.13793103448275862,0.16666666666666666,0.08771929824561403,0.12280701754385964,8.061904761904762,27.830000000000002,0.18181818181818182,,,,,,,,,,,,,,,,,,,,,,,,,,,,,,,,,,,,,,,,,,,,1610612743,2012,2011-12,False
1733-1889-201147-201167-201951,1610612743,"Al Harrington, Andre Miller, Corey Brewer, Arron Afflalo, Ty Lawson","Harrington, Miller, Brewer, Afflalo, Lawson",1733-1889-201147-201167-201951,DEN,23.0,1,,2.0,1.0,1.0,1.0,1.0,,2.0,1.0,1.0,,,1.0,,,,,,,,,,,1.0,1.0,,,,2.0,,,,,,1.0,1.0,,,2.0,2.0,,,,,,,,,1.0,,1.0,,,1.0,,2.0,,,,,,,,,,,,,,,,,,,,,,,,,,,,,,,,,,,,2.0,2.0,1.0,,1.0,1.0,,,,1.0,,1.0,1.0,,1.0,1.0,,1.0,,,,,,,,,,,,,,,,,,,,,,,125.21739130434781,,20.0,3.0,20.0,3.0,1.0,1.0,1.0,1.0,,,,,,,,,,,,,,,,,,1.0,,,1.0,,0.4654,,0.4654,,,,1.0,1.8,,1.0,1.0,1.0,,,,,,,,,,,,,,,,,,,,,,,,,,,,,,,,,,,,,,,,,,1610612743,2012,2011-12,False
1733-1889-201147-201167-202389,1610612743,"Al Harrington, Andre Miller, Corey Brewer, Arron Afflalo, Timofey Mozgov","Harrington, Miller, Brewer, Afflalo, Mozgov",1733-1889-201147-201167-202389,DEN,22.0,1,,-2.0,1.0,1.0,,,,2.0,,,,,,,,,,,,,,,,,,,,,,2.0,,,,,,,,,,,,,,,,,,,,,,,,,,,,,,,,,,,,,,,1.0,,1.0,,,1.0,,,,,,,,,,,,,,,,,,,,,,,,,,,,,,,,,,,,,,,,,,,,,,,,,,,,,,,,,,130.9090909090909,,13.0,9.0,13.0,9.0,,,,,,,,,,,,,,,,,,,,,,,,,,,,,,,,,,,,,,,,,,,,,,,,,,,,,,,,,,,,,,,,,,,,,,,,,,,,,,,,1610612743,2012,2011-12,False
1733-1889-201147-201167-202702,1610612743,"Al Harrington, Andre Miller, Corey Brewer, Arron Afflalo, Kenneth Faried","Harrington, Miller, Brewer, Afflalo, Faried",1733-1889-201147-201167-202702,DEN,329.0,3,5.0,3.0,10.0,11.0,,,1.0,21.0,2.0,3.0,,,,,,,1.0,1.0,3.0,,1.0,1.0,,2.0,4.0,2.0,4.0,,10.0,7.0,,,,,,,,,,4.0,,6.0,,,,1.0,1.0,1.0,2.0,2.0,4.0,1.0,1.0,2.0,,10.0,,1.0,2.0,5.0,1.0,8.0,1.0,9.0,,,,2.0,,,1.0,2.0,,3.0,1.0,,2.0,,2.0,,,2.0,,1.0,,1.0,,1.0,1.0,,,10.0,,,,1.0,1.0,1.0,0.5,0.5,0.5,,,0.625,,,0.5555555555555556,,,0.5,0.25,0.3333333333333333,,,0.6666666666666666,1.0,0.7142857142857143,0.5,0.6666666666666666,,0.7,0.25,,,1.0,,1.0,0.5,0.6666666666666666,0.6666666666666666,,91.91489361702128,,15.5,15.818181818181818,13.8,15.090909090909092,0.375,0.6666666666666666,1.0,1.0,,,,0.125,,,,0.375,0.3333333333333333,0.3333333333333333,1.0,0.125,1.0,1.0,1.0,,,,,,0.875,1.0,0.57144375,0.5976,,0.1111111111111111,0.2,,,4.875,24.1,,,,1.0,1.0,1.0,1.0,,,,,,,,,,,,,,,,,,,,,,,,,,,,,,,,,,,,,,1610612743,2012,2011-12,False
1733-1889-201147-201568-201580,1610612743,"Al Harrington, Andre Miller, Corey Brewer, Danilo Gallinari, JaVale McGee","Harrington, Miller, Brewer, Gallinari, McGee",1733-1889-201147-201568-201580,DEN,1107.0,6,18.0,-9.0,34.0,34.0,17.0,14.0,7.0,68.0,5.0,14.0,,3.0,5.0,1.0,4.0,1.0,3.0,,5.0,2.0,1.0,6.0,2.0,7.0,21.0,1.0,11.0,10.0,27.0,36.0,,3.0,4.0,4.0,4.0,8.0,4.0,6.0,14.0,8.0,6.0,3.0,,,1.0,5.0,1.0,3.0,4.0,1.0,5.0,1.0,,3.0,1.0,11.0,2.0,5.0,4.0,8.0,1.0,13.0,7.0,20.0,1.0,1.0,,3.0,,3.0,,,,3.0,1.0,,5.0,1.0,12.0,1.0,,12.0,,4.0,2.0,2.0,2.0,,2.0,1.0,,23.0,14.0,17.0,2.0,0.5714285714285714,0.5714285714285714,1.0,0.09090909090909091,0.1,0.3333333333333333,,0.5,0.265625,,0.3333333333333333,0.35526315789473684,0.2857142857142857,0.4666666666666667,0.34375,0.14285714285714285,0.21428571428571427,,,1.0,1.0,0.6153846153846154,0.35714285714285715,0.8,0.2222222222222222,0.6666666666666666,0.30434782608695654,0.4444444444444444,0.3333333333333333,,0.4,0.4,0.5,1.0,1.0,0.5,88.45528455284553,0.5,16.264705882352942,16.294117647058822,14.941176470588236,15.558823529411764,0.4375,0.35714285714285715,0.45454545454545453,0.6,0.125,0.25,0.25,0.09375,0.3333333333333333,0.3333333333333333,1.0,0.15625,,,,0.1875,0.16666666666666666,0.16666666666666666,1.0,0.75,,0.4166666666666667,0.16666666666666666,0.16666666666666666,0.78125,0.2,0.5062967741935483,0.5249375,0.46195,0.1111111111111111,0.16,0.14814814814814814,0.5185185185185185,5.571428571428571,26.79090909090909,0.5,3.0,0.6,,1.0,,,1.0,2.0,2.0,1.0,0.1,0.25,,,,,,,,,,,,,,,,,,,,,,,,,,,,,,,,1610612743,2012,2011-12,False
1733-1889-201147-201568-202389,1610612743,"Al Harrington, Andre Miller, Corey Brewer, Danilo Gallinari, Timofey Mozgov","Harrington, Miller, Brewer, Gallinari, Mozgov",1733-1889-201147-201568-202389,DEN,174.0,1,3.0,4.0,5.0,5.0,,,1.0,10.0,3.0,3.0,1.0,1.0,,,1.0,,,,1.0,,,1.0,,3.0,4.0,,2.0,,6.0,2.0,1.0,1.0,,2.0,,,,,,4.0,2.0,,,2.0,,1.0,,,2.0,,2.0,,,2.0,,4.0,,1.0,1.0,2.0,,3.0,1.0,4.0,1.0,,1.0,,,,,,,,,,1.0,,1.0,,,,,,,,,,,,,4.0,,,,0.6666666666666666,1.0,,,,0.75,1.0,,0.5,1.0,,0.5,1.0,,0.3333333333333333,,,,,,,0.5,1.0,1.0,,0.6,0.3333333333333333,,1.0,,,0.6666666666666666,,,1.0,,82.75862068965517,,10.4,24.4,10.4,20.6,0.5,1.0,1.0,0.6666666666666666,0.16666666666666666,,,,,,,0.16666666666666666,,,,0.16666666666666666,,,,1.0,1.0,,,,0.8333333333333334,,0.5802083333333333,0.5565,,,,0.3333333333333333,,4.675,24.3,,,,,,,,,,,,,,,,,,,,,,,,,,,,,,,,,,,,,,,,,,,,,1610612743,2012,2011-12,False
1733-1889-201147-201568-202702,1610612743,"Al Harrington, Andre Miller, Corey Brewer, Danilo Gallinari, Kenneth Faried","Harrington, Miller, Brewer, Gallinari, Faried",1733-1889-201147-201568-202702,DEN,547.0,4,9.0,-6.0,16.0,18.0,,,4.0,34.0,4.0,9.0,1.0,4.0,,,1.0,2.0,4.0,1.0,1.0,,,3.0,,6.0,14.0,1.0,4.0,3.0,18.0,24.0,1.0,4.0,,2.0,,,,,,4.0,8.0,3.0,,2.0,,3.0,,2.0,2.0,1.0,3.0,,1.0,2.0,,7.0,1.0,4.0,1.0,5.0,1.0,7.0,5.0,12.0,,,,2.0,,1.0,,1.0,,2.0,3.0,,4.0,,2.0,,,3.0,,1.0,,3.0,1.0,2.0,3.0,2.0,,16.0,,,,0.3333333333333333,0.4,1.0,0.25,0.25,0.42857142857142855,0.25,,0.4166666666666667,0.25,,0.47368421052631576,0.25,,0.2222222222222222,0.14285714285714285,0.2222222222222222,,,1.0,1.0,0.625,0.5,0.5,0.3333333333333333,0.6,0.45454545454545453,0.4,1.0,0.5,,0.6666666666666666,0.5,0.6666666666666666,1.0,,89.50639853747714,0.6666666666666666,16.4375,15.777777777777779,15.375,14.944444444444445,0.5,0.4444444444444444,0.5714285714285714,0.5,0.05555555555555555,,,0.2222222222222222,0.5,0.5,,0.05555555555555555,1.0,1.0,1.0,0.16666666666666666,,,,1.0,0.25,,,,0.7222222222222222,,0.5003138888888888,0.6084666666666666,,0.10526315789473684,0.06666666666666667,0.1111111111111111,,7.257142857142857,24.725,,,,,,,,,2.0,,,0.2222222222222222,,1.0,1.0,1.0,0.3333333333333333,0.25,,,,,,,,,,,,,,,,,,,,,,,,,,,1610612743,2012,2011-12,False
1733-1889-201147-201580-201951,1610612743,"Al Harrington, Andre Miller, Corey Brewer, JaVale McGee, Ty Lawson","Harrington, Miller, Brewer, McGee, Lawson",1733-1889-201147-201580-201951,DEN,1169.0,5,19.0,6.0,39.0,33.0,16.0,18.0,7.0,72.0,8.0,16.0,1.0,5.0,4.0,2.0,6.0,1.0,7.0,2.0,3.0,1.0,3.0,9.0,2.0,11.0,29.0,5.0,12.0,4.0,41.0,35.0,1.0,8.0,,5.0,4.0,9.0,3.0,3.0,14.0,20.0,2.0,15.0,,,1.0,8.0,3.0,4.0,10.0,5.0,15.0,3.0,2.0,7.0,1.0,35.0,2.0,7.0,3.0,5.0,1.0,9.0,9.0,18.0,5.0,3.0,2.0,,1.0,,2.0,,,2.0,3.0,,11.0,2.0,8.0,1.0,1.0,7.0,1.0,2.0,2.0,2.0,1.0,1.0,2.0,,,36.0,14.0,16.0,2.0,0.9090909090909091,0.9090909090909091,1.0,0.4166666666666667,0.45454545454545453,0.3793103448275862,0.125,0.4444444444444444,0.45121951219512196,0.2777777777777778,0.4583333333333333,0.4659090909090909,0.25,0.5,0.2926829268292683,0.13793103448275862,0.125,0.3333333333333333,,,1.0,0.5555555555555556,0.3888888888888889,0.5,0.4,0.5333333333333333,0.391304347826087,0.5,,0.5,,0.6666666666666666,0.5,0.5,1.0,,88.69118905047048,,15.256410256410257,17.393939393939394,12.974358974358974,17.03030303030303,0.3902439024390244,0.5,0.5714285714285714,0.875,0.14634146341463414,0.3333333333333333,0.5,0.17073170731707318,0.14285714285714285,0.14285714285714285,1.0,0.07317073170731707,0.6666666666666666,0.6666666666666666,1.0,0.21951219512195122,0.3333333333333333,0.3333333333333333,1.0,0.5555555555555556,0.2,0.3333333333333333,0.08333333333333333,0.16666666666666666,0.6829268292682927,0.375,0.49844625000000004,0.44457857142857143,0.5224545454545454,0.047619047619047616,0.06666666666666667,0.12195121951219512,0.34146341463414637,7.003448275862069,26.833333333333332,0.41025641025641024,3.0,0.75,,1.0,,,1.0,2.0,2.0,2.0,0.10526315789473684,0.1111111111111111,,,,0.4,,1.0,1.0,1.0,1.0,2.0,1.0,1.0,0.3333333333333333,1.0,1.0,1.0,1.0,0.5,,,,,,,,,,,,,,1610612743,2012,2011-12,False
1733-1889-201147-201951-202389,1610612743,"Al Harrington, Andre Miller, Corey Brewer, Ty Lawson, Timofey Mozgov","Harrington, Miller, Brewer, Lawson, Mozgov",1733-1889-201147-201951-202389,DEN,308.0,1,5.0,8.0,11.0,11.0,1.0,3.0,,22.0,4.0,5.0,,,,1.0,1.0,2.0,2.0,,,,1.0,1.0,,7.0,8.0,1.0,1.0,1.0,18.0,10.0,,,,,1.0,1.0,,,2.0,10.0,4.0,3.0,,,,1.0,1.0,1.0,5.0,1.0,6.0,1.0,,4.0,1.0,13.0,,,1.0,3.0,,4.0,,4.0,2.0,1.0,1.0,1.0,,1.0,,,,1.0,1.0,,2.0,,3.0,,,3.0,1.0,2.0,,,,,,,,18.0,2.0,1.0,,0.7142857142857143,0.7142857142857143,1.0,1.0,1.0,0.875,,1.0,0.9444444444444444,,1.0,0.9,,1.0,0.1111111111111111,0.125,0.2,,,1.0,,0.75,,0.5,,0.6666666666666666,,,,,,,0.5,1.0,1.0,,102.85714285714285,,10.363636363636363,17.636363636363637,10.363636363636363,16.454545454545453,0.5555555555555556,0.8,1.0,1.0,0.1111111111111111,1.0,1.0,0.2222222222222222,1.0,1.0,0.5,,,,,0.1111111111111111,1.0,1.0,1.0,,,,,,0.6666666666666666,1.0,0.554188888888889,,0.4457,0.2,0.2222222222222222,,0.1111111111111111,5.85,25.3,0.09090909090909091,,,,,,,,,,,,,,,,,,,,,,,,,,,,,,,,,,,,,,,,,,,,1610612743,2012,2011-12,False
1733-1889-201167-201568-201580,1610612743,"Al Harrington, Andre Miller, Arron Afflalo, Danilo Gallinari, JaVale McGee","Harrington, Miller, Afflalo, Gallinari, McGee",1733-1889-201167-201568-201580,DEN,320.0,2,5.0,-9.0,12.0,12.0,9.0,5.0,1.0,24.0,3.0,5.0,1.0,1.0,4.0,,4.0,,,,,,,1.0,1.0,3.0,9.0,,1.0,2.0,8.0,17.0,1.0,1.0,,2.0,3.0,8.0,1.0,2.0,8.0,4.0,2.0,,,2.0,,1.0,,3.0,2.0,,2.0,,,2.0,,4.0,,1.0,1.0,1.0,,2.0,1.0,3.0,,,,,,,2.0,,,2.0,1.0,,4.0,,1.0,,,2.0,,,1.0,1.0,1.0,,1.0,,1.0,6.0,8.0,9.0,1.0,0.6666666666666666,1.0,,,,0.3333333333333333,1.0,0.375,0.3,1.0,0.3333333333333333,0.36363636363636365,1.0,0.4,0.1,0.3333333333333333,0.2,0.5,,,,0.25,0.2,0.5,,0.3333333333333333,0.16666666666666666,,0.25,,,0.25,,,0.5,,108.0,,12.166666666666666,14.5,12.0,12.75,0.5,0.6,0.75,0.6666666666666666,0.4,,,,,,,,,,,0.1,,,,1.0,1.0,0.4444444444444444,,0.1111111111111111,0.6,,0.42039,0.4188,0.41565555555555556,,,0.25,1.0,3.8000000000000003,27.7,0.75,3.0,0.75,,,,,,,,1.0,,,,,,,,,,,,,1.0,,,,,,,,,,,,,,,,,,,,,1610612743,2012,2011-12,False
1733-1889-201167-201568-201951,1610612743,"Al Harrington, Andre Miller, Arron Afflalo, Danilo Gallinari, Ty Lawson","Harrington, Miller, Afflalo, Gallinari, Lawson",1733-1889-201167-201568-201951,DEN,41.0,2,1.0,,4.0,2.0,4.0,2.0,,6.0,1.0,1.0,,,1.0,,,,,,,,,1.0,1.0,1.0,1.0,,1.0,1.0,3.0,3.0,,,,,1.0,1.0,1.0,1.0,3.0,,2.0,,,,,1.0,,,,,,,,,,,,,,,1.0,1.0,,1.0,,,,,,,1.0,,,1.0,,,1.0,,1.0,,,2.0,,,1.0,,,,,,,3.0,3.0,4.0,1.0,,,,,,1.0,,1.0,0.5,,0.5,0.5,,0.5,0.5,,,,,,1.0,,,,,,,,,,,,,,,,210.73170731707316,,4.25,12.0,4.25,12.0,0.5,1.0,1.0,,,,,,,,,,,,,0.5,,,,,,0.5,,0.5,1.0,,0.592,,0.592,,,,1.0,2.0,25.3,1.0,1.0,1.0,,,,,,,1.0,,,,,,,,,,,,,,,,,,,,,,1.0,,,,,,,,,,,,,1610612743,2012,2011-12,False
1733-1889-201167-201568-202702,1610612743,"Al Harrington, Andre Miller, Arron Afflalo, Danilo Gallinari, Kenneth Faried","Harrington, Miller, Afflalo, Gallinari, Faried",1733-1889-201167-201568-202702,DEN,253.0,2,4.0,-4.0,7.0,6.0,,3.0,1.0,13.0,1.0,1.0,1.0,1.0,,1.0,3.0,1.0,2.0,,,,,1.0,,3.0,6.0,,1.0,,6.0,10.0,1.0,1.0,,2.0,,,,,,,6.0,,,,,1.0,,1.0,,,,,,,,,1.0,,1.0,1.0,,2.0,1.0,3.0,,,,,,,1.0,,,1.0,,,1.0,,,,,,,,,,,,,,,4.0,,,,,,,,,0.5,1.0,,0.42857142857142855,1.0,,0.42857142857142855,1.0,,0.14285714285714285,0.16666666666666666,,0.3333333333333333,,,,0.5,,1.0,1.0,0.6666666666666666,0.25,,,,,,,0.5,1.0,,73.99209486166008,,17.571428571428573,21.666666666666668,16.714285714285715,17.833333333333332,0.14285714285714285,1.0,1.0,,0.42857142857142855,0.3333333333333333,0.5,0.2857142857142857,0.5,0.5,,,,,,0.14285714285714285,,,,1.0,1.0,,,,0.2857142857142857,,0.4240785714285714,,,,,0.3333333333333333,,10.233333333333333,25.5,,,,,,,,,,,,,,,,,1.0,,,,,,,1.0,,,,,,,,,,,,,,,,,,,,,1610612743,2012,2011-12,False
1733-1889-201167-201580-201951,1610612743,"Al Harrington, Andre Miller, Arron Afflalo, JaVale McGee, Ty Lawson","Harrington, Miller, Afflalo, McGee, Lawson",1733-1889-201167-201580-201951,DEN,1156.0,3,19.0,9.0,34.0,37.0,13.0,14.0,6.0,71.0,9.0,15.0,1.0,2.0,4.0,5.0,7.0,2.0,3.0,2.0,3.0,1.0,2.0,9.0,7.0,16.0,25.0,4.0,12.0,5.0,49.0,40.0,2.0,3.0,1.0,8.0,4.0,7.0,8.0,2.0,16.0,24.0,8.0,12.0,,,,9.0,2.0,5.0,12.0,4.0,16.0,2.0,2.0,6.0,1.0,36.0,5.0,3.0,5.0,9.0,1.0,15.0,8.0,23.0,1.0,,1.0,1.0,,1.0,3.0,,,4.0,4.0,,11.0,,8.0,,1.0,7.0,2.0,5.0,,3.0,3.0,,3.0,1.0,,41.0,16.0,13.0,,0.75,0.75,1.0,0.3333333333333333,0.3333333333333333,0.64,0.6666666666666666,0.5714285714285714,0.5945945945945946,0.5833333333333334,0.4666666666666667,0.6125,0.5714285714285714,0.47058823529411764,0.32432432432432434,0.2,0.26666666666666666,0.14285714285714285,,0.25,1.0,0.6428571428571429,0.3333333333333333,1.0,0.625,0.7368421052631579,0.47058823529411764,0.3333333333333333,,1.0,1.0,0.25,1.0,0.6,1.0,1.0,88.44290657439447,0.3333333333333333,15.058823529411764,17.405405405405407,13.705882352941176,16.513513513513512,0.40540540540540543,0.6,0.8181818181818182,0.6666666666666666,0.1891891891891892,0.7142857142857143,0.8333333333333334,0.08108108108108109,0.6666666666666666,0.6666666666666666,0.5,0.08108108108108109,0.6666666666666666,0.6666666666666666,1.0,0.24324324324324326,0.2222222222222222,0.2222222222222222,1.0,0.3333333333333333,0.5,0.26666666666666666,0.06666666666666667,0.4666666666666667,0.7297297297297297,0.2222222222222222,0.537127027027027,0.6217,0.50532,0.125,0.17857142857142858,0.16326530612244897,0.32653061224489793,5.263999999999999,24.683333333333334,0.38235294117647056,2.0,0.5,1.0,3.0,1.0,0.16666666666666666,2.0,,3.0,1.0,,0.3333333333333333,2.0,,,0.5714285714285714,,1.0,2.0,1.0,2.0,5.0,,0.3333333333333333,0.25,1.0,1.0,0.5,1.0,0.2857142857142857,,1.0,,,,,,,,,,,,1610612743,2012,2011-12,False
1733-1889-201167-201585-201951,1610612743,"Al Harrington, Andre Miller, Arron Afflalo, Kosta Koufos, Ty Lawson","Harrington, Miller, Afflalo, Koufos, Lawson",1733-1889-201167-201585-201951,DEN,80.0,1,1.0,-4.0,2.0,2.0,,,,4.0,,,,,,,1.0,,,,,,,1.0,,,1.0,,1.0,,,4.0,,,,,,,,,,,,,,,,1.0,,,,,,,,,,,,,,,,,,,,,,,,,,,,,,,1.0,,,,,,,,,,,,,,,,,,,,,,,,,,,,,,,,,0.5,,,,,,,,,,,,,,,,,,,,,,72.0,,21.0,19.0,21.0,9.0,,,,,0.5,,,,,,,,,,,0.5,,,,,,,,,0.5,,0.469375,,,,,,,8.6,25.3,,,,,,,,,,,,,,,,,,,,,,,,,,,,,,,,,,,,,,,,,,,,,1610612743,2012,2011-12,False
1733-1889-201167-201951-202389,1610612743,"Al Harrington, Andre Miller, Arron Afflalo, Ty Lawson, Timofey Mozgov","Harrington, Miller, Afflalo, Lawson, Mozgov",1733-1889-201167-201951-202389,DEN,41.0,1,1.0,2.0,1.0,2.0,,,,3.0,1.0,1.0,,,,,,,,,,,,,,1.0,1.0,,,,2.0,,,,,,,,,,,2.0,,,,,,,,,1.0,,1.0,,,1.0,,2.0,,,,1.0,,1.0,,1.0,,,,,,,,,,,,,,,,,,,,,,,,,,,,2.0,,,,1.0,1.0,,,,1.0,,,1.0,,,1.0,,,,,,,,,,0.5,,,,0.5,,,,,,1.0,,,,,105.36585365853658,,8.0,16.5,8.0,15.0,1.0,1.0,1.0,1.0,,,,,,,,,,,,,,,,,,,,,1.0,,0.6081,,,,,,,1.3,,,,,,,,,,,,,,,,,,,,,,,,,,,,,,,,,,,,,,,,,,,,,,1610612743,2012,2011-12,False
1733-1889-201167-201951-202702,1610612743,"Al Harrington, Andre Miller, Arron Afflalo, Ty Lawson, Kenneth Faried","Harrington, Miller, Afflalo, Lawson, Faried",1733-1889-201167-201951-202702,DEN,359.0,4,6.0,5.0,10.0,10.0,,2.0,2.0,20.0,2.0,2.0,1.0,1.0,,1.0,2.0,,1.0,,,,2.0,4.0,,3.0,5.0,2.0,4.0,1.0,13.0,8.0,1.0,2.0,1.0,3.0,,,,,,2.0,4.0,6.0,,2.0,,4.0,2.0,,1.0,2.0,3.0,2.0,,1.0,,8.0,1.0,1.0,,3.0,1.0,4.0,2.0,6.0,1.0,,1.0,,1.0,,3.0,,,3.0,,,1.0,,4.0,1.0,,3.0,1.0,2.0,,,,,,,,10.0,,,,0.3333333333333333,0.5,1.0,0.5,0.5,0.6,0.5,,0.6666666666666666,0.5,,0.65,0.75,,0.4444444444444444,,,,,,1.0,0.3,0.5,,1.0,0.3,0.6666666666666666,,,1.0,,,1.0,0.6666666666666666,,,80.22284122562674,,17.3,18.6,16.1,16.6,0.2222222222222222,1.0,1.0,0.5,0.2222222222222222,0.5,0.5,0.1111111111111111,,,,,,,,0.4444444444444444,0.5,0.5,1.0,0.5,1.0,,,,0.6666666666666666,0.5,0.4771666666666667,0.3998,,0.2,0.3333333333333333,0.23076923076923078,,5.74,26.475,,,,,,,,,,,,,,,,,1.0,,,,,,,1.0,,,,,,,,,,,,,,,,,,,,,1610612743,2012,2011-12,False
1733-1889-201568-201580-201951,1610612743,"Al Harrington, Andre Miller, Danilo Gallinari, JaVale McGee, Ty Lawson","Harrington, Miller, Gallinari, McGee, Lawson",1733-1889-201568-201580-201951,DEN,1127.0,4,19.0,,34.0,34.0,18.0,27.0,5.0,68.0,11.0,16.0,2.0,5.0,9.0,4.0,8.0,2.0,4.0,,,,1.0,7.0,5.0,17.0,28.0,1.0,7.0,4.0,41.0,41.0,3.0,6.0,,6.0,11.0,16.0,5.0,1.0,26.0,10.0,24.0,3.0,,2.0,1.0,6.0,1.0,1.0,5.0,1.0,6.0,1.0,,4.0,1.0,13.0,2.0,2.0,2.0,10.0,2.0,14.0,5.0,19.0,2.0,1.0,1.0,1.0,,1.0,,,,1.0,4.0,,6.0,,7.0,1.0,,9.0,1.0,3.0,2.0,2.0,2.0,,2.0,1.0,3.0,35.0,26.0,18.0,1.0,0.29411764705882354,0.3125,1.0,0.14285714285714285,0.16666666666666666,0.6071428571428571,0.5,0.6875,0.5285714285714286,0.42857142857142855,0.5952380952380952,0.5256410256410257,0.42857142857142855,0.5909090909090909,0.2,0.03571428571428571,0.0625,,,1.0,0.6666666666666666,0.5263157894736842,0.18181818181818182,0.6666666666666666,0.4,0.5454545454545454,0.25,0.4,,,,0.25,1.0,0.5714285714285714,,0.6666666666666666,86.88553682342501,0.5,16.235294117647058,16.91176470588235,13.617647058823529,15.588235294117647,0.45714285714285713,0.6875,0.7333333333333333,0.36363636363636365,0.22857142857142856,0.5,0.5,0.11428571428571428,0.5,0.5,0.5,,,,,0.2,0.14285714285714285,0.14285714285714285,1.0,0.7142857142857143,0.4,0.42857142857142855,,0.23809523809523808,0.6571428571428571,0.16666666666666666,0.4941764705882353,0.44320000000000004,0.5121475,0.08108108108108109,0.1,0.14634146341463414,0.6341463414634146,6.142857142857143,32.528571428571425,0.5294117647058824,6.0,0.6666666666666666,,1.0,,,1.0,,,1.0,,0.14285714285714285,,,,0.4,,,1.0,,1.0,,,,0.2,,,,,0.2,,,1.0,0.5,,,,,,,,,,1610612743,2012,2011-12,False
1733-1889-201568-201951-202702,1610612743,"Al Harrington, Andre Miller, Danilo Gallinari, Ty Lawson, Kenneth Faried","Harrington, Miller, Gallinari, Lawson, Faried",1733-1889-201568-201951-202702,DEN,192.0,2,3.0,4.0,8.0,6.0,2.0,,1.0,14.0,3.0,3.0,1.0,1.0,2.0,,2.0,,1.0,,,,1.0,1.0,,3.0,6.0,1.0,1.0,,9.0,5.0,1.0,1.0,,2.0,2.0,3.0,,,4.0,2.0,4.0,3.0,,2.0,,1.0,1.0,,1.0,1.0,2.0,1.0,,1.0,,5.0,,1.0,,1.0,,1.0,1.0,2.0,2.0,1.0,1.0,2.0,,2.0,,,,2.0,1.0,,1.0,,1.0,1.0,,,,,,1.0,1.0,,1.0,1.0,,7.0,4.0,2.0,,0.3333333333333333,0.5,1.0,1.0,1.0,0.5,1.0,0.6666666666666666,0.6428571428571429,1.0,0.6666666666666666,0.6428571428571429,1.0,0.6666666666666666,0.14285714285714285,,,,,1.0,,0.5,0.3333333333333333,,,0.5,0.3333333333333333,,,1.0,,1.0,,,,,105.0,1.0,10.125,18.5,10.125,18.5,0.42857142857142855,1.0,1.0,0.3333333333333333,0.2857142857142857,,,0.14285714285714285,,,,,,,,0.14285714285714285,1.0,1.0,1.0,1.0,1.0,0.6666666666666666,,,0.5714285714285714,1.0,0.47738571428571425,0.5392,0.42263333333333336,,,0.2222222222222222,0.4444444444444444,6.483333333333333,24.8,0.25,2.0,1.0,,,,,,,,,,,,,,,,,,,,,,,,,,,,,,,,,,,,,,,,,,1610612743,2012,2011-12,False
1733-201147-201167-201580-201951,1610612743,"Al Harrington, Corey Brewer, Arron Afflalo, JaVale McGee, Ty Lawson","Harrington, Brewer, Afflalo, McGee, Lawson",1733-201147-201167-201580-201951,DEN,58.0,1,1.0,-2.0,2.0,2.0,2.0,,,4.0,,,,,,,,,,,,,,,,,,,,2.0,2.0,4.0,,,,,,,,2.0,2.0,,,,,,,,,,,,,,,,,,,,,,,,,,,,,1.0,,1.0,,,,1.0,,,,,2.0,,,2.0,,,1.0,,,,,,,2.0,2.0,2.0,1.0,,,,,,,,,,,,1.0,,1.0,,,,,,1.0,,,,,,,,,,,,,,,,,99.3103448275862,,16.0,13.0,16.0,13.0,,,,,,,,,,,,,,,,,,,,,,,,,,,,,,,,,1.0,,,1.0,,,,,,,,,1.0,,,,,,,,,,,,,,,,,,,,,,,,,,,,,,,,,,,1610612743,2012,2011-12,False
1733-201167-201568-201580-201951,1610612743,"Al Harrington, Arron Afflalo, Danilo Gallinari, JaVale McGee, Ty Lawson","Harrington, Afflalo, Gallinari, McGee, Lawson",1733-201167-201568-201580-201951,DEN,521.0,3,9.0,1.0,16.0,15.0,4.0,,2.0,31.0,2.0,4.0,1.0,1.0,1.0,1.0,3.0,1.0,3.0,,2.0,1.0,1.0,2.0,1.0,4.0,10.0,1.0,4.0,6.0,17.0,16.0,2.0,2.0,,4.0,,1.0,2.0,3.0,6.0,4.0,4.0,3.0,,2.0,,2.0,1.0,,2.0,1.0,3.0,1.0,,,1.0,7.0,1.0,2.0,2.0,4.0,1.0,7.0,3.0,10.0,,,,1.0,,1.0,1.0,,,2.0,,,2.0,,4.0,1.0,,7.0,,3.0,,1.0,,1.0,1.0,,,13.0,6.0,4.0,,0.5,0.6666666666666666,1.0,0.25,0.25,0.4,1.0,,0.39285714285714285,1.0,0.5,0.47058823529411764,1.0,0.625,0.2857142857142857,,,,,0.5,1.0,0.6666666666666666,0.3333333333333333,1.0,0.3333333333333333,0.75,0.3333333333333333,0.5,0.5,,,1.0,,0.75,1.0,,85.68138195777351,,16.4375,17.2,15.3125,17.0,0.2857142857142857,0.5,0.5,,0.21428571428571427,0.3333333333333333,0.3333333333333333,0.21428571428571427,0.3333333333333333,0.3333333333333333,1.0,0.14285714285714285,,,,0.14285714285714285,0.5,0.5,1.0,0.5,1.0,0.3333333333333333,0.3333333333333333,0.3333333333333333,0.5714285714285714,0.5,0.4672178571428572,0.49775,0.47248333333333337,0.17647058823529413,0.23076923076923078,0.23529411764705882,0.35294117647058826,9.47,24.9,0.25,,,,,,,,,,,,,,,,1.0,,,1.0,,1.0,1.0,1.0,,0.5,1.0,,,,1.0,,,,,1.0,,,,,,,,,1610612743,2012,2011-12,False
1733-201167-201568-201951-202389,1610612743,"Al Harrington, Arron Afflalo, Danilo Gallinari, Ty Lawson, Timofey Mozgov","Harrington, Afflalo, Gallinari, Lawson, Mozgov",1733-201167-201568-201951-202389,DEN,141.0,1,2.0,2.0,5.0,5.0,3.0,,,10.0,1.0,1.0,,,,,,2.0,2.0,,,,,,,3.0,3.0,,,2.0,8.0,6.0,,,,,2.0,2.0,,1.0,5.0,2.0,4.0,,,,,,,,1.0,,1.0,,,1.0,,2.0,,,1.0,,,1.0,,1.0,,,,,,,,,,,1.0,,2.0,,2.0,,,4.0,,1.0,1.0,,,,,,,8.0,5.0,3.0,1.0,0.3333333333333333,0.3333333333333333,,,,1.0,,1.0,1.0,,1.0,0.8,,0.8333333333333334,,,,,,,,,,1.0,,0.5,,,,,,,,,,1.0,102.12765957446808,,9.8,18.4,9.8,17.6,0.3333333333333333,1.0,1.0,1.0,,,,0.6666666666666666,1.0,1.0,,,,,,,,,,,,,,,0.3333333333333333,,0.4976666666666667,,0.44575,0.25,0.25,,0.625,12.299999999999999,,0.6,,,,,,,,,,,,,,,,,,,,,,,,,,,,,,,,,,,,,,,,,,,,1610612743,2012,2011-12,False
1733-201167-201568-201951-202702,1610612743,"Al Harrington, Arron Afflalo, Danilo Gallinari, Ty Lawson, Kenneth Faried","Harrington, Afflalo, Gallinari, Lawson, Faried",1733-201167-201568-201951-202702,DEN,109.0,3,2.0,,5.0,3.0,1.0,1.0,2.0,8.0,1.0,1.0,1.0,1.0,,,,1.0,2.0,,1.0,,,1.0,,2.0,3.0,,2.0,,4.0,4.0,1.0,1.0,,2.0,1.0,1.0,,,2.0,,4.0,,,2.0,,1.0,,,,,,,,,,,2.0,,,,1.0,1.0,2.0,3.0,,,,2.0,,1.0,,1.0,,2.0,1.0,,1.0,,,,,,,,,,,,,,,2.0,2.0,1.0,,,,,,,0.6666666666666666,1.0,1.0,0.4,1.0,1.0,0.4,1.0,1.0,0.4,,,,,1.0,1.0,,,,1.0,,0.6666666666666666,,,,1.0,,,,,,105.68807339449542,,14.4,12.333333333333334,13.8,11.666666666666666,0.2,1.0,1.0,,,,,0.4,0.5,0.5,,0.2,,,,0.2,,,,1.0,1.0,,,,0.6,,0.45082000000000005,,0.2928,,,0.5,0.5,13.566666666666668,24.05,0.2,,,,,,,,,,,,,1.0,,,1.0,,,,,,,,,,,,,,,,,,,,,,,,,,,,1610612743,2012,2011-12,False
1889-201147-201167-201568-201951,1610612743,"Andre Miller, Corey Brewer, Arron Afflalo, Danilo Gallinari, Ty Lawson","Miller, Brewer, Afflalo, Gallinari, Lawson",1889-201147-201167-201568-201951,DEN,7.0,1,,,,1.0,,1.0,,1.0,,,,,,,,,,,,,,1.0,1.0,,,,1.0,,,,,,,,,,1.0,,,,,,,,1.0,,,,,,,,,,,,,,,,,,,,1.0,1.0,,,,,,,,,,,,,,,,,,,,,,,,,,,,,,,,,,,,,,,,,,,,1.0,,,,,,,,,,,,,,,,,,,,,,205.71428571428572,,,6.0,,6.0,,,,,,,,,,,,,,,,1.0,,,,,,,,1.0,1.0,,,,,,,,,,43.4,,,,,,,,,,,,,,,,,,,,,,,,,,,,,,,,,,,,,,,,,,,,,1610612743,2012,2011-12,False
1889-201147-201167-201580-202702,1610612743,"Andre Miller, Corey Brewer, Arron Afflalo, JaVale McGee, Kenneth Faried","Miller, Brewer, Afflalo, McGee, Faried",1889-201147-201167-201580-202702,DEN,147.0,1,2.0,1.0,4.0,4.0,,,1.0,8.0,,1.0,,,,1.0,1.0,,,,,,,1.0,,1.0,2.0,,1.0,3.0,5.0,4.0,1.0,1.0,,2.0,,,,,,,2.0,,,,,1.0,,1.0,,,,,,,,,,1.0,,1.0,,1.0,1.0,2.0,1.0,1.0,,,,,1.0,,,1.0,,,,,2.0,,,4.0,,1.0,1.0,,,,,,,3.0,,,,,,,,,0.5,1.0,,0.3333333333333333,1.0,,0.5,1.0,,0.3333333333333333,0.5,1.0,,,,,1.0,1.0,,,1.0,0.5,1.0,,,,,,1.0,,,78.3673469387755,,15.75,21.0,14.75,21.0,0.3333333333333333,,,,0.3333333333333333,1.0,1.0,,,,,,,,,0.3333333333333333,,,,,,,,,0.6666666666666666,,0.4905,0.521,,0.25,0.3333333333333333,0.4,,4.3,25.3,,,,,,1.0,,,,,,,,,,,,,,,,,,,,,,,,,,,,,,,,,,,,,,,1610612743,2012,2011-12,False
1889-201147-201167-202389-202702,1610612743,"Andre Miller, Corey Brewer, Arron Afflalo, Timofey Mozgov, Kenneth Faried","Miller, Brewer, Afflalo, Mozgov, Faried",1889-201147-201167-202389-202702,DEN,317.0,2,5.0,-5.0,9.0,10.0,,3.0,,19.0,2.0,2.0,,,,,,2.0,5.0,,,,,1.0,,4.0,7.0,,1.0,1.0,9.0,14.0,,,,,,,,,,6.0,2.0,,,,,1.0,,,3.0,,3.0,,,2.0,1.0,6.0,,,,2.0,1.0,3.0,,3.0,1.0,,1.0,1.0,,1.0,,,,1.0,3.0,,4.0,1.0,2.0,,,2.0,,1.0,,,,,,,,9.0,,,,0.75,0.75,,,,0.5714285714285714,,,0.5,,,0.5,,,0.125,,,,,1.0,1.0,0.6666666666666666,,,,0.4,,,,,,,,1.0,,,86.30914826498423,,19.333333333333332,14.3,19.333333333333332,12.6,0.25,1.0,1.0,1.0,,,,0.625,0.4,0.4,0.5,,,,,0.125,,,,,,,,,0.375,,0.45866875,,,0.1111111111111111,0.125,,,12.342857142857143,24.6,,,,,,,,,,,,,,,,,,,,,,,,,,,,,,,,,,,,,,,,,,,,,1610612743,2012,2011-12,False
1889-201147-201568-201580-201951,1610612743,"Andre Miller, Corey Brewer, Danilo Gallinari, JaVale McGee, Ty Lawson","Miller, Brewer, Gallinari, McGee, Lawson",1889-201147-201568-201580-201951,DEN,61.0,1,1.0,,2.0,2.0,,,1.0,4.0,1.0,2.0,,,,,,,,,1.0,,,,,1.0,2.0,,1.0,,2.0,2.0,,,,,,,,,,,2.0,,,,,,,1.0,,,,,,,,,,1.0,1.0,,,1.0,1.0,2.0,,,,,,,,,,,,,,,,,,,,,,,,,,,,2.0,,,,,,,,,0.5,,,0.3333333333333333,,,0.3333333333333333,,,0.3333333333333333,0.5,0.5,,,,,,1.0,1.0,,0.5,0.5,1.0,,,,,,,1.0,,94.42622950819673,,14.5,16.0,10.5,11.0,0.6666666666666666,0.5,1.0,,,,,,,,,0.3333333333333333,,,,,,,,,,,,,1.0,,0.5076333333333333,0.4494,,,,,,2.25,24.2,,,,1.0,1.0,,1.0,,,,,,,,,,,,,,,,,,,,,,,,,,,,,,,,,,,,,,1610612743,2012,2011-12,False
1889-201147-201568-201580-202702,1610612743,"Andre Miller, Corey Brewer, Danilo Gallinari, JaVale McGee, Kenneth Faried","Miller, Brewer, Gallinari, McGee, Faried",1889-201147-201568-201580-202702,DEN,290.0,1,5.0,1.0,7.0,8.0,,,2.0,15.0,4.0,6.0,1.0,1.0,,1.0,2.0,,1.0,,,,,,,5.0,9.0,,,,10.0,9.0,1.0,3.0,,2.0,,,,,,6.0,4.0,,,,,,,,3.0,,3.0,,,3.0,,6.0,,3.0,2.0,,,2.0,3.0,5.0,2.0,,2.0,,,,1.0,,,1.0,2.0,,4.0,,1.0,1.0,,,,,,,,,,,,8.0,,,,0.6,0.6,,,,0.5555555555555556,0.3333333333333333,,0.5555555555555556,0.3333333333333333,,0.5555555555555556,0.3333333333333333,,,,,,,,,,0.75,0.6666666666666666,,0.6666666666666666,0.75,1.0,,1.0,,,,,1.0,0.5,74.48275862068967,,16.428571428571427,21.875,13.428571428571429,21.875,0.6666666666666666,0.6666666666666666,0.6666666666666666,0.75,0.2222222222222222,0.5,0.5,0.1111111111111111,,,,,,,,,,,,0.3333333333333333,1.0,,,,0.6666666666666666,,0.5557555555555556,0.4989666666666666,,,,0.2,,4.833333333333333,,,,,,,1.0,,,,,,,,,,,,,,,,,,,,,,,,,,,,,,,,,,,,,,,1610612743,2012,2011-12,False
1889-201147-201568-201951-202702,1610612743,"Andre Miller, Corey Brewer, Danilo Gallinari, Ty Lawson, Kenneth Faried","Miller, Brewer, Gallinari, Lawson, Faried",1889-201147-201568-201951-202702,DEN,168.0,3,3.0,-2.0,6.0,9.0,1.0,7.0,,15.0,2.0,4.0,,,1.0,,,1.0,1.0,,,,,1.0,,3.0,5.0,,1.0,,6.0,8.0,,,,,1.0,1.0,,,2.0,4.0,2.0,,,,,1.0,,1.0,2.0,,2.0,,,2.0,,4.0,,,1.0,2.0,2.0,5.0,,5.0,,,,,,,,,,,1.0,,2.0,,1.0,1.0,,,,,,,,,,,1.0,6.0,2.0,1.0,,0.6666666666666666,0.6666666666666666,,,,0.6,,1.0,0.5,,1.0,0.5,,1.0,0.16666666666666666,0.2,0.25,,,,1.0,1.0,,0.5,,0.75,,,,,,,1.0,1.0,1.0,,128.57142857142858,,15.833333333333334,8.11111111111111,15.833333333333334,7.777777777777778,0.6666666666666666,0.5,0.6666666666666666,1.0,,,,0.16666666666666666,1.0,1.0,,,,,,0.16666666666666666,,,,,,1.0,,,0.8333333333333334,,0.45105,,0.4411,,,,0.3333333333333333,6.24,26.4,0.16666666666666666,1.0,1.0,,,,,,,,,,,,,,,,,,,,,,,,,,,,,,,,,,,,,,,,,,1610612743,2012,2011-12,False
1889-201147-201568-202389-202702,1610612743,"Andre Miller, Corey Brewer, Danilo Gallinari, Timofey Mozgov, Kenneth Faried","Miller, Brewer, Gallinari, Mozgov, Faried",1889-201147-201568-202389-202702,DEN,64.0,1,1.0,-7.0,2.0,3.0,,2.0,1.0,5.0,,1.0,,1.0,,,1.0,,1.0,,,,,,,,3.0,,,,,7.0,,1.0,,,,,,,,,,,,,,,,,,,,,,,,,,1.0,,,,,1.0,1.0,,,,,,,,,,,,,2.0,,,,,,,,,,,,,,,,,,,,,,,,,,,,,,,,,,,,,,,,,0.3333333333333333,,,,0.3333333333333333,,1.0,,,,,,,,112.5,,13.5,12.333333333333334,13.5,12.333333333333334,0.3333333333333333,,,,0.3333333333333333,,,0.3333333333333333,,,,,,,,,,,,1.0,,,,,0.3333333333333333,,0.4589666666666667,0.5382,,,,,,8.700000000000001,,,,,,,,,,,,1.0,,,,,,,,,,,,,,,,,,,,,,,,,,,,,,,,,,1610612743,2012,2011-12,False
1889-201147-201580-201951-202702,1610612743,"Andre Miller, Corey Brewer, JaVale McGee, Ty Lawson, Kenneth Faried","Miller, Brewer, McGee, Lawson, Faried",1889-201147-201580-201951-202702,DEN,22.0,1,,-1.0,1.0,,1.0,,,1.0,,,,,,,1.0,,,,,,,,,,1.0,,,,,1.0,,,,,,1.0,,,,,,,,,,,,1.0,,,,,,,,,,,,,,,,,,,,,,,,,,,1.0,,1.0,,,,,,,,,,,,,,,,,1.0,,,,,,,,,,,,,,,,,1.0,,1.0,,,,,,,,,,,,,,,,,,,65.45454545454545,,20.0,,20.0,,,,,,1.0,,,,,,,,,,,,,,,,,,,,,,0.3622,,0.3622,,,,,13.5,,1.0,,,,,,,,,,,,,,,,,,,,,,,,,,,,,,,,,,,,,,,,,,,,1610612743,2012,2011-12,False
1889-201167-201568-201951-202389,1610612743,"Andre Miller, Arron Afflalo, Danilo Gallinari, Ty Lawson, Timofey Mozgov","Miller, Afflalo, Gallinari, Lawson, Mozgov",1889-201167-201568-201951-202389,DEN,10.0,1,,,,,,,,,,,,,,,,,1.0,,,,,,,,1.0,,,,,,,,,,,,,,,,,,,,,,,,,,,,,,,,,1.0,,,,,1.0,1.0,,,,,,,,,,,,,,,1.0,1.0,,,,,,,,,,,,,,,,,,,,,,,,,,,,,,,,,,,,,,1.0,,,,1.0,,,1.0,,,,,,,,,,,,,,,,,,,,1.0,,,,,,,,,,,,,,,,,,,0.4109,,,,,,,14.4,,,,,,,,,,,,,,,,,,,,,,,,,,,,,,,,,,,,,,,,,,,,,,1610612743,2012,2011-12,False
1889-201167-201568-201951-202702,1610612743,"Andre Miller, Arron Afflalo, Danilo Gallinari, Ty Lawson, Kenneth Faried","Miller, Afflalo, Gallinari, Lawson, Faried",1889-201167-201568-201951-202702,DEN,165.0,1,3.0,2.0,5.0,5.0,,5.0,2.0,10.0,2.0,4.0,2.0,3.0,,,1.0,1.0,1.0,,,,,1.0,,3.0,6.0,,1.0,2.0,8.0,6.0,2.0,3.0,,4.0,,,,,,2.0,4.0,,,4.0,,1.0,,,1.0,,1.0,,,,1.0,2.0,,3.0,,1.0,,1.0,3.0,4.0,1.0,1.0,,,,,,,,,1.0,,1.0,,2.0,,,2.0,,1.0,,,,,,,,4.0,,,,0.3333333333333333,1.0,,,,0.5,0.6666666666666666,,0.42857142857142855,0.6666666666666666,,0.5,0.6666666666666666,,0.14285714285714285,,,,,,,1.0,1.0,,,0.5,0.75,1.0,1.0,,,,1.0,,,,87.27272727272727,,12.0,21.0,11.4,19.8,0.5714285714285714,0.5,0.5,,0.14285714285714285,,,0.14285714285714285,1.0,1.0,1.0,,,,,0.14285714285714285,,,,1.0,0.6666666666666666,,,,0.7142857142857143,,0.49374285714285715,0.5559333333333333,,0.125,0.14285714285714285,0.5,,4.466666666666667,26.1,,,,,,,,,3.0,,,0.75,,,,,,,,,,,,,,,,,,,,,,,,,,,,,,,,,1610612743,2012,2011-12,False
1889-201167-201568-202389-202702,1610612743,"Andre Miller, Arron Afflalo, Danilo Gallinari, Timofey Mozgov, Kenneth Faried","Miller, Afflalo, Gallinari, Mozgov, Faried",1889-201167-201568-202389-202702,DEN,87.0,1,1.0,-2.0,2.0,1.0,,1.0,1.0,3.0,,,,,,,1.0,,1.0,,1.0,,,1.0,,,2.0,,2.0,,,2.0,,2.0,,,,,,,,,,,,,,1.0,,,,,,,,,,,1.0,1.0,,,,,2.0,2.0,,,,,,,,,,,,,,,,,,,,,,,,,,,,,,,,,,,,,,,,,,,,,,0.5,,,,,,,,0.5,,0.5,,0.5,,,1.0,1.0,,,,,,49.6551724137931,,28.5,30.0,18.0,30.0,,,,,0.25,,,0.25,,,,0.25,,,,0.25,,,,,,,,,0.5,,0.4909375,0.4508,,,,,,16.95,23.65,,,,,,,,,,,,,,,,,,,,,,,,,,,,,,,,,,,,,,,,,,,,,1610612743,2012,2011-12,False
1889-201167-201580-201951-202389,1610612743,"Andre Miller, Arron Afflalo, JaVale McGee, Ty Lawson, Timofey Mozgov","Miller, Afflalo, McGee, Lawson, Mozgov",1889-201167-201580-201951-202389,DEN,61.0,1,1.0,-4.0,2.0,3.0,2.0,2.0,,5.0,,,,,,,,,1.0,,,,,,,,1.0,,,,,4.0,,,,,,1.0,,,,,,,,,,,,,,,,,,,,,,,,1.0,1.0,2.0,,2.0,,,,1.0,,1.0,,,,1.0,1.0,,1.0,,,,,,,,,,,,,,,,,2.0,,,,,,,,,,,,,,,,,,,,,1.0,1.0,0.5,,,,0.5,,,,,,1.0,,,,,118.03278688524591,,18.5,8.0,18.5,8.0,,,,,,,,1.0,,,,,,,,,,,,,,,,,,,0.3848,,0.3848,,,,,19.7,,1.0,,,,,,,,,1.0,,,,,,,,,,,,,,,,,,,,,,,,,,,,,,,,,,,1610612743,2012,2011-12,False
1889-201167-201580-201951-202702,1610612743,"Andre Miller, Arron Afflalo, JaVale McGee, Ty Lawson, Kenneth Faried","Miller, Afflalo, McGee, Lawson, Faried",1889-201167-201580-201951-202702,DEN,695.0,6,12.0,3.0,20.0,19.0,1.0,6.0,4.0,39.0,7.0,12.0,1.0,2.0,,2.0,5.0,1.0,4.0,1.0,1.0,,,,,10.0,21.0,1.0,1.0,1.0,24.0,21.0,2.0,3.0,,4.0,,1.0,,,,8.0,12.0,3.0,,4.0,,,,2.0,4.0,1.0,5.0,,1.0,4.0,,11.0,,4.0,3.0,3.0,1.0,7.0,4.0,11.0,3.0,1.0,2.0,1.0,,,1.0,1.0,,2.0,2.0,,6.0,2.0,1.0,,,1.0,,,,2.0,1.0,1.0,2.0,1.0,,20.0,,1.0,,0.4,0.5,1.0,1.0,1.0,0.47619047619047616,0.6666666666666666,,0.5227272727272727,0.6666666666666666,,0.5227272727272727,0.6666666666666666,,0.045454545454545456,0.09523809523809523,0.08333333333333333,,0.25,0.5,1.0,0.3333333333333333,0.36363636363636365,0.75,,0.46153846153846156,0.36363636363636365,0.6,0.3333333333333333,,,0.25,0.25,1.0,0.6666666666666666,1.0,80.80575539568345,0.5,13.95,21.894736842105264,13.7,19.736842105263158,0.5454545454545454,0.5833333333333334,0.6363636363636364,0.5714285714285714,0.22727272727272727,0.4,0.4,0.18181818181818182,0.25,0.3333333333333333,,0.045454545454545456,1.0,1.0,1.0,,,,,0.6666666666666666,0.5,,,,0.5909090909090909,,0.5235272727272727,0.5049333333333333,0.4199,,,0.16666666666666666,,6.057142857142857,23.5,0.05,,,,,,,,1.0,,,0.1111111111111111,,1.0,,,,,,,,,,,,,,,,,,,,,,1.0,,,,,,,,,1610612743,2012,2011-12,False
1889-201167-201951-202389-202702,1610612743,"Andre Miller, Arron Afflalo, Ty Lawson, Timofey Mozgov, Kenneth Faried","Miller, Afflalo, Lawson, Mozgov, Faried",1889-201167-201951-202389-202702,DEN,100.0,1,2.0,-2.0,3.0,3.0,,,,6.0,,1.0,,,,,2.0,,,,,,,,,,3.0,,,,,2.0,,,,,,,,,,,,,,,,,,,,,,,,,,,,1.0,,2.0,,2.0,1.0,3.0,,,,,,,,,,,,,,,,,,,,,,,,,,,,,,,,,,,,,,,,,,,,,,,,,,,,,0.6666666666666666,0.3333333333333333,,,0.6666666666666666,0.3333333333333333,,0.5,,,,,1.0,,,86.39999999999999,,17.333333333333332,16.0,17.333333333333332,16.0,0.3333333333333333,,,,0.6666666666666666,,,,,,,,,,,,,,,,,,,,0.3333333333333333,,0.502,,,,,,,6.833333333333333,,,,,,,,,,,,,,,,,,,,,,,,,,,,,,,,,,,,,,,,,,,,,,1610612743,2012,2011-12,False
1889-201568-201580-201951-202702,1610612743,"Andre Miller, Danilo Gallinari, JaVale McGee, Ty Lawson, Kenneth Faried","Miller, Gallinari, McGee, Lawson, Faried",1889-201568-201580-201951-202702,DEN,677.0,4,11.0,6.0,26.0,25.0,13.0,23.0,2.0,51.0,3.0,6.0,1.0,2.0,3.0,,3.0,1.0,3.0,2.0,3.0,2.0,1.0,2.0,2.0,4.0,12.0,3.0,5.0,12.0,29.0,23.0,1.0,2.0,,2.0,2.0,4.0,4.0,8.0,18.0,4.0,4.0,9.0,,2.0,,2.0,1.0,2.0,2.0,3.0,5.0,1.0,2.0,1.0,1.0,13.0,,3.0,5.0,4.0,1.0,10.0,3.0,13.0,4.0,4.0,,3.0,1.0,2.0,1.0,1.0,,4.0,3.0,,6.0,,8.0,1.0,,12.0,,4.0,2.0,2.0,2.0,,2.0,1.0,,27.0,14.0,11.0,,0.5,0.6666666666666666,1.0,0.6,0.6,0.3333333333333333,0.5,0.5,0.5,0.5,0.625,0.6304347826086957,0.5,0.75,0.29411764705882354,0.16666666666666666,0.3333333333333333,,,0.75,1.0,0.6666666666666666,0.375,0.8333333333333334,,0.75,0.3,0.3333333333333333,0.6666666666666666,,,0.5,,0.75,0.8,1.0,108.47858197932054,0.5,12.423076923076923,14.16,12.346153846153847,12.8,0.35294117647058826,0.5,0.75,0.3333333333333333,0.17647058823529413,,,0.17647058823529413,0.3333333333333333,0.3333333333333333,1.0,0.17647058823529413,0.6666666666666666,0.6666666666666666,1.0,0.11764705882352941,0.5,0.5,1.0,1.0,0.5,0.375,0.25,0.25,0.6470588235294118,0.5,0.5064852941176471,0.5888,0.55920625,0.19047619047619047,0.25,0.06896551724137931,0.6206896551724138,7.2,24.36,0.5,2.0,0.6666666666666666,,,,,,,2.0,1.0,,,,,,,,,1.0,,2.0,,,,0.5,,,,,0.5,,,,,,1.0,1.0,0.5,,,,,,1610612743,2012,2011-12,False
1889-201568-201951-202389-202702,1610612743,"Andre Miller, Danilo Gallinari, Ty Lawson, Timofey Mozgov, Kenneth Faried","Miller, Gallinari, Lawson, Mozgov, Faried",1889-201568-201951-202389-202702,DEN,182.0,2,3.0,-1.0,6.0,5.0,,5.0,3.0,11.0,,3.0,,1.0,,,1.0,,2.0,,,,,1.0,,,6.0,,1.0,2.0,2.0,3.0,,1.0,2.0,2.0,,,,,,,,,,,,1.0,,1.0,,,,,,,,,,3.0,2.0,1.0,,3.0,3.0,6.0,,,,,,,1.0,,,1.0,1.0,,2.0,,1.0,,,2.0,,1.0,,,,,,,,,,,,,,,,,,,,,,,0.125,0.5,,0.14285714285714285,0.16666666666666666,0.3333333333333333,,,,,1.0,0.5,1.0,,1.0,0.5,0.6666666666666666,1.0,,,,1.0,,1.0,1.0,87.03296703296704,,19.666666666666668,12.8,18.5,12.8,0.42857142857142855,,,,0.14285714285714285,,,0.2857142857142857,,,,,,,,0.14285714285714285,,,,1.0,,,,,0.5714285714285714,,0.44634999999999997,0.5785,,0.125,0.14285714285714285,1.0,,7.216666666666666,25.0,,,,,,1.0,,,1.0,,1.0,0.2,,1.0,,,,,,,,,,,,,,,,,,,,,,,,,,,,,,,1610612743,2012,2011-12,False
201147-201167-201568-201951-202389,1610612743,"Corey Brewer, Arron Afflalo, Danilo Gallinari, Ty Lawson, Timofey Mozgov","Brewer, Afflalo, Gallinari, Lawson, Mozgov",201147-201167-201568-201951-202389,DEN,100.0,1,2.0,,4.0,3.0,4.0,3.0,2.0,7.0,1.0,2.0,,1.0,2.0,,4.0,,,,,,,,,1.0,6.0,,,2.0,4.0,4.0,,3.0,2.0,2.0,1.0,6.0,,2.0,4.0,,2.0,,,,,,,1.0,,,,,,,,,,3.0,,,,,3.0,3.0,1.0,1.0,,,,,,,,,,,,,1.0,,,2.0,,1.0,,,,,,,,2.0,4.0,4.0,,,,,,,0.16666666666666666,,0.16666666666666666,0.16666666666666666,,0.16666666666666666,0.2857142857142857,0.25,0.2857142857142857,,0.16666666666666666,0.5,,,,,,0.6,,,,0.6,1.0,0.5,,,,,,,,100.8,,12.75,16.333333333333332,8.5,16.333333333333332,0.3333333333333333,0.5,1.0,,0.6666666666666666,,,,,,,,,,,,,,,0.3333333333333333,,0.3333333333333333,,,0.3333333333333333,,0.5012166666666666,0.4814,0.5012166666666666,0.14285714285714285,0.14285714285714285,0.5,1.0,5.733333333333333,,1.0,1.0,0.5,,,,,,1.0,,,0.25,,,,,,,,,,,,,,,,,,,,,,,,,,,,,,,,,1610612743,2012,2011-12,False
201147-201167-201580-201951-202702,1610612743,"Corey Brewer, Arron Afflalo, JaVale McGee, Ty Lawson, Kenneth Faried","Brewer, Afflalo, McGee, Lawson, Faried",201147-201167-201580-201951-202702,DEN,85.0,1,1.0,3.0,2.0,2.0,2.0,,,4.0,,,,,,1.0,1.0,,,,,,,,,1.0,1.0,,,2.0,4.0,1.0,,,,,1.0,1.0,,2.0,4.0,,2.0,,,,,,,,,,,,,,,,,,,1.0,1.0,2.0,,2.0,,,,,,,,,,,1.0,,2.0,,1.0,,,3.0,,,,1.0,,1.0,1.0,,,4.0,4.0,2.0,,,,,,,1.0,,1.0,1.0,,1.0,1.0,,1.0,,,,,,,1.0,0.3333333333333333,,,,0.3333333333333333,,,,,,1.0,,,,,67.76470588235294,,8.0,34.5,8.0,29.0,,,,,1.0,1.0,1.0,,,,,,,,,,,,,,,,,,,,0.394,,0.394,0.5,,,1.0,11.6,,1.0,,,,,,,,,,,,,,,1.0,,1.0,,,,,,,,,,,,,,,,,,,,,,,,,,,1610612743,2012,2011-12,False
201147-201568-202389-202706-202933,1610612743,"Corey Brewer, Danilo Gallinari, Timofey Mozgov, Jordan Hamilton, Julyan Stone","Brewer, Gallinari, Mozgov, Hamilton, Stone",201147-201568-202389-202706-202933,DEN,92.0,1,2.0,2.0,3.0,3.0,3.0,3.0,,6.0,1.0,1.0,,,1.0,1.0,1.0,,,,,,,,,2.0,2.0,,,,4.0,2.0,,,,,2.0,2.0,,,4.0,4.0,,,,,,,,,2.0,,2.0,,,1.0,,4.0,,,,,,,,,1.0,1.0,,,,,,,,,,,,,1.0,,1.0,,,,,,,,,,,4.0,4.0,3.0,,1.0,1.0,,,,1.0,,1.0,1.0,,1.0,1.0,,1.0,,,,,,,,,,,,,,,,,,,,,,,93.91304347826086,,9.666666666666666,21.0,9.666666666666666,21.0,0.5,1.0,1.0,1.0,0.5,1.0,1.0,,,,,,,,,,,,,,,0.5,,,0.5,,0.431,,0.431,,,,1.0,8.4,,1.0,1.0,1.0,,,,,,,,,,,,,,,,,,,,1.0,,,,1.0,,,,,,,,,,,,,,,,,,1610612743,2012,2011-12,False
201147-201585-202389-202706-202933,1610612743,"Corey Brewer, Kosta Koufos, Timofey Mozgov, Jordan Hamilton, Julyan Stone","Brewer, Koufos, Mozgov, Hamilton, Stone",201147-201585-202389-202706-202933,DEN,151.0,1,3.0,-1.0,8.0,7.0,4.0,7.0,1.0,15.0,3.0,4.0,1.0,1.0,1.0,,,,2.0,,,,,,,3.0,6.0,,,2.0,8.0,9.0,1.0,1.0,,2.0,1.0,2.0,,,2.0,2.0,4.0,,,2.0,,,,1.0,1.0,,1.0,,,1.0,,2.0,,1.0,1.0,,1.0,2.0,1.0,3.0,2.0,2.0,,,,,1.0,,,1.0,2.0,,2.0,,1.0,,,2.0,,1.0,,,,,,,,6.0,2.0,4.0,,0.3333333333333333,0.5,,,,0.5,1.0,0.5,0.5,1.0,0.5,0.5714285714285714,1.0,0.5,,0.16666666666666666,0.25,,,,1.0,,0.3333333333333333,1.0,,1.0,0.3333333333333333,1.0,,,,,,,1.0,,143.04635761589404,,10.5,9.571428571428571,10.375,9.571428571428571,0.6666666666666666,0.75,1.0,0.3333333333333333,,,,0.3333333333333333,,,,,,,,,,,,1.0,1.0,0.5,,,0.6666666666666666,,0.5514666666666667,0.537,0.6426,0.14285714285714285,0.14285714285714285,0.25,0.25,7.466666666666666,,0.5,1.0,1.0,,,,,,,1.0,,,,,,,,,,,,,,,,,,,,,,,1.0,,,,,,,,,,,,1610612743,2012,2011-12,False
201147-202389-202702-202706-202933,1610612743,"Corey Brewer, Timofey Mozgov, Kenneth Faried, Jordan Hamilton, Julyan Stone","Brewer, Mozgov, Faried, Hamilton, Stone",201147-202389-202702-202706-202933,DEN,66.0,1,1.0,-4.0,3.0,4.0,,4.0,,7.0,,,,,,,1.0,,,,,,,,,,1.0,,,,,4.0,,,,,,,,,,,,,,,,,,,,,,,,,,,,,,1.0,1.0,2.0,,2.0,,,,1.0,,1.0,,,,1.0,1.0,,1.0,,1.0,,,2.0,,1.0,,1.0,1.0,,1.0,1.0,,,,,,,,,,,,,,,,,,,,,,,,,1.0,1.0,1.0,,,,1.0,,,,,,1.0,,,,,152.72727272727272,1.0,15.666666666666666,4.75,15.666666666666666,4.75,,,,,1.0,,,,,,,,,,,,,,,,,,,,,,0.3701,,,0.5,0.5,,,5.6,,,,,,,,,,,,,,,,,,,,,,,,,,,,,,,,,,,,,,,,,,,,,,1610612743,2012,2011-12,False
201167-201568-201580-201951-202389,1610612743,"Arron Afflalo, Danilo Gallinari, JaVale McGee, Ty Lawson, Timofey Mozgov","Afflalo, Gallinari, McGee, Lawson, Mozgov",201167-201568-201580-201951-202389,DEN,183.0,1,3.0,2.0,5.0,5.0,3.0,,,10.0,,,,,,1.0,2.0,,,,,,1.0,1.0,1.0,1.0,2.0,1.0,1.0,2.0,7.0,5.0,,,,,,,1.0,2.0,5.0,,2.0,,3.0,,,1.0,1.0,,,,,,,,,,,,,2.0,,2.0,,2.0,,,,,,,1.0,,,1.0,,,,,2.0,,,3.0,1.0,2.0,,1.0,1.0,,1.0,1.0,,7.0,5.0,3.0,,,,,1.0,1.0,0.5,,,0.8333333333333334,,1.5,0.875,,1.25,0.3333333333333333,,,,,,,0.4,,,,0.3333333333333333,,,,,,0.5,,,,,78.68852459016394,1.0,14.8,21.8,14.8,16.6,,,,,0.6666666666666666,0.5,0.5,,,,,,,,,0.3333333333333333,1.0,1.0,,,,,,1.0,0.3333333333333333,1.0,0.4676,,0.5586,0.5,0.6666666666666666,,0.7142857142857143,9.95,25.1,0.6,,,,,,,,,1.0,,,,,,,,,,1.0,,1.0,,,,1.0,,,,,1.0,1.0,,,,,,,,,,,,,1610612743,2012,2011-12,False
201167-201568-201580-201951-202702,1610612743,"Arron Afflalo, Danilo Gallinari, JaVale McGee, Ty Lawson, Kenneth Faried","Afflalo, Gallinari, McGee, Lawson, Faried",201167-201568-201580-201951-202702,DEN,1521.0,6,25.0,2.0,45.0,49.0,16.0,17.0,9.0,94.0,17.0,27.0,6.0,12.0,11.0,2.0,8.0,4.0,11.0,,1.0,1.0,,10.0,3.0,23.0,46.0,,11.0,4.0,50.0,48.0,6.0,13.0,,12.0,10.0,16.0,4.0,2.0,22.0,16.0,30.0,,,8.0,,10.0,,4.0,8.0,,8.0,,,6.0,1.0,16.0,4.0,14.0,6.0,12.0,3.0,21.0,18.0,39.0,3.0,1.0,2.0,3.0,,1.0,1.0,2.0,,4.0,8.0,,9.0,,5.0,,1.0,6.0,,2.0,1.0,4.0,1.0,3.0,4.0,2.0,1.0,38.0,22.0,16.0,,0.34782608695652173,0.42105263157894735,,,,0.5,0.46153846153846156,0.625,0.40350877192982454,0.375,0.5,0.4166666666666667,0.375,0.5,0.19298245614035087,0.08695652173913043,0.07407407407407407,0.25,,0.75,1.0,0.7058823529411765,0.6086956521739131,0.5454545454545454,0.36363636363636365,0.6428571428571429,0.5294117647058824,0.8,0.6666666666666666,0.2857142857142857,,0.75,0.6363636363636364,1.0,0.5555555555555556,0.5,88.99408284023669,0.5,15.533333333333333,16.775510204081634,13.977777777777778,15.653061224489797,0.47368421052631576,0.6296296296296297,0.68,0.35294117647058826,0.14035087719298245,0.25,0.3333333333333333,0.19298245614035087,0.36363636363636365,0.36363636363636365,0.25,0.017543859649122806,,,,0.17543859649122806,,,,0.75,0.5,0.55,0.05,0.15,0.6666666666666666,,0.5045412280701754,0.5417892857142858,0.5185375,0.03389830508474576,0.041666666666666664,0.24,0.44,6.560869565217391,25.654545454545453,0.35555555555555557,8.0,0.7272727272727273,,3.0,,,3.0,1.0,1.0,,0.034482758620689655,0.1875,1.0,,,0.4,,,,,,1.0,,,,0.5,0.16666666666666666,,,,,1.0,,,1.0,,,,1.0,0.09090909090909091,0.1,,,1610612743,2012,2011-12,False
201167-201568-201585-201951-202702,1610612743,"Arron Afflalo, Danilo Gallinari, Kosta Koufos, Ty Lawson, Kenneth Faried","Afflalo, Gallinari, Koufos, Lawson, Faried",201167-201568-201585-201951-202702,DEN,1319.0,2,22.0,-17.0,42.0,42.0,,,9.0,84.0,10.0,17.0,4.0,5.0,,2.0,10.0,,7.0,,,,,3.0,,12.0,34.0,,3.0,7.0,31.0,48.0,4.0,6.0,2.0,10.0,,,,,,4.0,20.0,,,2.0,,3.0,,7.0,2.0,,2.0,,,2.0,,4.0,2.0,7.0,,15.0,,15.0,9.0,24.0,2.0,2.0,,6.0,1.0,2.0,4.0,4.0,,10.0,3.0,,8.0,1.0,7.0,,,10.0,1.0,5.0,,3.0,2.0,,3.0,2.0,1.0,21.0,,,,0.16666666666666666,0.18181818181818182,,,,0.35294117647058826,0.6666666666666666,,0.32432432432432434,0.6666666666666666,,0.36585365853658536,0.7142857142857143,,0.08108108108108109,0.20588235294117646,0.23529411764705882,0.3,,0.6,,0.9375,0.3181818181818182,,0.6666666666666666,0.8333333333333334,0.36,0.5714285714285714,0.25,0.14285714285714285,,0.6666666666666666,1.0,1.0,,,91.70583775587566,0.6666666666666666,15.380952380952381,16.023809523809526,14.357142857142858,15.666666666666666,0.4594594594594595,0.5882352941176471,0.7692307692307693,0.2,0.2702702702702703,0.2,0.2857142857142857,0.1891891891891892,,,,,,,,0.08108108108108109,,,,0.8333333333333334,0.8,,,,0.5405405405405406,,0.4502108108108109,0.50775,,0.12195121951219512,0.13157894736842105,0.3225806451612903,,7.270588235294118,25.599999999999998,,,,,,,,,2.0,,,0.1111111111111111,,2.0,,,0.6666666666666666,,,,,,,3.0,,,,,,,,,,,,1.0,,,,,,,1.0,,1610612743,2012,2011-12,False
201167-201568-201951-202389-202702,1610612743,"Arron Afflalo, Danilo Gallinari, Ty Lawson, Timofey Mozgov, Kenneth Faried","Afflalo, Gallinari, Lawson, Mozgov, Faried",201167-201568-201951-202389-202702,DEN,3834.0,6,64.0,7.0,115.0,116.0,,4.0,16.0,231.0,22.0,42.0,9.0,14.0,,13.0,22.0,13.0,28.0,2.0,4.0,,7.0,21.0,,48.0,92.0,9.0,25.0,10.0,133.0,126.0,12.0,18.0,,24.0,,,,,,50.0,46.0,21.0,6.0,12.0,,21.0,7.0,12.0,25.0,7.0,32.0,5.0,2.0,11.0,3.0,71.0,4.0,16.0,9.0,35.0,4.0,48.0,20.0,68.0,6.0,3.0,3.0,6.0,3.0,2.0,9.0,4.0,,15.0,14.0,,30.0,4.0,17.0,2.0,1.0,11.0,1.0,4.0,2.0,12.0,11.0,,12.0,3.0,,109.0,,,,0.5208333333333334,0.5952380952380952,0.7777777777777778,0.36,0.36,0.5217391304347826,0.6666666666666666,,0.5256410256410257,0.5714285714285714,,0.5450819672131147,0.5714285714285714,,0.21367521367521367,0.13043478260869565,0.2857142857142857,,,0.4,0.8,0.660377358490566,0.37209302325581395,0.75,0.25,0.676923076923077,0.3389830508474576,0.631578947368421,0.2222222222222222,0.13333333333333333,0.5,0.3333333333333333,0.6,0.92,0.8181818181818182,,86.7605633802817,0.25,15.704347826086957,17.482758620689655,14.652173913043478,16.844827586206897,0.358974358974359,0.5238095238095238,0.7333333333333333,0.5,0.18803418803418803,0.5909090909090909,0.5909090909090909,0.23931623931623933,0.4642857142857143,0.4642857142857143,0.23076923076923078,0.03418803418803419,0.5,0.5,1.0,0.1794871794871795,0.3333333333333333,0.3333333333333333,0.7142857142857143,0.6666666666666666,0.6428571428571429,,,,0.5726495726495726,0.3333333333333333,0.48839145299145303,0.5170529411764706,,0.03333333333333333,0.042105263157894736,0.18045112781954886,,8.617391304347825,25.244,,,,,3.0,1.0,,3.0,2.0,,,0.041666666666666664,0.14285714285714285,,,,0.21428571428571427,,,,,,11.0,3.0,,,0.8461538461538461,0.2222222222222222,,,,,,,,,,,,,,,1.0,1.0,1610612743,2012,2011-12,False
