PLAYER_ID,PLAYER_NAME,NICKNAME,TEAM_ID,TEAM_ABBREVIATION,AGE,GP,W,L,W_PCT,MIN,FGM,FGA,FG_PCT,FG3M,FG3A,FG3_PCT,FTM,FTA,FT_PCT,OREB,DREB,REB,AST,TOV,STL,BLK,BLKA,PF,PFD,PTS,PLUS_MINUS,NBA_FANTASY_PTS,DD2,TD3,WNBA_FANTASY_PTS,GP_RANK,W_RANK,L_RANK,W_PCT_RANK,MIN_RANK,FGM_RANK,FGA_RANK,FG_PCT_RANK,FG3M_RANK,FG3A_RANK,FG3_PCT_RANK,FTM_RANK,FTA_RANK,FT_PCT_RANK,OREB_RANK,DREB_RANK,REB_RANK,AST_RANK,TOV_RANK,STL_RANK,BLK_RANK,BLKA_RANK,PF_RANK,PFD_RANK,PTS_RANK,PLUS_MINUS_RANK,NBA_FANTASY_PTS_RANK,DD2_RANK,TD3_RANK,WNBA_FANTASY_PTS_RANK,team_poss,sp_work_PACE_RANK,PACE_PER40,sp_work_NET_RATING,AST_RATIO_RANK,sp_work_NET_RATING_RANK,AST_TO,sp_work_OFF_RATING,E_DEF_RATING_RANK,OFF_RATING_RANK,sp_work_DEF_RATING_RANK,USG_PCT,TM_TOV_PCT_RANK,TS_PCT,TM_TOV_PCT,AST_PCT_RANK,E_NET_RATING_RANK,sp_work_OFF_RATING_RANK,DREB_PCT_RANK,POSS,PACE_RANK,E_USG_PCT,E_NET_RATING,OFF_RATING,E_OFF_RATING_RANK,PACE,E_PACE_RANK,FGM_PG_RANK,E_TOV_PCT_RANK,AST_RATIO,DREB_PCT,sp_work_DEF_RATING,PIE_RANK,REB_PCT_RANK,AST_PCT,REB_PCT,EFG_PCT,OREB_PCT,E_OFF_RATING,NET_RATING_RANK,E_PACE,FGA_PG,E_USG_PCT_RANK,E_DEF_RATING,EFG_PCT_RANK,USG_PCT_RANK,DEF_RATING_RANK,DEF_RATING,E_TOV_PCT,FGA_PG_RANK,NET_RATING,FGM_PG,PIE,OREB_PCT_RANK,AST_TO_RANK,TS_PCT_RANK,sp_work_PACE,PASSES_MADE,AST_TO_PASS_PCT_ADJ,PASSES_RECEIVED,AST_TO_PASS_PCT,POTENTIAL_AST,FT_AST,AST_ADJ,SECONDARY_AST,AST_PTS_CREATED,DRIVE_TOV_PCT,DRIVE_PTS,DRIVE_TOV,DRIVE_PF,DRIVE_FGA,DRIVE_PTS_PCT,DRIVE_AST_PCT,DRIVE_PASSES,DRIVES,DRIVE_AST,DRIVE_FTA,DRIVE_PASSES_PCT,DRIVE_PF_PCT,DRIVE_FG_PCT,DRIVE_FTM,DRIVE_FT_PCT,DRIVE_FGM,POST_TOUCHES,PTS_PER_TOUCH,POINTS,ELBOW_TOUCHES,AVG_SEC_PER_TOUCH,AVG_DRIB_PER_TOUCH,TOUCHES,PAINT_TOUCHES,PTS_PER_POST_TOUCH,PTS_PER_ELBOW_TOUCH,FRONT_CT_TOUCHES,TIME_OF_POSS,PTS_PER_PAINT_TOUCH,OREB_CHANCES,AVG_REB_DIST,REB_CONTEST,OREB_CHANCE_PCT_ADJ,REB_CHANCE_PCT_ADJ,DREB_CONTEST_PCT,OREB_UNCONTEST,DREB_CHANCES,AVG_DREB_DIST,REB_CHANCE_PCT,AVG_OREB_DIST,DREB_UNCONTEST,REB_CHANCE_DEFER,REB_UNCONTEST,DREB_CHANCE_PCT_ADJ,DREB_CHANCE_PCT,REB_CONTEST_PCT,OREB_CHANCE_DEFER,DREB_CHANCE_DEFER,OREB_CONTEST_PCT,OREB_CHANCE_PCT,DREB_CONTEST,OREB_CONTEST,REB_CHANCES,very_tight_FG3A,very_tight_FG3_PCT,PLAYER_LAST_TEAM_ID,very_tight_FG3M,G,very_tight_FG2A,very_tight_FGA_FREQUENCY,very_tight_FG2A_FREQUENCY,very_tight_FG2M,very_tight_FGA,very_tight_FG3A_FREQUENCY,very_tight_FG_PCT,very_tight_FG2_PCT,very_tight_FGM,very_tight_EFG_PCT,PLAYER_LAST_TEAM_ABBREVIATION,tight_FG3_PCT,tight_FGA,tight_FG3M,tight_FG3A,tight_FG3A_FREQUENCY,tight_EFG_PCT,tight_FGM,tight_FG2_PCT,tight_FG2A,tight_FG2M,tight_FGA_FREQUENCY,tight_FG_PCT,tight_FG2A_FREQUENCY,open_FG3A,open_FGA_FREQUENCY,open_FGA,open_FG2A,open_FG2M,open_EFG_PCT,open_FG3A_FREQUENCY,open_FG3_PCT,open_FG3M,open_FG_PCT,open_FG2A_FREQUENCY,open_FGM,open_FG2_PCT,wide_open_FG2_PCT,wide_open_FG_PCT,wide_open_FG3M,wide_open_FG2A,wide_open_FG3A,wide_open_EFG_PCT,wide_open_FG3_PCT,wide_open_FGA,wide_open_FG2A_FREQUENCY,wide_open_FGM,wide_open_FG2M,wide_open_FGA_FREQUENCY,wide_open_FG3A_FREQUENCY,PULL_UP_FG_PCT,PULL_UP_FG3M,PULL_UP_PTS,PULL_UP_EFG_PCT,PULL_UP_FG3_PCT,PULL_UP_FG3A,PULL_UP_FGA,PULL_UP_FGM,CATCH_SHOOT_PTS,CATCH_SHOOT_FG_PCT,ELBOW_TOUCH_PTS,ELBOW_TOUCH_FG_PCT,PAINT_TOUCH_FG_PCT,EFF_FG_PCT,POST_TOUCH_PTS,POST_TOUCH_FG_PCT,PAINT_TOUCH_PTS,ITP_FGM,CORNER_3_FG_PCT,ABOVE_BREAK_3_FG_PCT,RA_FGM,ABOVE_BREAK_3_FGM,ITP_FG_PCT,RIGHT_CORNER_3_FG_PCT,MID_FGA,LEFT_CORNER_3_FGM,BACKCOURT_FG_PCT,ABOVE_BREAK_3_FGA,CORNER_3_FGA,RIGHT_CORNER_3_FGM,RIGHT_CORNER_3_FGA,RA_FG_PCT,LEFT_CORNER_3_FG_PCT,ITP_FGA,RA_FGA,BACKCOURT_FGM,LEFT_CORNER_3_FGA,MID_FGM,CORNER_3_FGM,BACKCOURT_FGA,MID_FG_PCT,PLUSMINUS,NS_LT_06_PCT,FREQ,PLAYER_POSITION,FGM_LT_06,LT_06_PCT,FGA_LT_06,FGM_5_9,FGA_5_9,FGM_35_39,FGM_10_14,FGP_30_34,FGA_30_34,FGM_25_29,FGP_35_39,FGA_10_14,FGA_25_29,FGP_5_9,FGP_LT_5,FGM_15_19,FGA_40_PLUS,FGM_LT_5,TEAM_ABBR,FGM_20_24,FGP_10_14,FGP_15_19,FGP_40_PLUS,FGA_20_24,FGM_40_PLUS,FGP_25_29,FGA_35_39,FGM_30_34,FGA_15_19,FGA_LT_5,FGP_20_24,CATCH_SHOOT_EFG_PCT,CATCH_SHOOT_FGA,CATCH_SHOOT_FG3_PCT,CATCH_SHOOT_FG3A,CATCH_SHOOT_FG3M,CATCH_SHOOT_FGM,year,date,playoffs,GAME_ID,index,HTM,VTM,overall_def_PLAYER_NAME,overall_def_PLAYER_LAST_TEAM_ID,overall_def_PLAYER_LAST_TEAM_ABBREVIATION,overall_def_PLAYER_POSITION,overall_def_AGE,overall_def_GP,overall_def_G,overall_def_FREQ,overall_def_D_FGM,overall_def_D_FGA,overall_def_D_FG_PCT,overall_def_NORMAL_FG_PCT,overall_def_PCT_PLUSMINUS,three_pt_def_PLAYER_NAME,three_pt_def_PLAYER_LAST_TEAM_ID,three_pt_def_PLAYER_LAST_TEAM_ABBREVIATION,three_pt_def_PLAYER_POSITION,three_pt_def_AGE,three_pt_def_GP,three_pt_def_G,three_pt_def_FREQ,three_pt_def_FG3M,three_pt_def_FG3A,three_pt_def_FG3_PCT,three_pt_def_NS_FG3_PCT,three_pt_def_PLUSMINUS,two_pt_def_PLAYER_NAME,two_pt_def_PLAYER_LAST_TEAM_ID,two_pt_def_PLAYER_LAST_TEAM_ABBREVIATION,two_pt_def_PLAYER_POSITION,two_pt_def_AGE,two_pt_def_GP,two_pt_def_G,two_pt_def_FREQ,two_pt_def_FG2M,two_pt_def_FG2A,two_pt_def_FG2_PCT,two_pt_def_NS_FG2_PCT,two_pt_def_PLUSMINUS,less_6ft_def_PLAYER_NAME,less_6ft_def_PLAYER_LAST_TEAM_ID,less_6ft_def_PLAYER_LAST_TEAM_ABBREVIATION,less_6ft_def_PLAYER_POSITION,less_6ft_def_AGE,less_6ft_def_GP,less_6ft_def_G,less_6ft_def_FREQ,less_6ft_def_FGM_LT_06,less_6ft_def_FGA_LT_06,less_6ft_def_LT_06_PCT,less_6ft_def_NS_LT_06_PCT,less_6ft_def_PLUSMINUS,less_10ft_def_PLAYER_NAME,less_10ft_def_PLAYER_LAST_TEAM_ID,less_10ft_def_PLAYER_LAST_TEAM_ABBREVIATION,less_10ft_def_PLAYER_POSITION,less_10ft_def_AGE,less_10ft_def_GP,less_10ft_def_G,less_10ft_def_FREQ,less_10ft_def_FGM_LT_10,less_10ft_def_FGA_LT_10,less_10ft_def_LT_10_PCT,less_10ft_def_NS_LT_10_PCT,less_10ft_def_PLUSMINUS,more_15ft_def_PLAYER_NAME,more_15ft_def_PLAYER_LAST_TEAM_ID,more_15ft_def_PLAYER_LAST_TEAM_ABBREVIATION,more_15ft_def_PLAYER_POSITION,more_15ft_def_AGE,more_15ft_def_GP,more_15ft_def_G,more_15ft_def_FREQ,more_15ft_def_FGM_GT_15,more_15ft_def_FGA_GT_15,more_15ft_def_GT_15_PCT,more_15ft_def_NS_GT_15_PCT,more_15ft_def_PLUSMINUS,post_touch_PLAYER_NAME,post_touch_TEAM_ID,post_touch_TEAM_ABBREVIATION,post_touch_GP,post_touch_W,post_touch_L,post_touch_MIN,post_touch_TOUCHES,post_touch_POST_TOUCHES,post_touch_POST_TOUCH_FGM,post_touch_POST_TOUCH_FGA,post_touch_POST_TOUCH_FG_PCT,post_touch_POST_TOUCH_FTM,post_touch_POST_TOUCH_FTA,post_touch_POST_TOUCH_FT_PCT,post_touch_POST_TOUCH_PTS,post_touch_POST_TOUCH_PTS_PCT,post_touch_POST_TOUCH_PASSES,post_touch_POST_TOUCH_PASSES_PCT,post_touch_POST_TOUCH_AST,post_touch_POST_TOUCH_AST_PCT,post_touch_POST_TOUCH_TOV,post_touch_POST_TOUCH_TOV_PCT,post_touch_POST_TOUCH_FOULS,post_touch_POST_TOUCH_FOULS_PCT,speed_distance_PLAYER_NAME,speed_distance_TEAM_ID,speed_distance_TEAM_ABBREVIATION,speed_distance_GP,speed_distance_W,speed_distance_L,speed_distance_MIN,speed_distance_MIN1,speed_distance_DIST_FEET,speed_distance_DIST_MILES,speed_distance_DIST_MILES_OFF,speed_distance_DIST_MILES_DEF,speed_distance_AVG_SPEED,speed_distance_AVG_SPEED_OFF,speed_distance_AVG_SPEED_DEF,season
201948,Austin Daye,Austin,1610612737,ATL,27.0,1,1,0,1.0,6.333333333333333,1,3,0.333,0,1,0.0,0,0,0.0,0,2,2,0,0,0,0,0,1,0,2,-3,4.4,0,0,4.0,1,1,1,1,190,153,167,133,80,109,80,124,126,124,103,101,123,153,135,96,70,1,34,156,166,113,185,19,1,184,,193,72.63,-18.9,153,153,0.0,72.7,15,188,47,0.2,1,0.333,0.0,153,127,188,20,11,193,0.2,-9.9,72.7,192,87.16,140,153,1,0.0,0.25,91.7,141,61,0.0,0.111,0.333,0.0,72.7,153,92.16,3.0,92,82.6,142,82,47,91.7,0.0,167,-18.9,1.0,0.051,103,113,161,87.16,4.0,0.0,5.0,0.0,1.0,0.0,0.0,0.0,0.0,0.0,2.0,0.0,0.0,1.0,2.0,0.0,0.0,1.0,0.0,0.0,0.0,0.0,1.0,0.0,0.0,1.0,0.0,0.286,2.0,0.0,2.92,2.14,7.0,1.0,0.0,0.0,5.0,0.3,0.0,0.0,6.4,1.0,0.0,0.4,0.5,0.0,5.0,6.4,0.4,0.0,1.0,0.0,1.0,0.4,0.4,0.5,0.0,0.0,0.0,0.0,1.0,0.0,5.0,,,,,,,,,,,,,,,,,,2.0,0.0,0.0,0.0,0.5,1.0,0.5,2.0,1.0,0.667,0.5,0.667,1.0,0.333,1.0,0.0,0.0,0.0,0.333,0.0,0.0,0.0,0.0,0.0,,,,,,,,,,,,,,,0.0,0.0,0,0.0,0.0,1.0,1,0,0.0,0.0,0.0,0.0,0.0,0.333,0.0,0.0,0.0,0.0,0.0,0.0,1.0,0.0,0.0,0.0,0.0,,,1.0,0.0,0.0,0.0,0.5,,0.0,2.0,,,0.0,0.0,,0.0,0.096,0.561,0.302,F,21.0,0.656,32.0,0.0,0.0,,0.0,,,0.0,,0.0,1.0,0.0,0.5,0.0,,1.0,ATL,0.0,0.0,0.0,,0.0,,0.0,,,0.0,2.0,0.0,,0,,0.0,0.0,0,2015,20150114,False,21400580,,,,Austin Daye,1610612737.0,ATL,F,27.0,1.0,1.0,1.0,1.0,3.0,0.333,0.465,-0.132,,,,,,,,,,,,,,Austin Daye,1610612737.0,ATL,F,27.0,1.0,1.0,1.0,1.0,3.0,0.333,0.465,-0.132,Austin Daye,1610612737.0,ATL,F,27.0,1.0,1.0,0.333,0.0,1.0,0.0,0.573,-0.573,Austin Daye,1610612737.0,ATL,F,27.0,1.0,1.0,0.667,0.0,2.0,0.0,0.51,-0.51,,,,,,,,,,,,,,Austin Daye,1610612737,ATL,1,1,0,6.3,7.0,0.0,0.0,0.0,0.0,0.0,0.0,0.0,0.0,0.0,0.0,0.0,0.0,0.0,0.0,0.0,0.0,0.0,Austin Daye,1610612737,ATL,1,1,0,6.33,6.33,2368.0,0.45,0.23,0.21,3.82,3.61,4.04,2014_15
202340,Avery Bradley,Avery,1610612738,BOS,24.0,1,0,1,0.0,28.28333333333333,6,13,0.462,3,7,0.429,2,2,1.0,1,2,3,1,1,0,1,1,3,2,17,-19,24.1,0,0,26.0,1,105,105,105,78,30,25,94,10,11,43,59,68,1,50,101,99,111,80,96,20,136,135,63,34,200,73,19,1,55,,93,79.91,-35.6,146,188,1.0,94.7,191,138,192,0.217,83,0.612,6.3,132,187,138,90,57,93,0.22,-32.0,94.7,133,95.89,80,30,87,6.3,0.125,130.4,106,117,0.071,0.064,0.577,0.032,95.5,188,96.53,13.0,68,127.5,75,70,192,130.4,6.3,25,-35.6,6.0,0.088,88,63,78,95.89,26.0,0.077,36.0,0.038,4.0,0.0,2.0,1.0,3.0,0.0,2.0,0.0,0.0,2.0,0.4,0.0,3.0,5.0,0.0,0.0,0.6,0.0,0.5,0.0,0.0,1.0,0.0,0.405,17.0,1.0,1.94,1.76,42.0,3.0,0.0,2.0,32.0,1.4,2.0,3.0,3.7,0.0,0.333,0.429,0.0,1.0,4.0,4.1,0.429,3.0,2.0,0.0,3.0,0.5,0.5,0.0,0.0,0.0,0.0,0.333,0.0,0.0,7.0,0.0,,1610612738.0,0.0,1.0,1.0,0.083,0.083,1.0,1.0,0.0,1.0,1.0,1.0,1.0,BOS,,2.0,0.0,0.0,0.0,0.5,1.0,0.5,2.0,1.0,0.167,0.5,0.167,5.0,0.583,7.0,2.0,1.0,0.786,0.417,0.6,3.0,0.571,0.167,4.0,0.5,,0.0,0.0,0.0,2.0,0.0,0.0,2.0,0.0,0.0,0.0,0.167,0.167,0.333,0.0,2,0.333,0.0,1.0,3,1,9.0,0.429,2.0,1.0,1.0,0.577,0.0,0.0,6.0,1.0,0.0,0.6,2.0,3.0,1.0,0.0,2.0,0.0,0.0,5.0,2.0,0.0,0.0,0.667,0.0,1.0,3.0,0.0,2.0,0.0,0.0,0.0,0.0,0.148,0.571,0.218,G,46.0,0.719,64.0,0.0,0.0,,1.0,0.0,0.0,1.0,,1.0,1.0,0.0,0.667,0.0,0.0,2.0,BOS,2.0,1.0,0.0,0.0,7.0,0.0,1.0,,0.0,1.0,3.0,0.286,0.75,6,0.5,6.0,3.0,3,2015,20150114,False,21400580,,,,Avery Bradley,1610612738.0,BOS,G,24.0,1.0,1.0,1.0,6.0,11.0,0.545,0.459,0.086,Avery Bradley,1610612738.0,BOS,G,24.0,1.0,1.0,0.273,0.0,3.0,0.0,0.358,-0.358,Avery Bradley,1610612738.0,BOS,G,24.0,1.0,1.0,0.727,6.0,8.0,0.75,0.509,0.241,Avery Bradley,1610612738.0,BOS,G,24.0,1.0,1.0,0.364,4.0,4.0,1.0,0.605,0.396,Avery Bradley,1610612738.0,BOS,G,24.0,1.0,1.0,0.455,4.0,5.0,0.8,0.552,0.248,Avery Bradley,1610612738.0,BOS,G,24.0,1.0,1.0,0.455,2.0,5.0,0.4,0.361,0.039,Avery Bradley,1610612738,BOS,1,0,1,28.3,42.0,0.0,0.0,0.0,0.0,0.0,0.0,0.0,0.0,0.0,0.0,0.0,0.0,0.0,0.0,0.0,0.0,0.0,Avery Bradley,1610612738,BOS,1,0,1,28.28,28.28,11130.0,2.11,1.11,1.0,4.46,4.45,4.48,2014_15
101138,Brandon Bass,Brandon,1610612738,BOS,30.0,1,0,1,0.0,20.19333333333333,3,7,0.429,0,0,0.0,2,2,1.0,0,1,1,0,1,0,0,0,1,1,8,-7,8.2,0,0,9.0,1,105,105,105,130,91,104,108,80,131,80,59,68,1,103,142,153,153,80,96,70,1,34,104,101,147,168,19,1,156,,122,78.24,-20.0,153,158,0.0,80.0,107,182,72,0.2,121,0.508,11.1,153,165,182,157,40,122,0.208,-20.8,80.0,180,93.89,153,91,126,0.0,0.053,100.0,139,170,0.0,0.025,0.429,0.0,82.8,158,90.66,7.0,80,103.6,118,82,72,100.0,11.3,104,-20.0,3.0,0.053,103,113,117,93.89,23.0,0.0,24.0,0.0,2.0,0.0,0.0,0.0,0.0,0.333,4.0,1.0,1.0,1.0,1.333,0.0,0.0,3.0,0.0,2.0,0.0,0.333,1.0,2.0,1.0,1.0,3.0,0.229,8.0,2.0,2.26,0.89,35.0,1.0,0.667,0.0,25.0,1.3,0.0,2.0,9.3,0.0,0.0,0.25,0.0,0.0,2.0,9.3,0.25,0.0,1.0,0.0,1.0,0.5,0.5,0.0,0.0,0.0,0.0,0.0,0.0,0.0,4.0,0.0,,1610612738.0,0.0,1.0,3.0,0.429,0.429,2.0,3.0,0.0,0.667,0.667,2.0,0.667,BOS,,2.0,0.0,0.0,0.0,0.5,1.0,0.5,2.0,1.0,0.286,0.5,0.286,0.0,0.286,2.0,2.0,0.0,0.0,0.0,,0.0,0.0,0.286,0.0,0.0,,,,,,,,,,,,,,1.0,,2,1.0,,,1,1,0.0,0.0,0.0,0.0,0.0,0.429,2.0,0.5,0.0,0.0,0.0,0.0,2.0,0.0,0.0,0.0,3.0,0.0,0.0,0.0,0.0,0.0,0.0,1.0,0.0,2.0,2.0,0.0,0.0,1.0,0.0,0.0,0.333,0.073,0.57,0.311,F-C,47.0,0.644,73.0,0.0,1.0,,0.0,0.0,0.0,0.0,,0.0,0.0,0.0,1.0,1.0,0.0,2.0,BOS,0.0,0.0,0.25,0.0,0.0,0.0,0.0,,0.0,4.0,2.0,0.0,0.0,3,,,,0,2015,20150114,False,21400580,,,,Brandon Bass,1610612738.0,BOS,F-C,30.0,1.0,1.0,1.0,5.0,8.0,0.625,0.436,0.189,Brandon Bass,1610612738.0,BOS,F-C,30.0,1.0,1.0,0.25,0.0,2.0,0.0,0.327,-0.327,Brandon Bass,1610612738.0,BOS,F-C,30.0,1.0,1.0,0.75,5.0,6.0,0.833,0.494,0.34,Brandon Bass,1610612738.0,BOS,F-C,30.0,1.0,1.0,0.5,4.0,4.0,1.0,0.575,0.425,Brandon Bass,1610612738.0,BOS,F-C,30.0,1.0,1.0,0.625,4.0,5.0,0.8,0.529,0.271,Brandon Bass,1610612738.0,BOS,F-C,30.0,1.0,1.0,0.375,1.0,3.0,0.333,0.346,-0.013,Brandon Bass,1610612738,BOS,1,0,1,20.2,35.0,3.0,1.0,2.0,0.5,0.0,0.0,0.0,2.0,0.667,1.0,0.333,0.0,0.0,0.0,0.0,0.0,0.0,Brandon Bass,1610612738,BOS,1,0,1,20.2,20.2,7247.0,1.37,0.73,0.65,4.16,4.13,3.6,2014_15
201960,DeMarre Carroll,DeMarre,1610612737,ATL,28.0,1,1,0,1.0,33.208333333333336,8,13,0.615,3,6,0.5,3,5,0.6,1,4,5,3,1,1,0,0,1,3,22,19,34.5,0,0,35.0,1,1,1,1,40,14,25,42,10,15,20,42,31,93,50,47,54,40,80,37,70,1,34,41,16,8,27,19,1,25,,134,77.69,31.3,95,17,3.0,132.8,87,8,90,0.232,79,0.724,5.3,76,15,8,103,64,134,0.238,31.8,132.8,9,93.23,114,14,79,15.8,0.111,101.5,50,80,0.143,0.089,0.731,0.05,132.6,17,93.69,13.0,54,100.7,29,56,90,101.5,5.2,25,31.3,8.0,0.152,61,8,36,93.23,45.0,0.067,50.0,0.067,5.0,0.0,3.0,0.0,7.0,0.0,2.0,0.0,0.0,1.0,1.0,0.0,1.0,2.0,0.0,0.0,0.5,0.0,1.0,0.0,0.0,1.0,0.0,0.333,22.0,2.0,2.08,1.09,66.0,7.0,0.0,2.5,46.0,2.3,0.571,3.0,4.2,1.0,0.333,0.5,0.0,0.0,8.0,3.9,0.455,5.6,4.0,1.0,4.0,0.571,0.5,0.2,0.0,1.0,1.0,0.333,0.0,1.0,11.0,0.0,,1610612737.0,0.0,1.0,2.0,0.154,0.154,1.0,2.0,0.0,0.5,0.5,1.0,0.5,ATL,1.0,4.0,1.0,1.0,0.077,0.875,3.0,0.667,3.0,2.0,0.308,0.75,0.231,4.0,0.385,5.0,1.0,1.0,0.5,0.308,0.25,1.0,0.4,0.077,2.0,1.0,1.0,1.0,1.0,1.0,1.0,1.25,1.0,2.0,0.077,2.0,1.0,0.154,0.077,,0.0,0,,,0.0,0,0,9.0,0.5,5.0,1.0,0.5,0.731,0.0,0.0,4.0,1.0,0.5,0.5,4.0,1.0,1.0,0.667,0.0,0.0,0.0,2.0,4.0,2.0,3.0,0.667,0.0,1.0,6.0,0.0,1.0,0.0,2.0,0.0,0.0,0.09,0.592,0.21,F,58.0,0.682,85.0,1.0,1.0,,0.0,0.0,0.0,0.0,,0.0,0.0,1.0,0.667,0.0,0.0,4.0,ATL,3.0,0.0,0.0,0.0,6.0,0.0,0.0,,0.0,0.0,6.0,0.5,0.75,6,0.5,6.0,3.0,3,2015,20150114,False,21400580,,,,DeMarre Carroll,1610612737.0,ATL,F,28.0,1.0,1.0,1.0,2.0,8.0,0.25,0.413,-0.163,DeMarre Carroll,1610612737.0,ATL,F,28.0,1.0,1.0,0.75,1.0,6.0,0.167,0.315,-0.148,DeMarre Carroll,1610612737.0,ATL,F,28.0,1.0,1.0,0.25,1.0,2.0,0.5,0.504,-0.004,DeMarre Carroll,1610612737.0,ATL,F,28.0,1.0,1.0,0.125,0.0,1.0,0.0,0.588,-0.588,DeMarre Carroll,1610612737.0,ATL,F,28.0,1.0,1.0,0.125,0.0,1.0,0.0,0.54,-0.54,DeMarre Carroll,1610612737.0,ATL,F,28.0,1.0,1.0,0.875,2.0,7.0,0.286,0.35,-0.064,DeMarre Carroll,1610612737,ATL,1,1,0,33.2,66.0,0.0,0.0,0.0,0.0,0.0,0.0,0.0,0.0,0.0,0.0,0.0,0.0,0.0,0.0,0.0,0.0,0.0,DeMarre Carroll,1610612737,ATL,1,1,0,33.22,33.22,12126.0,2.3,1.16,1.13,4.17,4.53,3.83,2014_15
203471,Dennis Schröder,Dennis,1610612737,ATL,21.0,1,1,0,1.0,16.416666666666668,2,6,0.333,0,2,0.0,0,0,0.0,0,1,1,2,1,0,0,0,0,0,4,-12,7.2,0,0,7.0,1,1,1,1,157,121,122,133,80,80,80,124,126,124,103,142,153,68,80,96,70,1,1,156,148,181,171,19,1,169,,110,79.19,-34.0,62,184,2.0,78.1,148,185,148,0.189,121,0.333,11.1,29,176,185,153,32,110,0.208,-26.1,78.1,165,95.03,172,121,123,22.2,0.056,112.1,153,162,0.286,0.029,0.333,0.0,87.3,184,89.59,6.0,81,113.4,142,96,148,112.1,11.1,122,-34.0,2.0,0.04,103,26,161,95.03,33.0,0.061,39.0,0.061,6.0,0.0,2.0,0.0,5.0,0.0,2.0,0.0,0.0,2.0,0.25,0.0,5.0,8.0,0.0,0.0,0.625,0.0,0.5,0.0,0.0,1.0,0.0,0.095,4.0,0.0,4.65,4.52,42.0,0.0,0.0,0.0,19.0,3.3,0.0,1.0,3.4,0.0,0.0,0.5,0.0,0.0,2.0,3.4,0.333,0.0,1.0,1.0,1.0,0.5,0.5,0.0,1.0,0.0,0.0,0.0,0.0,0.0,3.0,0.0,,1610612737.0,0.0,1.0,1.0,0.167,0.167,1.0,1.0,0.0,1.0,1.0,1.0,1.0,ATL,,2.0,0.0,0.0,0.0,0.5,1.0,0.5,2.0,1.0,0.333,0.5,0.333,0.0,0.167,1.0,1.0,0.0,0.0,0.0,,0.0,0.0,0.167,0.0,0.0,,0.0,0.0,0.0,2.0,0.0,0.0,2.0,0.0,0.0,0.0,0.333,0.333,0.25,0.0,2,0.25,0.0,1.0,4,1,0.0,0.0,0.0,0.0,0.0,0.333,0.0,0.0,0.0,0.0,0.0,0.0,1.0,0.0,0.0,0.0,3.0,0.0,0.0,2.0,0.0,0.0,0.0,1.0,0.0,0.0,1.0,0.0,0.0,1.0,0.0,0.0,0.333,0.125,0.552,0.197,G,23.0,0.676,34.0,0.0,0.0,,0.0,0.0,0.0,0.0,,1.0,0.0,0.0,1.0,1.0,0.0,1.0,ATL,0.0,0.0,0.5,0.0,2.0,0.0,0.0,,0.0,2.0,1.0,0.0,0.0,1,0.0,1.0,0.0,0,2015,20150114,False,21400580,,,,Dennis Schröder,1610612737.0,ATL,G,21.0,1.0,1.0,1.0,4.0,6.0,0.667,0.393,0.274,Dennis Schröder,1610612737.0,ATL,G,21.0,1.0,1.0,0.833,3.0,5.0,0.6,0.312,0.288,Dennis Schröder,1610612737.0,ATL,G,21.0,1.0,1.0,0.167,1.0,1.0,1.0,0.509,0.491,Dennis Schröder,1610612737.0,ATL,G,21.0,1.0,1.0,0.167,1.0,1.0,1.0,0.611,0.389,Dennis Schröder,1610612737.0,ATL,G,21.0,1.0,1.0,0.167,1.0,1.0,1.0,0.578,0.422,Dennis Schröder,1610612737.0,ATL,G,21.0,1.0,1.0,0.833,3.0,5.0,0.6,0.323,0.277,Dennis Schröder,1610612737,ATL,1,1,0,16.4,42.0,0.0,0.0,0.0,0.0,0.0,0.0,0.0,0.0,0.0,0.0,0.0,0.0,0.0,0.0,0.0,0.0,0.0,Dennis Schröder,1610612737,ATL,1,1,0,16.42,16.42,6483.0,1.23,0.7,0.52,4.4,4.97,3.8,2014_15
1882,Elton Brand,Elton,1610612737,ATL,36.0,1,1,0,1.0,6.233333333333333,2,2,1.0,0,0,0.0,0,0,0.0,0,0,0,0,0,1,0,0,0,0,4,4,7.0,0,0,6.0,1,1,1,1,191,121,174,1,80,131,80,124,126,124,103,175,178,153,135,37,70,1,1,156,148,70,172,19,1,174,,145,77.01,33.3,153,14,0.0,150.0,167,2,160,0.167,1,1.0,0.0,153,7,2,175,12,145,0.174,39.6,150.0,2,92.41,155,121,1,0.0,0.0,116.7,29,178,0.0,0.0,1.0,0.0,156.2,14,90.56,2.0,115,116.7,2,116,160,116.7,0.0,174,33.3,2.0,0.172,103,113,4,92.41,9.0,0.0,8.0,0.0,0.0,0.0,0.0,0.0,0.0,0.0,0.0,0.0,0.0,0.0,0.0,0.0,0.0,0.0,0.0,0.0,0.0,0.0,0.0,0.0,0.0,0.0,2.0,0.364,4.0,2.0,1.72,0.55,11.0,1.0,0.0,1.0,8.0,0.3,2.0,,,,,,,,,,,,,,,,,,,,,,,,,,,,,,,,,,,,,,,,,,,,,,,,,,,,,,0.0,1.0,2.0,2.0,2.0,1.0,0.0,,0.0,1.0,1.0,2.0,1.0,,,,,,,,,,,,,,,,0,,,,0,0,4.0,1.0,2.0,1.0,1.0,1.0,0.0,0.0,2.0,1.0,0.0,0.0,0.0,0.0,1.0,,1.0,0.0,,0.0,0.0,,,0.0,0.0,1.0,0.0,,0.0,1.0,0.0,,1.0,-0.062,0.562,0.63,F-C,23.0,0.5,46.0,0.0,0.0,,2.0,,,,,2.0,,0.0,0.0,0.0,,0.0,ATL,0.0,1.0,0.0,,0.0,,,,,0.0,0.0,0.0,1.0,2,,,,2,2015,20150114,False,21400580,,,,Elton Brand,1610612737.0,ATL,F-C,36.0,1.0,1.0,1.0,3.0,7.0,0.429,0.464,-0.036,,,,,,,,,,,,,,Elton Brand,1610612737.0,ATL,F-C,36.0,1.0,1.0,1.0,3.0,7.0,0.429,0.504,-0.076,Elton Brand,1610612737.0,ATL,F-C,36.0,1.0,1.0,0.429,1.0,3.0,0.333,0.595,-0.262,Elton Brand,1610612737.0,ATL,F-C,36.0,1.0,1.0,0.571,1.0,4.0,0.25,0.555,-0.305,Elton Brand,1610612737.0,ATL,F-C,36.0,1.0,1.0,0.429,2.0,3.0,0.667,0.4,0.266,Elton Brand,1610612737,ATL,1,1,0,6.2,11.0,2.0,0.0,0.0,0.0,0.0,0.0,0.0,0.0,0.0,2.0,1.0,0.0,0.0,0.0,0.0,0.0,0.0,Elton Brand,1610612737,ATL,1,1,0,6.23,6.23,2304.0,0.44,0.23,0.2,3.86,3.71,4.01,2014_15
202323,Evan Turner,Evan,1610612738,BOS,26.0,1,0,1,0.0,26.6,1,5,0.2,0,2,0.0,1,2,0.5,0,4,4,6,3,1,0,2,1,1,3,-5,16.8,0,0,15.0,1,105,105,105,86,153,130,163,80,80,80,95,68,98,103,47,77,9,10,37,70,187,34,104,161,132,115,19,1,117,,170,75.19,-6.0,7,109,2.0,98.0,100,127,106,0.161,174,0.255,20.0,11,111,127,79,49,170,0.163,-3.3,98.0,119,90.23,156,153,182,40.0,0.148,103.9,134,99,0.375,0.078,0.2,0.0,98.9,109,90.55,5.0,127,102.2,167,124,106,103.9,20.2,130,-6.0,1.0,0.056,103,26,173,90.23,58.0,0.103,51.0,0.103,12.0,0.0,6.0,0.0,16.0,0.143,3.0,1.0,1.0,1.0,0.429,0.429,1.0,7.0,3.0,2.0,0.143,0.143,1.0,1.0,0.5,1.0,1.0,0.043,3.0,1.0,4.5,3.71,69.0,0.0,0.0,1.0,29.0,5.2,0.0,1.0,5.1,2.0,0.0,0.571,0.5,0.0,7.0,5.1,0.5,0.0,2.0,1.0,2.0,0.667,0.571,0.5,0.0,1.0,0.0,0.0,2.0,0.0,8.0,0.0,,1610612738.0,0.0,1.0,2.0,0.667,0.667,1.0,2.0,0.0,0.5,0.5,1.0,0.5,BOS,,,,,,,,,,,,,,1.0,0.333,1.0,0.0,0.0,0.0,0.333,0.0,0.0,0.0,0.0,0.0,,,,,,,,,,,,,,,,0.0,0,,,0.0,0,0,0.0,0.0,1.0,0.0,0.0,0.2,0.0,0.0,0.0,0.0,0.0,0.0,1.0,0.0,0.0,0.0,0.0,0.0,0.0,1.0,1.0,0.0,1.0,0.5,0.0,1.0,2.0,0.0,0.0,0.0,0.0,0.0,0.0,0.031,0.583,0.268,G-F,51.0,0.614,83.0,0.0,1.0,,0.0,0.0,1.0,0.0,,0.0,0.0,0.0,0.5,0.0,0.0,1.0,BOS,0.0,0.0,0.0,0.0,1.0,0.0,0.0,,0.0,0.0,2.0,0.0,0.0,1,0.0,1.0,0.0,0,2015,20150114,False,21400580,,,,Evan Turner,1610612738.0,BOS,G-F,26.0,1.0,1.0,1.0,4.0,12.0,0.333,0.453,-0.119,Evan Turner,1610612738.0,BOS,G-F,26.0,1.0,1.0,0.417,1.0,5.0,0.2,0.353,-0.153,Evan Turner,1610612738.0,BOS,G-F,26.0,1.0,1.0,0.583,3.0,7.0,0.429,0.52,-0.092,Evan Turner,1610612738.0,BOS,G-F,26.0,1.0,1.0,0.333,2.0,4.0,0.5,0.623,-0.123,Evan Turner,1610612738.0,BOS,G-F,26.0,1.0,1.0,0.417,3.0,5.0,0.6,0.593,0.007,Evan Turner,1610612738.0,BOS,G-F,26.0,1.0,1.0,0.5,1.0,6.0,0.167,0.345,-0.178,Evan Turner,1610612738,BOS,1,0,1,26.6,69.0,1.0,0.0,1.0,0.0,0.0,0.0,0.0,0.0,0.0,0.0,0.0,0.0,0.0,0.0,0.0,0.0,0.0,Evan Turner,1610612738,BOS,1,0,1,26.6,26.6,10563.0,2.0,1.04,0.96,4.52,4.56,4.48,2014_15
203109,Jae Crowder,Jae,1610612738,BOS,24.0,1,0,1,0.0,20.316666666666663,3,4,0.75,0,0,0.0,1,2,0.5,1,1,2,0,1,0,0,0,2,1,7,-13,8.4,0,0,9.0,1,105,105,105,128,91,152,13,80,131,80,95,68,98,50,142,123,153,80,96,70,1,82,104,118,183,166,19,1,156,,81,80.72,-37.0,153,189,0.0,90.5,193,153,189,0.125,155,0.717,16.7,153,195,153,133,42,81,0.128,-39.9,90.5,150,96.87,96,91,162,0.0,0.077,127.5,156,121,0.0,0.061,0.75,0.05,91.0,189,95.35,4.0,160,130.9,23,159,189,127.5,17.0,152,-37.0,3.0,0.038,61,113,37,96.87,18.0,0.0,20.0,0.0,4.0,0.0,0.0,0.0,0.0,0.0,0.0,0.0,0.0,0.0,0.0,0.0,0.0,0.0,0.0,0.0,0.0,0.0,0.0,0.0,0.0,0.0,2.0,0.28,7.0,1.0,1.72,1.04,25.0,3.0,1.5,2.0,23.0,0.7,1.667,3.0,11.3,1.0,0.333,0.5,1.0,1.0,2.0,2.6,0.4,20.1,0.0,1.0,1.0,1.0,0.5,0.5,0.0,1.0,0.0,0.333,1.0,0.0,5.0,,,,,,,,,,,,,,,,,,3.0,0.0,0.0,0.0,0.667,2.0,0.667,3.0,2.0,0.75,0.667,0.75,0.0,0.25,1.0,1.0,1.0,1.0,0.0,,0.0,1.0,0.25,1.0,1.0,,,,,,,,,,,,,,0.5,,2,0.5,,,2,1,2.0,1.0,2.0,1.0,1.0,0.75,3.0,1.0,5.0,0.0,0.0,0.0,1.0,0.0,0.0,0.0,3.0,0.0,0.0,0.0,0.0,0.0,0.0,1.0,0.0,0.0,1.0,0.0,0.0,2.0,0.0,0.0,0.667,0.06,0.606,0.214,F,24.0,0.667,36.0,0.0,0.0,,1.0,0.0,0.0,0.0,,1.0,0.0,0.0,1.0,1.0,0.0,1.0,BOS,0.0,1.0,0.5,0.0,0.0,0.0,0.0,,0.0,2.0,1.0,0.0,1.0,1,,,,1,2015,20150114,False,21400580,,,,Jae Crowder,1610612738.0,BOS,F,24.0,1.0,1.0,1.0,3.0,5.0,0.6,0.443,0.157,Jae Crowder,1610612738.0,BOS,F,24.0,1.0,1.0,0.6,2.0,3.0,0.667,0.343,0.323,Jae Crowder,1610612738.0,BOS,F,24.0,1.0,1.0,0.4,1.0,2.0,0.5,0.504,-0.004,Jae Crowder,1610612738.0,BOS,F,24.0,1.0,1.0,0.2,1.0,1.0,1.0,0.641,0.359,Jae Crowder,1610612738.0,BOS,F,24.0,1.0,1.0,0.2,1.0,1.0,1.0,0.612,0.388,Jae Crowder,1610612738.0,BOS,F,24.0,1.0,1.0,0.6,2.0,3.0,0.667,0.345,0.322,Jae Crowder,1610612738,BOS,1,0,1,20.3,25.0,2.0,1.0,1.0,1.0,1.0,2.0,0.5,3.0,1.5,0.0,0.0,0.0,0.0,0.0,0.0,1.0,0.5,Jae Crowder,1610612738,BOS,1,0,1,20.32,20.32,7736.0,1.47,0.77,0.69,4.44,4.42,4.48,2014_15
203923,James Young,James,1610612738,BOS,19.0,1,0,1,0.0,8.766666666666667,2,7,0.286,1,6,0.167,0,0,0.0,0,0,0,0,0,0,0,0,0,0,5,-4,5.0,0,0,6.0,1,105,105,105,185,121,104,146,44,15,78,124,126,124,103,175,178,153,135,96,70,1,1,156,138,120,184,19,1,174,,137,77.57,-23.5,153,170,0.0,64.7,89,196,32,0.389,1,0.357,0.0,153,191,196,175,17,137,0.389,-36.1,64.7,197,93.08,188,121,1,0.0,0.0,88.2,172,178,0.0,0.0,0.357,0.0,64.7,170,87.28,7.0,4,100.8,140,3,32,88.2,0.0,104,-23.5,2.0,0.0,103,113,157,93.08,9.0,0.0,15.0,0.0,0.0,0.0,0.0,0.0,0.0,0.0,0.0,0.0,0.0,0.0,0.0,0.0,0.0,0.0,0.0,0.0,0.0,0.0,0.0,0.0,0.0,0.0,0.0,0.313,5.0,1.0,1.27,0.63,16.0,0.0,0.0,2.0,15.0,0.3,0.0,,,,,,,,,,,,,,,,,,,,,,,,,0.0,,1610612738.0,0.0,1.0,1.0,0.143,0.143,1.0,1.0,0.0,1.0,1.0,1.0,1.0,BOS,0.0,1.0,0.0,1.0,0.143,0.0,0.0,,0.0,0.0,0.143,0.0,0.0,1.0,0.143,1.0,0.0,0.0,0.0,0.143,0.0,0.0,0.0,0.0,0.0,,,0.25,1.0,0.0,4.0,0.375,0.25,4.0,0.0,1.0,0.0,0.571,0.571,0.0,0.0,0,0.0,0.0,1.0,1,0,3.0,0.2,2.0,1.0,0.0,0.357,0.0,0.0,0.0,0.0,1.0,0.0,1.0,0.0,0.0,1.0,0.0,0.0,0.0,5.0,1.0,1.0,1.0,1.0,0.0,0.0,1.0,0.0,0.0,0.0,1.0,0.0,0.0,-0.2,0.533,0.176,G-F,1.0,0.333,3.0,0.0,0.0,,0.0,,,0.0,,0.0,1.0,0.0,1.0,0.0,0.0,1.0,BOS,1.0,0.0,0.0,0.0,5.0,0.0,0.0,,,0.0,1.0,0.2,0.3,5,0.2,5.0,1.0,1,2015,20150114,False,21400580,,,,James Young,1610612738.0,BOS,G-F,19.0,1.0,1.0,1.0,0.0,1.0,0.0,0.42,-0.42,James Young,1610612738.0,BOS,G-F,19.0,1.0,1.0,1.0,0.0,1.0,0.0,0.33,-0.33,,,,,,,,,,,,,,,,,,,,,,,,,,,,,,,,,,,,,,,,James Young,1610612738.0,BOS,G-F,19.0,1.0,1.0,1.0,0.0,1.0,0.0,0.35,-0.35,James Young,1610612738,BOS,1,0,1,8.8,16.0,0.0,0.0,0.0,0.0,0.0,0.0,0.0,0.0,0.0,0.0,0.0,0.0,0.0,0.0,0.0,0.0,0.0,James Young,1610612738,BOS,1,0,1,8.77,8.77,3156.0,0.6,0.33,0.27,4.11,3.71,4.6,2014_15
203096,Jared Sullinger,Jared,1610612738,BOS,23.0,1,0,1,0.0,36.57333333333333,5,13,0.385,0,3,0.0,4,4,1.0,3,6,9,2,2,0,0,1,4,3,14,-10,25.8,0,0,25.0,1,105,105,105,19,49,25,123,80,58,80,25,36,1,12,26,18,68,35,96,70,136,172,41,49,162,63,19,1,59,,159,76.01,-12.9,128,136,1.0,97.1,146,130,137,0.215,117,0.474,10.5,108,152,130,40,69,159,0.214,-16.1,97.1,130,91.21,161,49,120,10.5,0.214,110.0,118,41,0.105,0.141,0.385,0.083,96.7,136,90.24,13.0,75,112.8,131,72,137,110.0,10.7,25,-12.9,5.0,0.075,36,63,128,91.21,43.0,0.047,38.0,0.047,4.0,0.0,2.0,0.0,4.0,0.0,2.0,0.0,1.0,1.0,1.0,0.0,0.0,2.0,0.0,2.0,0.0,0.5,0.0,2.0,1.0,0.0,8.0,0.241,14.0,1.0,1.86,0.71,58.0,7.0,0.75,0.0,38.0,1.8,0.571,6.0,5.4,3.0,0.5,0.6,0.167,1.0,11.0,4.8,0.529,6.7,5.0,2.0,6.0,0.667,0.545,0.333,0.0,2.0,0.667,0.5,1.0,2.0,17.0,0.0,,1610612738.0,0.0,1.0,6.0,0.5,0.5,2.0,6.0,0.0,0.333,0.333,2.0,0.333,BOS,,1.0,0.0,0.0,0.0,1.0,1.0,1.0,1.0,1.0,0.083,1.0,0.083,3.0,0.333,4.0,1.0,1.0,0.25,0.25,0.0,0.0,0.25,0.083,1.0,1.0,1.0,1.0,0.0,1.0,0.0,1.0,,1.0,0.083,1.0,1.0,0.083,0.0,,0.0,0,,,0.0,0,0,2.0,0.25,0.0,0.0,0.4,0.385,6.0,0.6,4.0,2.0,0.0,0.0,2.0,0.0,0.4,0.0,1.0,0.0,0.0,3.0,0.0,0.0,0.0,0.5,0.0,5.0,4.0,0.0,0.0,1.0,0.0,0.0,1.0,-0.013,0.583,0.42,F,106.0,0.57,186.0,0.0,1.0,,0.0,0.0,0.0,0.0,,0.0,2.0,0.0,0.5,0.0,0.0,4.0,BOS,1.0,0.0,0.0,0.0,2.0,0.0,0.0,,0.0,0.0,8.0,0.5,0.25,4,0.0,3.0,0.0,1,2015,20150114,False,21400580,,,,Jared Sullinger,1610612738.0,BOS,F,23.0,1.0,1.0,1.0,4.0,10.0,0.4,0.414,-0.014,Jared Sullinger,1610612738.0,BOS,F,23.0,1.0,1.0,0.4,1.0,4.0,0.25,0.318,-0.068,Jared Sullinger,1610612738.0,BOS,F,23.0,1.0,1.0,0.6,3.0,6.0,0.5,0.472,0.028,Jared Sullinger,1610612738.0,BOS,F,23.0,1.0,1.0,0.1,1.0,1.0,1.0,0.587,0.413,Jared Sullinger,1610612738.0,BOS,F,23.0,1.0,1.0,0.4,1.0,4.0,0.25,0.52,-0.27,Jared Sullinger,1610612738.0,BOS,F,23.0,1.0,1.0,0.6,3.0,6.0,0.5,0.337,0.163,Jared Sullinger,1610612738,BOS,1,0,1,36.6,58.0,8.0,3.0,5.0,0.6,0.0,0.0,0.0,6.0,0.75,2.0,0.25,1.0,0.125,0.0,0.0,0.0,0.0,Jared Sullinger,1610612738,BOS,1,0,1,36.57,36.57,12441.0,2.36,1.24,1.12,3.94,3.86,3.7,2014_15
201952,Jeff Teague,Jeff,1610612737,ATL,27.0,1,1,0,1.0,31.58333333333333,7,12,0.583,2,5,0.4,6,6,1.0,0,1,1,6,1,2,1,1,2,6,22,26,40.2,0,0,37.0,1,1,1,1,54,21,34,51,21,26,45,10,20,1,103,142,153,9,80,18,20,136,82,13,16,3,18,19,1,19,,131,77.89,44.1,40,4,6.0,131.1,30,10,27,0.254,74,0.751,4.5,24,8,10,173,61,131,0.247,39.3,131.1,12,93.47,124,21,76,27.3,0.032,87.1,22,175,0.3,0.02,0.667,0.0,128.5,4,93.28,12.0,45,89.2,40,39,27,87.1,4.6,34,44.1,7.0,0.19,103,2,26,93.47,51.0,0.137,69.0,0.118,11.0,0.0,7.0,1.0,15.0,0.0,4.0,0.0,1.0,3.0,0.286,0.143,7.0,14.0,2.0,2.0,0.5,0.071,0.333,2.0,1.0,1.0,0.0,0.301,22.0,1.0,4.41,4.48,73.0,1.0,0.0,2.0,33.0,5.4,2.0,1.0,17.9,1.0,0.0,0.2,1.0,0.0,5.0,17.9,0.167,0.0,0.0,1.0,0.0,0.25,0.2,1.0,0.0,1.0,0.0,0.0,1.0,0.0,6.0,,,,,,,,,,,,,,,,,,1.0,0.0,0.0,0.0,0.0,0.0,0.0,1.0,0.0,0.091,0.0,0.091,2.0,0.545,6.0,4.0,4.0,0.667,0.182,0.0,0.0,0.667,0.364,4.0,1.0,1.0,0.75,2.0,1.0,3.0,1.0,0.667,4.0,0.091,3.0,1.0,0.364,0.273,0.4,0.0,4,0.4,0.0,2.0,5,2,6.0,0.667,2.0,1.0,1.0,0.667,0.0,0.0,2.0,0.0,0.0,0.4,3.0,2.0,0.0,0.0,2.0,0.0,0.0,5.0,0.0,0.0,0.0,0.75,0.0,1.0,4.0,0.0,0.0,2.0,0.0,0.0,1.0,0.057,0.573,0.146,G,29.0,0.63,46.0,0.0,0.0,,1.0,0.0,0.0,0.0,,1.0,0.0,0.0,0.6,1.0,0.0,3.0,ATL,2.0,1.0,1.0,0.0,5.0,0.0,0.0,,0.0,1.0,5.0,0.4,1.0,3,0.667,3.0,2.0,2,2015,20150114,False,21400580,,,,Jeff Teague,1610612737.0,ATL,G,27.0,1.0,1.0,1.0,6.0,11.0,0.545,0.416,0.129,Jeff Teague,1610612737.0,ATL,G,27.0,1.0,1.0,0.455,3.0,5.0,0.6,0.348,0.252,Jeff Teague,1610612737.0,ATL,G,27.0,1.0,1.0,0.545,3.0,6.0,0.5,0.462,0.039,Jeff Teague,1610612737.0,ATL,G,27.0,1.0,1.0,0.182,1.0,2.0,0.5,0.531,-0.031,Jeff Teague,1610612737.0,ATL,G,27.0,1.0,1.0,0.273,2.0,3.0,0.667,0.487,0.179,Jeff Teague,1610612737.0,ATL,G,27.0,1.0,1.0,0.636,3.0,7.0,0.429,0.388,0.041,Jeff Teague,1610612737,ATL,1,1,0,31.6,73.0,0.0,0.0,0.0,0.0,0.0,0.0,0.0,0.0,0.0,0.0,0.0,0.0,0.0,0.0,0.0,0.0,0.0,Jeff Teague,1610612737,ATL,1,1,0,31.58,31.58,10851.0,2.06,1.09,0.97,4.0,4.39,3.63,2014_15
201973,Jonas Jerebko,Jonas,1610612738,BOS,28.0,1,0,1,0.0,21.08333333333333,0,5,0.0,0,2,0.0,0,0,0.0,2,4,6,1,1,2,1,1,1,0,0,-11,16.7,0,0,13.0,1,105,105,105,122,177,130,177,80,80,80,124,126,124,25,47,40,111,80,18,20,136,34,156,188,173,116,19,1,131,,68,81.58,-25.6,104,175,1.0,90.7,161,151,159,0.13,141,0.0,14.3,129,170,151,56,43,68,0.137,-22.7,90.7,140,97.9,83,177,141,14.3,0.19,116.3,166,43,0.077,0.14,0.0,0.091,93.5,175,96.49,5.0,150,116.2,177,154,159,116.3,14.3,130,-25.6,0.0,0.02,30,63,188,97.9,29.0,0.034,17.0,0.034,1.0,0.0,1.0,0.0,2.0,0.0,0.0,0.0,0.0,1.0,0.0,0.0,1.0,2.0,0.0,0.0,0.5,0.0,0.0,0.0,0.0,0.0,0.0,0.0,0.0,0.0,1.31,0.53,36.0,2.0,0.0,0.0,19.0,0.8,0.0,5.0,4.1,3.0,0.4,0.667,0.25,0.0,4.0,4.5,0.667,3.2,3.0,0.0,3.0,1.0,1.0,0.5,0.0,0.0,1.0,0.4,1.0,2.0,9.0,0.0,,1610612738.0,0.0,1.0,2.0,0.5,0.5,0.0,2.0,0.0,0.0,0.0,0.0,0.0,BOS,,,,,,,,,,,,,,1.0,0.25,1.0,0.0,0.0,0.0,0.25,0.0,0.0,0.0,0.0,0.0,,,0.0,0.0,0.0,1.0,0.0,0.0,1.0,0.0,0.0,0.0,0.25,0.25,,0.0,0,,,0.0,0,0,0.0,0.0,0.0,0.0,0.0,0.0,0.0,0.0,0.0,0.0,0.0,0.0,0.0,0.0,0.0,0.0,0.0,0.0,0.0,2.0,0.0,0.0,0.0,0.0,0.0,1.0,2.0,0.0,0.0,0.0,0.0,0.0,0.0,0.033,0.599,0.332,F,48.0,0.632,76.0,0.0,1.0,,0.0,,,0.0,,0.0,2.0,0.0,0.0,0.0,0.0,0.0,BOS,0.0,0.0,0.0,0.0,0.0,0.0,0.0,,,0.0,2.0,0.0,0.0,2,0.0,2.0,0.0,0,2015,20150114,False,21400580,,,,Jonas Jerebko,1610612738.0,BOS,F,28.0,1.0,1.0,1.0,2.0,5.0,0.4,0.485,-0.085,Jonas Jerebko,1610612738.0,BOS,F,28.0,1.0,1.0,0.4,0.0,2.0,0.0,0.221,-0.221,Jonas Jerebko,1610612738.0,BOS,F,28.0,1.0,1.0,0.6,2.0,3.0,0.667,0.513,0.154,Jonas Jerebko,1610612738.0,BOS,F,28.0,1.0,1.0,0.4,2.0,2.0,1.0,0.688,0.312,Jonas Jerebko,1610612738.0,BOS,F,28.0,1.0,1.0,0.6,2.0,3.0,0.667,0.593,0.074,Jonas Jerebko,1610612738.0,BOS,F,28.0,1.0,1.0,0.4,0.0,2.0,0.0,0.395,-0.395,Jonas Jerebko,1610612738,BOS,1,0,1,21.1,36.0,0.0,0.0,0.0,0.0,0.0,0.0,0.0,0.0,0.0,0.0,0.0,0.0,0.0,0.0,0.0,0.0,0.0,Jonas Jerebko,1610612738,BOS,1,0,1,21.08,21.08,8072.0,1.53,0.84,0.69,4.28,4.72,3.87,2014_15
203482,Kelly Olynyk,Kelly,1610612738,BOS,24.0,1,0,1,0.0,22.966666666666665,5,10,0.5,2,3,0.667,0,0,0.0,5,3,8,1,3,0,0,1,3,2,12,-1,20.1,0,0,23.0,1,105,105,105,110,49,61,70,21,58,11,124,126,124,2,77,23,111,10,96,70,136,135,63,59,105,91,19,1,70,,176,74.89,-8.2,142,120,0.33,122.7,198,29,194,0.232,187,0.6,21.4,143,162,29,32,44,176,0.237,-19.8,122.7,37,89.87,173,49,187,7.1,0.231,131.0,121,9,0.059,0.211,0.6,0.2,118.0,120,89.53,10.0,55,137.8,67,55,194,131.0,21.4,61,-8.2,5.0,0.074,5,110,86,89.87,30.0,0.1,22.0,0.033,3.0,1.0,3.0,1.0,4.0,0.2,2.0,1.0,0.0,3.0,0.4,0.0,1.0,5.0,0.0,0.0,0.2,0.0,0.333,0.0,0.0,1.0,0.0,0.261,12.0,3.0,1.59,0.59,46.0,7.0,0.0,0.0,28.0,1.2,0.286,11.0,6.0,4.0,0.556,0.571,0.0,1.0,6.0,4.2,0.471,7.1,3.0,3.0,4.0,0.6,0.5,0.5,2.0,1.0,0.8,0.455,0.0,4.0,17.0,0.0,,1610612738.0,0.0,1.0,2.0,0.222,0.222,0.0,2.0,0.0,0.0,0.0,0.0,0.0,BOS,,4.0,0.0,0.0,0.0,0.75,3.0,0.75,4.0,3.0,0.444,0.75,0.444,,,,,,,,,,,,,,,0.667,2.0,0.0,3.0,1.0,0.667,3.0,0.0,2.0,0.0,0.333,0.333,,0.0,0,,,0.0,0,0,6.0,0.667,0.0,0.0,0.333,0.6,0.0,0.0,2.0,0.0,0.0,0.667,3.0,2.0,0.0,0.0,0.0,0.0,0.0,3.0,0.0,0.0,0.0,0.5,0.0,1.0,6.0,0.0,0.0,0.0,0.0,0.0,0.0,-0.011,0.585,0.401,C-F,101.0,0.574,176.0,0.0,1.0,,0.0,0.0,0.0,1.0,,0.0,1.0,0.0,0.5,0.0,0.0,3.0,BOS,1.0,0.0,0.0,0.0,2.0,0.0,1.0,,0.0,0.0,6.0,0.5,1.0,3,0.667,3.0,2.0,2,2015,20150114,False,21400580,,,,Kelly Olynyk,1610612738.0,BOS,C-F,24.0,1.0,1.0,1.0,6.0,7.0,0.857,0.474,0.383,Kelly Olynyk,1610612738.0,BOS,C-F,24.0,1.0,1.0,0.143,1.0,1.0,1.0,0.347,0.653,Kelly Olynyk,1610612738.0,BOS,C-F,24.0,1.0,1.0,0.857,5.0,6.0,0.833,0.522,0.312,Kelly Olynyk,1610612738.0,BOS,C-F,24.0,1.0,1.0,0.429,3.0,3.0,1.0,0.638,0.362,Kelly Olynyk,1610612738.0,BOS,C-F,24.0,1.0,1.0,0.571,3.0,4.0,0.75,0.569,0.181,Kelly Olynyk,1610612738.0,BOS,C-F,24.0,1.0,1.0,0.286,2.0,2.0,1.0,0.404,0.597,Kelly Olynyk,1610612738,BOS,1,0,1,23.0,46.0,0.0,0.0,0.0,0.0,0.0,0.0,0.0,0.0,0.0,0.0,0.0,0.0,0.0,0.0,0.0,0.0,0.0,Kelly Olynyk,1610612738,BOS,1,0,1,22.97,22.97,8698.0,1.65,0.85,0.8,4.19,4.21,4.17,2014_15
203145,Kent Bazemore,Kent,1610612737,ATL,25.0,1,1,0,1.0,21.1,1,2,0.5,1,1,1.0,0,0,0.0,1,2,3,2,2,0,2,0,0,2,3,-14,13.6,0,0,13.0,1,1,1,1,121,153,174,70,44,109,1,124,126,124,50,101,99,68,35,96,9,1,1,63,161,191,135,19,1,131,,165,75.83,-35.0,16,185,1.0,87.5,175,160,182,0.089,201,0.75,33.3,54,172,160,116,40,165,0.095,-23.8,87.5,138,91.0,169,153,201,33.3,0.095,122.5,110,103,0.2,0.075,0.75,0.053,93.9,185,89.77,2.0,184,117.7,23,186,182,122.5,33.3,174,-35.0,1.0,0.081,59,63,28,91.0,26.0,0.077,21.0,0.077,5.0,0.0,2.0,0.0,5.0,0.0,0.0,0.0,0.0,0.0,0.0,0.0,2.0,2.0,0.0,0.0,1.0,0.0,0.0,0.0,0.0,0.0,0.0,0.097,3.0,0.0,1.86,1.19,31.0,2.0,0.0,0.0,25.0,1.0,0.0,2.0,5.6,2.0,0.5,0.6,0.5,0.0,4.0,7.1,0.5,2.6,1.0,1.0,1.0,0.667,0.5,0.667,0.0,1.0,1.0,0.5,1.0,1.0,6.0,0.0,,1610612737.0,0.0,1.0,1.0,0.5,0.5,0.0,1.0,0.0,0.0,0.0,0.0,0.0,ATL,,,,,,,,,,,,,,1.0,0.5,1.0,0.0,0.0,1.5,0.5,1.0,1.0,1.0,0.0,1.0,,,,,,,,,,,,,,,,0.0,0,,,0.0,0,0,3.0,1.0,0.0,0.0,0.0,0.75,0.0,0.0,0.0,0.0,1.0,0.0,0.0,0.0,0.0,0.0,0.0,1.0,0.0,0.0,1.0,0.0,0.0,0.0,1.0,0.0,1.0,0.0,1.0,0.0,1.0,0.0,0.0,-0.085,0.557,0.252,G,17.0,0.472,36.0,0.0,0.0,,0.0,0.0,0.0,0.0,,0.0,0.0,0.0,0.0,0.0,0.0,0.0,ATL,1.0,0.0,0.0,0.0,1.0,0.0,0.0,,0.0,0.0,1.0,1.0,1.5,1,1.0,1.0,1.0,1,2015,20150114,False,21400580,,,,Kent Bazemore,1610612737.0,ATL,G,25.0,1.0,1.0,1.0,1.0,7.0,0.143,0.393,-0.25,Kent Bazemore,1610612737.0,ATL,G,25.0,1.0,1.0,0.714,1.0,5.0,0.2,0.313,-0.113,Kent Bazemore,1610612737.0,ATL,G,25.0,1.0,1.0,0.286,0.0,2.0,0.0,0.429,-0.429,Kent Bazemore,1610612737.0,ATL,G,25.0,1.0,1.0,0.286,0.0,2.0,0.0,0.522,-0.522,Kent Bazemore,1610612737.0,ATL,G,25.0,1.0,1.0,0.286,0.0,2.0,0.0,0.488,-0.488,Kent Bazemore,1610612737.0,ATL,G,25.0,1.0,1.0,0.714,1.0,5.0,0.2,0.342,-0.142,Kent Bazemore,1610612737,ATL,1,1,0,21.1,31.0,0.0,0.0,0.0,0.0,0.0,0.0,0.0,0.0,0.0,0.0,0.0,0.0,0.0,0.0,0.0,0.0,0.0,Kent Bazemore,1610612737,ATL,1,1,0,21.1,21.1,8080.0,1.53,0.84,0.69,4.27,4.4,4.13,2014_15
203935,Marcus Smart,Marcus,1610612738,BOS,21.0,1,0,1,0.0,27.276666666666667,2,7,0.286,2,6,0.333,0,0,0.0,1,4,5,5,2,3,0,1,3,0,6,-15,26.5,0,0,24.0,1,105,105,105,84,121,104,146,21,15,52,124,126,124,50,47,54,18,35,5,70,136,135,156,128,194,60,19,1,63,,109,79.19,-27.8,15,177,2.5,98.1,195,124,188,0.138,141,0.429,14.3,32,193,124,20,54,109,0.142,-38.1,98.1,134,95.03,115,121,141,35.7,0.25,125.9,111,67,0.278,0.106,0.429,0.032,95.5,177,93.65,7.0,148,133.5,118,148,188,125.9,14.3,104,-27.8,2.0,0.081,88,20,139,95.03,52.0,0.115,47.0,0.096,9.0,0.0,6.0,1.0,10.0,0.333,0.0,1.0,0.0,0.0,0.0,0.333,1.0,3.0,1.0,0.0,0.333,0.0,0.0,0.0,0.0,0.0,0.0,0.095,6.0,0.0,4.06,3.87,63.0,0.0,0.0,0.0,26.0,4.3,0.0,4.0,9.5,2.0,0.25,0.625,0.5,1.0,4.0,6.6,0.625,20.7,2.0,0.0,3.0,1.0,1.0,0.4,0.0,0.0,0.0,0.25,2.0,0.0,8.0,,,,,,,,,,,,,,,,,0.5,2.0,1.0,2.0,0.333,0.75,1.0,,0.0,0.0,0.333,0.5,0.0,3.0,0.5,3.0,0.0,0.0,0.5,0.5,0.333,1.0,0.333,0.0,1.0,,,0.0,0.0,0.0,1.0,0.0,0.0,1.0,0.0,0.0,0.0,0.167,0.167,0.0,0.0,0,0.0,0.0,1.0,1,0,6.0,0.4,0.0,0.0,0.0,0.429,0.0,0.0,0.0,0.0,0.0,0.667,0.0,2.0,0.0,0.0,0.0,0.0,0.0,3.0,3.0,0.0,1.0,0.0,0.0,0.0,1.0,0.0,2.0,0.0,0.0,0.0,0.0,-0.002,0.573,0.212,G,20.0,0.571,35.0,0.0,0.0,,0.0,0.0,0.0,0.0,,0.0,1.0,0.0,0.0,0.0,0.0,0.0,BOS,2.0,0.0,0.0,0.0,5.0,0.0,0.0,,0.0,0.0,1.0,0.4,0.6,5,0.4,5.0,2.0,2,2015,20150114,False,21400580,,,,Marcus Smart,1610612738.0,BOS,G,21.0,1.0,1.0,1.0,5.0,6.0,0.833,0.447,0.386,Marcus Smart,1610612738.0,BOS,G,21.0,1.0,1.0,0.833,4.0,5.0,0.8,0.345,0.455,Marcus Smart,1610612738.0,BOS,G,21.0,1.0,1.0,0.167,1.0,1.0,1.0,0.442,0.558,,,,,,,,,,,,,,,,,,,,,,,,,,,Marcus Smart,1610612738.0,BOS,G,21.0,1.0,1.0,0.833,4.0,5.0,0.8,0.361,0.439,Marcus Smart,1610612738,BOS,1,0,1,27.3,63.0,0.0,0.0,0.0,0.0,0.0,0.0,0.0,0.0,0.0,0.0,0.0,0.0,0.0,0.0,0.0,0.0,0.0,Marcus Smart,1610612738,BOS,1,0,1,27.28,27.28,10298.0,1.95,1.09,0.86,4.4,4.7,4.08,2014_15
203488,Mike Muscala,Mike,1610612737,ATL,23.0,1,1,0,1.0,6.801666666666667,1,2,0.5,0,0,0.0,0,0,0.0,1,0,1,0,0,0,0,0,0,0,2,-9,3.2,0,0,3.0,1,1,1,1,189,153,174,70,80,131,80,124,126,124,50,175,153,153,135,96,70,1,1,156,166,155,187,19,1,187,,200,70.57,-75.0,153,200,0.0,83.3,197,170,200,0.133,1,0.5,0.0,153,197,170,175,12,200,0.145,-42.8,83.3,144,84.69,187,153,1,0.0,0.0,158.3,137,112,0.0,0.067,0.5,0.143,92.9,200,87.37,2.0,146,135.7,93,149,200,158.3,0.0,174,-75.0,1.0,0.055,13,113,122,84.69,7.0,0.0,4.0,0.0,0.0,0.0,0.0,0.0,0.0,0.0,0.0,0.0,0.0,1.0,0.0,0.0,0.0,1.0,0.0,0.0,0.0,0.0,0.0,0.0,0.0,0.0,0.0,0.222,2.0,2.0,1.7,0.78,9.0,1.0,0.0,0.0,4.0,0.3,0.0,2.0,13.7,0.0,0.5,0.25,0.0,1.0,2.0,0.0,0.25,13.7,0.0,0.0,1.0,0.0,0.0,0.0,0.0,0.0,0.0,0.5,0.0,0.0,4.0,0.0,,1610612737.0,0.0,1.0,1.0,0.5,0.5,0.0,1.0,0.0,0.0,0.0,0.0,0.0,ATL,,,,,,,,,,,,,,,,,,,,,,,,,,,1.0,1.0,0.0,1.0,0.0,1.0,,1.0,0.5,1.0,1.0,0.5,0.0,,,0,,,,0,0,2.0,1.0,0.0,0.0,0.0,0.5,0.0,0.0,0.0,0.0,0.0,0.0,0.0,0.0,0.0,0.0,1.0,0.0,0.0,0.0,0.0,0.0,0.0,0.0,0.0,1.0,0.0,0.0,0.0,1.0,0.0,0.0,1.0,-0.025,0.564,0.531,F-C,14.0,0.538,26.0,0.0,0.0,,,,,0.0,,,0.0,0.0,0.0,1.0,0.0,0.0,ATL,0.0,,1.0,0.0,0.0,0.0,0.0,,,1.0,1.0,0.0,1.0,1,,,,1,2015,20150114,False,21400580,,,,Mike Muscala,1610612737.0,ATL,F-C,23.0,1.0,1.0,1.0,1.0,4.0,0.25,0.457,-0.207,,,,,,,,,,,,,,Mike Muscala,1610612737.0,ATL,F-C,23.0,1.0,1.0,1.0,1.0,4.0,0.25,0.495,-0.245,Mike Muscala,1610612737.0,ATL,F-C,23.0,1.0,1.0,0.25,1.0,1.0,1.0,0.588,0.412,Mike Muscala,1610612737.0,ATL,F-C,23.0,1.0,1.0,0.75,1.0,3.0,0.333,0.541,-0.208,Mike Muscala,1610612737.0,ATL,F-C,23.0,1.0,1.0,0.25,0.0,1.0,0.0,0.422,-0.422,Mike Muscala,1610612737,ATL,1,1,0,6.8,9.0,0.0,0.0,0.0,0.0,0.0,0.0,0.0,0.0,0.0,0.0,0.0,0.0,0.0,0.0,0.0,0.0,0.0,Mike Muscala,1610612737,ATL,1,1,0,6.8,6.8,2651.0,0.5,0.3,0.2,4.41,4.94,3.8,2014_15
203118,Mike Scott,Mike,1610612737,ATL,26.0,1,1,0,1.0,22.03333333333333,4,8,0.5,1,2,0.5,2,2,1.0,0,4,4,3,1,0,0,0,1,1,11,10,19.3,0,0,19.0,1,1,1,1,113,69,88,70,44,80,20,59,68,1,103,47,77,40,80,96,70,1,34,104,70,36,100,19,1,92,,128,78.06,23.3,59,37,3.0,100.0,11,108,12,0.222,93,0.619,7.7,33,30,108,45,43,128,0.225,23.2,100.0,102,93.68,150,69,94,23.1,0.211,76.7,21,66,0.273,0.108,0.563,0.0,102.5,37,91.06,8.0,65,79.3,78,64,12,76.7,7.8,88,23.3,4.0,0.197,103,8,74,93.68,30.0,0.1,28.0,0.1,4.0,0.0,3.0,0.0,9.0,0.333,0.0,1.0,0.0,1.0,0.0,0.333,0.0,3.0,1.0,0.0,0.0,0.0,0.0,0.0,0.0,0.0,1.0,0.268,11.0,5.0,1.72,0.66,41.0,2.0,0.0,0.4,26.0,1.2,1.0,2.0,5.6,1.0,0.0,0.5,0.25,0.0,7.0,5.6,0.444,0.0,3.0,1.0,3.0,0.667,0.571,0.25,0.0,1.0,0.0,0.0,1.0,0.0,9.0,0.0,,1610612737.0,0.0,1.0,3.0,0.375,0.375,1.0,3.0,0.0,0.333,0.333,1.0,0.333,ATL,0.0,2.0,0.0,1.0,0.125,0.0,0.0,0.0,1.0,0.0,0.25,0.0,0.125,0.0,0.125,1.0,1.0,1.0,1.0,0.0,,0.0,1.0,0.125,1.0,1.0,1.0,1.0,1.0,1.0,1.0,1.25,1.0,2.0,0.125,2.0,1.0,0.25,0.125,1.0,0.0,2,1.0,,0.0,1,1,3.0,0.5,2.0,0.333,0.5,0.563,0.0,0.0,2.0,0.0,0.0,0.5,2.0,1.0,0.0,0.0,1.0,0.0,0.0,2.0,0.0,0.0,0.0,1.0,0.0,3.0,2.0,0.0,0.0,1.0,0.0,0.0,1.0,0.03,0.592,0.236,F,23.0,0.622,37.0,0.0,3.0,,0.0,0.0,0.0,0.0,,0.0,1.0,0.0,1.0,1.0,0.0,2.0,ATL,1.0,0.0,1.0,0.0,1.0,0.0,0.0,,0.0,1.0,2.0,1.0,0.75,2,0.5,2.0,1.0,1,2015,20150114,False,21400580,,,,Mike Scott,1610612737.0,ATL,F,26.0,1.0,1.0,1.0,1.0,3.0,0.333,0.484,-0.151,Mike Scott,1610612737.0,ATL,F,26.0,1.0,1.0,0.333,0.0,1.0,0.0,0.35,-0.35,Mike Scott,1610612737.0,ATL,F,26.0,1.0,1.0,0.667,1.0,2.0,0.5,0.525,-0.025,Mike Scott,1610612737.0,ATL,F,26.0,1.0,1.0,0.333,1.0,1.0,1.0,0.649,0.351,Mike Scott,1610612737.0,ATL,F,26.0,1.0,1.0,0.667,1.0,2.0,0.5,0.588,-0.088,Mike Scott,1610612737.0,ATL,F,26.0,1.0,1.0,0.333,0.0,1.0,0.0,0.355,-0.355,Mike Scott,1610612737,ATL,1,1,0,22.0,41.0,1.0,0.0,0.0,0.0,0.0,0.0,0.0,0.0,0.0,1.0,1.0,0.0,0.0,0.0,0.0,0.0,0.0,Mike Scott,1610612737,ATL,1,1,0,22.03,22.03,8021.0,1.52,0.86,0.66,4.09,4.94,3.79,2014_15
200794,Paul Millsap,Paul,1610612737,ATL,30.0,1,1,0,1.0,34.86666666666667,5,10,0.5,1,3,0.333,7,7,1.0,1,9,10,3,3,2,2,0,2,5,18,18,43.5,1,0,40.0,1,1,1,1,29,49,61,70,44,58,52,8,14,1,50,6,11,40,10,18,9,1,82,16,27,9,14,1,1,13,,154,76.29,28.7,95,25,1.0,121.2,49,33,49,0.222,154,0.688,15.8,86,23,33,28,66,154,0.223,25.8,121.2,35,91.55,141,49,153,15.8,0.237,92.5,24,30,0.13,0.154,0.55,0.037,119.0,25,92.07,10.0,66,93.2,85,64,49,92.5,15.7,61,28.7,5.0,0.185,76,63,47,91.55,47.0,0.085,45.0,0.064,8.0,0.0,4.0,1.0,7.0,0.111,11.0,1.0,3.0,3.0,1.222,0.111,1.0,9.0,1.0,6.0,0.111,0.333,0.667,6.0,1.0,2.0,1.0,0.277,18.0,3.0,2.4,1.34,65.0,4.0,0.0,0.667,46.0,2.6,0.5,1.0,5.4,6.0,1.0,0.625,0.556,0.0,17.0,5.6,0.556,3.0,4.0,2.0,4.0,0.6,0.529,0.6,0.0,2.0,1.0,1.0,5.0,1.0,18.0,0.0,,1610612737.0,0.0,1.0,1.0,0.1,0.1,0.0,1.0,0.0,0.0,0.0,0.0,0.0,ATL,,6.0,0.0,0.0,0.0,0.667,4.0,0.667,6.0,4.0,0.6,0.667,0.6,,,,,,,,,,,,,,,0.333,1.0,0.0,3.0,0.5,0.333,3.0,0.0,1.0,0.0,0.3,0.3,,0.0,0,,,0.0,0,0,3.0,0.333,2.0,0.0,0.5,0.55,0.0,0.0,2.0,0.0,0.0,0.333,4.0,1.0,0.0,0.0,0.0,0.0,0.0,3.0,0.0,0.0,0.0,0.8,0.0,2.0,5.0,0.0,0.0,0.0,0.0,0.0,0.0,0.038,0.586,0.453,F,154.0,0.623,247.0,0.0,0.0,,0.0,0.0,0.0,0.0,,0.0,1.0,0.0,0.571,0.0,0.0,4.0,ATL,1.0,0.0,0.0,0.0,2.0,0.0,0.0,,0.0,0.0,7.0,0.5,0.5,3,0.333,3.0,1.0,1,2015,20150114,False,21400580,,,,Paul Millsap,1610612737.0,ATL,F,30.0,1.0,1.0,1.0,8.0,14.0,0.571,0.454,0.118,Paul Millsap,1610612737.0,ATL,F,30.0,1.0,1.0,0.286,3.0,4.0,0.75,0.341,0.409,Paul Millsap,1610612737.0,ATL,F,30.0,1.0,1.0,0.714,5.0,10.0,0.5,0.496,0.004,Paul Millsap,1610612737.0,ATL,F,30.0,1.0,1.0,0.571,4.0,8.0,0.5,0.578,-0.078,Paul Millsap,1610612737.0,ATL,F,30.0,1.0,1.0,0.643,5.0,9.0,0.556,0.542,0.013,Paul Millsap,1610612737.0,ATL,F,30.0,1.0,1.0,0.357,3.0,5.0,0.6,0.39,0.21,Paul Millsap,1610612737,ATL,1,1,0,34.9,65.0,1.0,0.0,1.0,0.0,0.0,0.0,0.0,0.0,0.0,0.0,0.0,0.0,0.0,0.0,0.0,0.0,0.0,Paul Millsap,1610612737,ATL,1,1,0,34.87,34.87,12389.0,2.35,1.24,1.11,3.96,4.24,3.7,2014_15
203544,Pero Antic,Pero,1610612737,ATL,32.0,1,1,0,1.0,24.4,2,7,0.286,0,5,0.0,2,3,0.667,2,3,5,1,1,4,0,0,5,2,6,10,24.5,0,0,20.0,1,1,1,1,99,121,104,146,80,26,80,59,61,85,25,77,54,111,80,2,70,1,198,63,128,36,70,19,1,87,,59,82.79,26.2,129,31,1.0,120.4,95,35,55,0.173,111,0.361,10.0,148,37,35,86,49,59,0.185,20.5,120.4,27,99.34,101,121,111,10.0,0.136,94.2,158,51,0.053,0.122,0.286,0.105,122.2,31,94.86,7.0,104,101.7,154,109,55,94.2,9.7,104,26.2,2.0,0.031,21,63,155,99.34,44.0,0.023,32.0,0.023,2.0,0.0,1.0,0.0,2.0,0.0,0.0,0.0,0.0,0.0,0.0,0.0,0.0,0.0,0.0,0.0,0.0,0.0,0.0,0.0,0.0,0.0,1.0,0.113,6.0,0.0,1.26,0.11,53.0,0.0,0.0,0.0,34.0,1.1,0.0,3.0,8.7,1.0,0.667,0.556,0.333,2.0,6.0,6.5,0.556,12.0,2.0,0.0,4.0,0.5,0.5,0.2,0.0,0.0,0.0,0.667,1.0,0.0,9.0,,,,,,,,,,,,,,,,,,,,,,,,,,,,,,3.0,0.429,3.0,0.0,0.0,0.0,0.429,0.0,0.0,0.0,0.0,0.0,,1.0,0.5,0.0,2.0,2.0,0.5,0.0,4.0,0.286,2.0,2.0,0.571,0.286,,0.0,0,,,0.0,0,0,4.0,0.286,0.0,0.0,0.0,0.286,0.0,0.0,0.0,0.0,0.0,0.0,0.0,0.0,0.0,0.0,2.0,0.0,0.0,4.0,1.0,0.0,1.0,0.0,0.0,0.0,0.0,0.0,0.0,2.0,0.0,0.0,1.0,-0.104,0.604,0.47,F-C,35.0,0.5,70.0,0.0,0.0,,0.0,0.0,0.0,0.0,,0.0,2.0,0.0,0.0,1.0,0.0,0.0,ATL,1.0,0.0,1.0,0.0,4.0,0.0,0.0,,0.0,1.0,0.0,0.25,0.286,7,0.0,5.0,0.0,2,2015,20150114,False,21400580,,,,Pero Antic,1610612737.0,ATL,F-C,32.0,1.0,1.0,1.0,3.0,7.0,0.429,0.494,-0.066,,,,,,,,,,,,,,Pero Antic,1610612737.0,ATL,F-C,32.0,1.0,1.0,1.0,3.0,7.0,0.429,0.522,-0.094,Pero Antic,1610612737.0,ATL,F-C,32.0,1.0,1.0,0.571,3.0,4.0,0.75,0.613,0.137,Pero Antic,1610612737.0,ATL,F-C,32.0,1.0,1.0,0.857,3.0,6.0,0.5,0.562,-0.062,Pero Antic,1610612737.0,ATL,F-C,32.0,1.0,1.0,0.143,0.0,1.0,0.0,0.422,-0.422,Pero Antic,1610612737,ATL,1,1,0,24.4,53.0,1.0,0.0,0.0,0.0,0.0,0.0,0.0,0.0,0.0,1.0,1.0,0.0,0.0,0.0,0.0,0.0,0.0,Pero Antic,1610612737,ATL,1,1,0,24.4,24.4,7842.0,1.49,0.77,0.71,3.7,4.27,3.21,2014_15
203515,Phil Pressey,Phil,1610612738,BOS,24.0,1,0,1,0.0,10.8,3,4,0.75,1,1,1.0,0,0,0.0,0,0,0,2,1,0,1,0,4,1,7,3,12.0,0,0,12.0,1,105,105,105,181,91,152,13,44,109,1,124,126,124,103,175,178,68,80,96,20,1,172,104,118,79,145,19,1,138,,160,75.93,18.3,34,48,2.0,85.0,8,167,6,0.238,141,0.875,14.3,1,49,167,175,20,160,0.253,16.0,85.0,152,91.11,195,91,141,28.6,0.0,66.7,40,178,0.667,0.0,0.875,0.0,90.6,48,83.38,4.0,41,74.6,12,49,6,66.7,14.3,152,18.3,3.0,0.163,103,26,13,91.11,21.0,0.095,26.0,0.095,6.0,0.0,2.0,0.0,5.0,0.0,4.0,0.0,0.0,3.0,0.4,0.0,7.0,10.0,0.0,0.0,0.7,0.0,0.667,0.0,0.0,2.0,0.0,0.259,7.0,0.0,5.22,5.78,27.0,1.0,0.0,0.0,11.0,2.3,0.0,,,,,,,,,,,,,,,,,,,,,,,,,0.0,,1610612738.0,0.0,1.0,1.0,0.25,0.25,1.0,1.0,0.0,1.0,1.0,1.0,1.0,BOS,,1.0,0.0,0.0,0.0,1.0,1.0,1.0,1.0,1.0,0.25,1.0,0.25,1.0,0.5,2.0,1.0,0.0,0.75,0.25,1.0,1.0,0.5,0.25,1.0,0.0,,,,,,,,,,,,,,1.0,1.0,3,1.5,1.0,1.0,1,1,0.0,0.0,0.0,0.0,0.0,0.875,0.0,0.0,0.0,0.0,0.0,1.0,2.0,1.0,0.0,0.0,0.0,,0.0,1.0,0.0,0.0,0.0,0.667,,0.0,3.0,0.0,,0.0,0.0,0.0,0.0,0.252,0.561,0.151,G,13.0,0.813,16.0,0.0,0.0,,0.0,,,0.0,,0.0,0.0,0.0,0.667,0.0,0.0,2.0,BOS,1.0,0.0,0.0,0.0,1.0,0.0,0.0,,,0.0,3.0,1.0,,0,,0.0,0.0,0,2015,20150114,False,21400580,,,,Phil Pressey,1610612738.0,BOS,G,24.0,1.0,1.0,1.0,0.0,3.0,0.0,0.419,-0.419,Phil Pressey,1610612738.0,BOS,G,24.0,1.0,1.0,0.333,0.0,1.0,0.0,0.321,-0.321,Phil Pressey,1610612738.0,BOS,G,24.0,1.0,1.0,0.667,0.0,2.0,0.0,0.458,-0.458,Phil Pressey,1610612738.0,BOS,G,24.0,1.0,1.0,0.333,0.0,1.0,0.0,0.557,-0.557,Phil Pressey,1610612738.0,BOS,G,24.0,1.0,1.0,0.333,0.0,1.0,0.0,0.5,-0.5,Phil Pressey,1610612738.0,BOS,G,24.0,1.0,1.0,0.667,0.0,2.0,0.0,0.35,-0.35,Phil Pressey,1610612738,BOS,1,0,1,10.8,27.0,0.0,0.0,0.0,0.0,0.0,0.0,0.0,0.0,0.0,0.0,0.0,0.0,0.0,0.0,0.0,0.0,0.0,Phil Pressey,1610612738,BOS,1,0,1,10.8,10.8,4349.0,0.82,0.4,0.42,4.45,4.96,4.02,2014_15
202714,Shelvin Mack,Shelvin,1610612737,ATL,25.0,1,1,0,1.0,14.408333333333331,3,6,0.5,2,3,0.667,1,2,0.5,0,0,0,0,2,0,0,1,1,2,9,-5,7.0,0,0,11.0,1,1,1,1,164,91,122,70,21,58,11,95,68,98,103,175,178,153,35,96,70,136,34,63,92,132,172,19,1,142,,153,76.34,-20.9,153,159,0.0,64.3,23,197,21,0.3,189,0.654,22.2,153,154,197,175,28,153,0.319,-16.8,64.3,194,91.61,186,91,191,0.0,0.0,85.2,124,178,0.0,0.0,0.667,0.0,69.6,159,87.48,6.0,17,86.3,40,20,21,85.2,22.5,122,-20.9,3.0,0.07,103,113,61,91.61,23.0,0.0,27.0,0.0,2.0,0.0,0.0,0.0,0.0,0.0,0.0,0.0,0.0,1.0,0.0,0.0,4.0,5.0,0.0,0.0,0.8,0.0,0.0,0.0,0.0,0.0,0.0,0.281,9.0,0.0,2.92,2.19,32.0,0.0,0.0,0.0,23.0,1.6,0.0,,,,,,,,,,,,,,,,,,,,,,,,,,,,,,,,,,,,,,,,,,1.0,0.0,0.0,0.0,1.0,1.0,1.0,1.0,1.0,0.2,1.0,0.2,1.0,0.4,2.0,1.0,0.0,0.75,0.2,1.0,1.0,0.5,0.2,1.0,0.0,,0.5,1.0,0.0,2.0,0.75,0.5,2.0,0.0,1.0,0.0,0.4,0.4,0.5,1.0,3,0.75,1.0,1.0,2,1,3.0,0.5,0.0,0.0,0.0,0.667,0.0,0.0,0.0,0.0,0.0,0.667,1.0,2.0,0.0,0.0,0.0,0.0,0.0,3.0,0.0,0.0,0.0,0.5,0.0,1.0,2.0,0.0,0.0,0.0,0.0,0.0,0.0,0.134,0.57,0.185,G,19.0,0.704,27.0,0.0,0.0,,0.0,0.0,0.0,1.0,,1.0,1.0,0.0,0.5,0.0,0.0,1.0,ATL,1.0,0.0,0.0,0.0,2.0,0.0,1.0,,0.0,0.0,2.0,0.5,0.75,2,0.5,2.0,1.0,1,2015,20150114,False,21400580,,,,Shelvin Mack,1610612737.0,ATL,G,25.0,1.0,1.0,1.0,1.0,3.0,0.333,0.379,-0.046,Shelvin Mack,1610612737.0,ATL,G,25.0,1.0,1.0,0.667,0.0,2.0,0.0,0.262,-0.262,Shelvin Mack,1610612737.0,ATL,G,25.0,1.0,1.0,0.333,1.0,1.0,1.0,0.506,0.494,,,,,,,,,,,,,,,,,,,,,,,,,,,Shelvin Mack,1610612737.0,ATL,G,25.0,1.0,1.0,1.0,1.0,3.0,0.333,0.313,0.02,Shelvin Mack,1610612737,ATL,1,1,0,14.4,32.0,0.0,0.0,0.0,0.0,0.0,0.0,0.0,0.0,0.0,0.0,0.0,0.0,0.0,0.0,0.0,0.0,0.0,Shelvin Mack,1610612737,ATL,1,1,0,14.42,14.42,5902.0,1.12,0.61,0.51,4.59,4.9,4.27,2014_15
200757,Thabo Sefolosha,Thabo,1610612737,ATL,31.0,1,1,0,1.0,27.365,1,4,0.25,0,2,0.0,2,2,1.0,0,5,5,3,0,3,2,0,0,2,4,28,29.5,0,0,22.0,1,1,1,1,82,153,152,151,80,80,80,59,68,1,103,36,54,40,135,5,9,1,1,63,148,1,47,19,1,75,,102,79.66,53.3,10,3,0.0,133.3,14,6,16,0.089,1,0.41,0.0,87,3,6,67,54,102,0.088,49.9,133.3,11,95.6,102,153,1,37.5,0.172,80.0,79,67,0.125,0.106,0.25,0.0,132.2,3,94.72,4.0,187,82.2,158,185,16,80.0,0.0,152,53.3,1.0,0.121,103,113,144,95.6,31.0,0.097,24.0,0.097,5.0,0.0,3.0,0.0,7.0,0.0,0.0,0.0,0.0,0.0,0.0,1.0,0.0,2.0,2.0,0.0,0.0,0.0,0.0,0.0,0.0,0.0,0.0,0.111,4.0,1.0,2.06,1.25,36.0,0.0,0.0,0.0,21.0,1.2,0.0,1.0,14.1,0.0,0.0,0.625,0.0,0.0,7.0,14.1,0.625,0.0,5.0,0.0,5.0,0.714,0.714,0.0,0.0,0.0,0.0,0.0,0.0,0.0,8.0,,,,,,,,,,,,,,,,,,2.0,0.0,0.0,0.0,0.5,1.0,0.5,2.0,1.0,0.5,0.5,0.5,1.0,0.25,1.0,0.0,0.0,0.0,0.25,0.0,0.0,0.0,0.0,0.0,,,0.0,0.0,0.0,1.0,0.0,0.0,1.0,0.0,0.0,0.0,0.25,0.25,,0.0,0,,,0.0,0,0,0.0,0.0,0.0,0.0,0.0,0.25,0.0,0.0,0.0,0.0,0.0,0.0,1.0,0.0,0.0,0.0,1.0,0.0,0.0,1.0,1.0,0.0,0.0,1.0,0.0,0.0,1.0,0.0,1.0,0.0,0.0,0.0,0.0,-0.091,0.603,0.181,F-G,22.0,0.512,43.0,0.0,0.0,,0.0,0.0,0.0,0.0,,0.0,1.0,0.0,1.0,0.0,0.0,1.0,ATL,0.0,0.0,0.0,0.0,1.0,0.0,0.0,,0.0,1.0,1.0,0.0,0.0,3,0.0,2.0,0.0,0,2015,20150114,False,21400580,,,,Thabo Sefolosha,1610612737.0,ATL,F-G,31.0,1.0,1.0,1.0,3.0,11.0,0.273,0.422,-0.149,Thabo Sefolosha,1610612737.0,ATL,F-G,31.0,1.0,1.0,0.364,0.0,4.0,0.0,0.335,-0.335,Thabo Sefolosha,1610612737.0,ATL,F-G,31.0,1.0,1.0,0.636,3.0,7.0,0.429,0.478,-0.05,Thabo Sefolosha,1610612737.0,ATL,F-G,31.0,1.0,1.0,0.364,2.0,4.0,0.5,0.598,-0.098,Thabo Sefolosha,1610612737.0,ATL,F-G,31.0,1.0,1.0,0.545,3.0,6.0,0.5,0.534,-0.034,Thabo Sefolosha,1610612737.0,ATL,F-G,31.0,1.0,1.0,0.455,0.0,5.0,0.0,0.358,-0.358,Thabo Sefolosha,1610612737,ATL,1,1,0,27.4,36.0,0.0,0.0,0.0,0.0,0.0,0.0,0.0,0.0,0.0,0.0,0.0,0.0,0.0,0.0,0.0,0.0,0.0,Thabo Sefolosha,1610612737,ATL,1,1,0,27.37,27.37,10353.0,1.96,0.98,0.98,4.4,4.69,4.13,2014_15
203092,Tyler Zeller,Tyler,1610612738,BOS,25.0,1,0,1,0.0,16.266666666666666,0,4,0.0,0,0,0.0,2,2,1.0,1,4,5,3,2,0,0,0,2,1,2,-10,10.5,0,0,10.0,1,105,105,105,158,177,152,177,80,131,80,59,68,1,50,47,54,40,35,96,70,1,82,104,166,162,150,19,1,151,,24,87.3,-30.9,30,181,1.5,80.6,136,181,143,0.175,174,0.205,20.0,24,160,181,8,36,24,0.188,-19.6,80.6,161,104.75,48,177,184,30.0,0.286,111.4,162,18,0.3,0.167,0.0,0.063,88.8,181,101.21,4.0,102,108.5,177,107,143,111.4,20.2,152,-30.9,0.0,0.025,49,50,177,104.75,25.0,0.12,22.0,0.12,4.0,0.0,3.0,0.0,7.0,0.0,0.0,0.0,0.0,0.0,0.0,0.0,0.0,0.0,0.0,0.0,0.0,0.0,0.0,0.0,0.0,0.0,3.0,0.061,2.0,2.0,1.78,0.55,33.0,3.0,0.0,0.0,20.0,1.0,0.667,5.0,6.5,3.0,0.2,0.5,0.5,0.0,5.0,7.0,0.5,4.6,2.0,0.0,2.0,0.8,0.8,0.6,0.0,0.0,1.0,0.2,2.0,1.0,10.0,0.0,,1610612738.0,0.0,1.0,2.0,0.5,0.5,0.0,2.0,0.0,0.0,0.0,0.0,0.0,BOS,,1.0,0.0,0.0,0.0,0.0,0.0,0.0,1.0,0.0,0.25,0.0,0.25,0.0,0.25,1.0,1.0,0.0,0.0,0.0,,0.0,0.0,0.25,0.0,0.0,,,,,,,,,,,,,,,,0,,,,0,0,0.0,0.0,0.0,0.0,0.0,0.0,0.0,0.0,2.0,0.0,0.0,0.0,0.0,0.0,0.0,0.0,1.0,0.0,0.0,0.0,0.0,0.0,0.0,0.0,0.0,2.0,1.0,0.0,0.0,0.0,0.0,0.0,0.0,-0.115,0.592,0.467,C-F,85.0,0.478,178.0,0.0,2.0,,0.0,0.0,0.0,0.0,,0.0,0.0,0.0,0.0,0.0,0.0,0.0,BOS,0.0,0.0,0.0,0.0,0.0,0.0,0.0,,0.0,1.0,1.0,0.0,0.0,1,,,,0,2015,20150114,False,21400580,,,,Tyler Zeller,1610612738.0,BOS,C-F,25.0,1.0,1.0,1.0,2.0,6.0,0.333,0.412,-0.078,Tyler Zeller,1610612738.0,BOS,C-F,25.0,1.0,1.0,0.333,0.0,2.0,0.0,0.307,-0.307,Tyler Zeller,1610612738.0,BOS,C-F,25.0,1.0,1.0,0.667,2.0,4.0,0.5,0.483,0.017,Tyler Zeller,1610612738.0,BOS,C-F,25.0,1.0,1.0,0.333,0.0,2.0,0.0,0.587,-0.587,Tyler Zeller,1610612738.0,BOS,C-F,25.0,1.0,1.0,0.5,1.0,3.0,0.333,0.533,-0.2,Tyler Zeller,1610612738.0,BOS,C-F,25.0,1.0,1.0,0.5,1.0,3.0,0.333,0.317,0.016,Tyler Zeller,1610612738,BOS,1,0,1,16.3,33.0,3.0,0.0,2.0,0.0,0.0,0.0,0.0,0.0,0.0,1.0,0.333,0.0,0.0,0.0,0.0,0.0,0.0,Tyler Zeller,1610612738,BOS,1,0,1,16.27,16.27,6155.0,1.17,0.62,0.54,4.44,4.18,3.95,2014_15
203940,Adreian Payne,Adreian,1610612737,ATL,24.0,1,1,0,1.0,1.5833333333333333,0,1,0.0,0,0,0.0,0,0,0.0,0,0,0,0,0,0,0,0,0,0,0,-5,0.0,0,0,0.0,1,1,1,1,202,177,186,177,80,131,80,124,126,124,103,175,178,153,135,96,70,1,1,156,188,132,197,19,1,197,,166,75.79,-166.7,153,203,0.0,0.0,201,203,201,0.333,1,0.0,0.0,153,203,203,175,3,166,0.5,-166.7,0.0,203,90.95,201,177,1,0.0,0.0,166.7,205,178,0.0,0.0,0.0,0.0,0.0,203,75.79,1.0,3,166.7,177,12,201,166.7,0.0,186,-166.7,0.0,-0.222,103,113,188,90.95,3.0,0.0,2.0,0.0,0.0,0.0,0.0,0.0,0.0,0.0,0.0,0.0,0.0,0.0,0.0,0.0,0.0,0.0,0.0,0.0,0.0,0.0,0.0,0.0,0.0,0.0,0.0,0.0,0.0,0.0,2.27,1.0,4.0,0.0,0.0,0.0,2.0,0.2,0.0,,,,,,,,,,,,,,,,,,,,,,,,,0.0,,1610612750.0,0.0,1.0,1.0,1.0,1.0,0.0,1.0,0.0,0.0,0.0,0.0,0.0,MIN,,,,,,,,,,,,,,,,,,,,,,,,,,,,,,,,,,,,,,,,,,0,,,,0,0,0.0,0.0,0.0,0.0,0.0,0.0,0.0,0.0,0.0,0.0,0.0,0.0,0.0,0.0,0.0,0.0,,,,0.0,0.0,0.0,0.0,0.0,,1.0,0.0,,,,0.0,,,0.113,0.637,0.5,F-C,3.0,0.75,4.0,0.0,1.0,,,,,,,,,0.0,0.0,,,0.0,MIN,0.0,,,,0.0,,,,,,0.0,0.0,,0,,,,0,2015,20150114,False,21400580,3147.0,BOS,ATL,Adreian Payne,1610612750.0,MIN,F-C,24.0,1.0,1.0,1.0,1.0,2.0,0.5,0.356,0.144,Adreian Payne,1610612750.0,MIN,F-C,24.0,1.0,1.0,0.5,0.0,1.0,0.0,0.262,-0.262,Adreian Payne,1610612750.0,MIN,F-C,24.0,1.0,1.0,0.5,1.0,1.0,1.0,0.528,0.472,Adreian Payne,1610612750.0,MIN,F-C,24.0,1.0,1.0,0.5,1.0,1.0,1.0,0.692,0.308,Adreian Payne,1610612750.0,MIN,F-C,24.0,1.0,1.0,0.5,1.0,1.0,1.0,0.667,0.333,Adreian Payne,1610612750.0,MIN,F-C,24.0,1.0,1.0,0.5,0.0,1.0,0.0,0.301,-0.301,Adreian Payne,1610612750,MIN,1,1,0,1.6,4.0,0.0,0.0,0.0,0.0,0.0,0.0,0.0,0.0,0.0,0.0,0.0,0.0,0.0,0.0,0.0,0.0,0.0,Adreian Payne,1610612750,MIN,1,1,0,1.58,1.58,546.0,0.1,0.07,0.03,3.8,6.12,0.0,2014_15
201977,Marcus Thornton,Marcus,1610612738,BOS,28.0,1,0,1,0.0,21.956666666666667,4,9,0.444,2,5,0.4,0,0,0.0,1,2,3,2,0,1,0,1,0,0,10,11,19.6,0,0,19.0,1,105,105,105,114,69,70,102,21,26,45,124,126,124,50,101,99,68,135,37,70,136,1,156,81,27,98,19,1,92,,180,74.69,26.8,79,29,0.0,126.8,102,20,72,0.176,1,0.556,0.0,76,31,20,110,41,180,0.182,23.2,126.8,20,89.63,176,69,1,18.2,0.1,100.0,57,106,0.143,0.071,0.556,0.045,125.6,29,89.02,9.0,106,102.4,80,104,72,100.0,0.0,70,26.8,4.0,0.143,65,113,104,89.63,21.0,0.095,25.0,0.095,4.0,0.0,2.0,0.0,5.0,0.0,0.0,0.0,0.0,1.0,0.0,0.0,0.0,1.0,0.0,0.0,0.0,0.0,0.0,0.0,0.0,0.0,0.0,0.313,10.0,0.0,3.11,3.0,32.0,0.0,0.0,0.0,25.0,1.7,0.0,2.0,6.2,0.0,0.5,0.6,0.0,1.0,4.0,4.0,0.5,10.5,2.0,1.0,3.0,0.667,0.5,0.0,0.0,1.0,0.0,0.5,0.0,0.0,6.0,,,,,,,,,,,,,,,,,1.0,4.0,1.0,1.0,0.125,0.875,3.0,0.667,3.0,2.0,0.5,0.75,0.375,3.0,0.375,3.0,0.0,0.0,0.5,0.375,0.333,1.0,0.333,0.0,1.0,,,0.0,0.0,0.0,1.0,0.0,0.0,1.0,0.0,0.0,0.0,0.125,0.125,0.333,1.0,3,0.5,0.333,3.0,3,1,3.0,0.5,0.0,0.0,0.0,0.556,0.0,0.0,0.0,0.0,0.0,0.4,2.0,2.0,0.0,0.0,0.0,0.0,0.0,5.0,0.0,0.0,0.0,0.5,0.0,0.0,4.0,0.0,0.0,0.0,0.0,0.0,0.0,0.049,0.618,0.183,G,10.0,0.667,15.0,0.0,0.0,,0.0,0.0,1.0,1.0,,0.0,1.0,0.0,0.5,0.0,0.0,2.0,PHX,1.0,0.0,0.0,0.0,3.0,0.0,1.0,,0.0,0.0,4.0,0.333,0.75,2,0.5,2.0,1.0,1,2015,20150114,False,21400580,3196.0,BOS,ATL,Marcus Thornton,1610612756.0,PHX,G,28.0,1.0,1.0,1.0,1.0,4.0,0.25,0.444,-0.194,Marcus Thornton,1610612756.0,PHX,G,28.0,1.0,1.0,0.5,1.0,2.0,0.5,0.368,0.132,Marcus Thornton,1610612756.0,PHX,G,28.0,1.0,1.0,0.5,0.0,2.0,0.0,0.504,-0.504,Marcus Thornton,1610612756.0,PHX,G,28.0,1.0,1.0,0.25,0.0,1.0,0.0,0.552,-0.552,Marcus Thornton,1610612756.0,PHX,G,28.0,1.0,1.0,0.5,0.0,2.0,0.0,0.546,-0.546,Marcus Thornton,1610612756.0,PHX,G,28.0,1.0,1.0,0.5,1.0,2.0,0.5,0.368,0.133,Marcus Thornton,1610612756,PHX,1,0,1,22.0,32.0,0.0,0.0,0.0,0.0,0.0,0.0,0.0,0.0,0.0,0.0,0.0,0.0,0.0,0.0,0.0,0.0,0.0,Marcus Thornton,1610612756,PHX,1,0,1,21.95,21.95,7799.0,1.48,0.78,0.7,4.1,4.46,3.75,2014_15
