PLAYER_ID,PLAYER_NAME,NICKNAME,TEAM_ID,TEAM_ABBREVIATION,AGE,GP,W,L,W_PCT,MIN,FGM,FGA,FG_PCT,FG3M,FG3A,FG3_PCT,FTM,FTA,FT_PCT,OREB,DREB,REB,AST,TOV,STL,BLK,BLKA,PF,PFD,PTS,PLUS_MINUS,NBA_FANTASY_PTS,DD2,TD3,WNBA_FANTASY_PTS,GP_RANK,W_RANK,L_RANK,W_PCT_RANK,MIN_RANK,FGM_RANK,FGA_RANK,FG_PCT_RANK,FG3M_RANK,FG3A_RANK,FG3_PCT_RANK,FTM_RANK,FTA_RANK,FT_PCT_RANK,OREB_RANK,DREB_RANK,REB_RANK,AST_RANK,TOV_RANK,STL_RANK,BLK_RANK,BLKA_RANK,PF_RANK,PFD_RANK,PTS_RANK,PLUS_MINUS_RANK,NBA_FANTASY_PTS_RANK,DD2_RANK,TD3_RANK,WNBA_FANTASY_PTS_RANK,DEF_RATING_RANK,PIE,FGM_PG,FGA_PG,E_OFF_RATING,DREB_PCT_RANK,E_DEF_RATING,PACE_RANK,PACE,E_NET_RATING_RANK,EFG_PCT,sp_work_OFF_RATING,OFF_RATING_RANK,sp_work_NET_RATING,USG_PCT_RANK,AST_PCT_RANK,POSS,sp_work_PACE_RANK,sp_work_NET_RATING_RANK,DEF_RATING,sp_work_DEF_RATING_RANK,DREB_PCT,E_TOV_PCT_RANK,sp_work_PACE,sp_work_DEF_RATING,REB_PCT,USG_PCT,AST_RATIO,NET_RATING,AST_TO_RANK,E_PACE,EFG_PCT_RANK,FGM_PG_RANK,REB_PCT_RANK,E_TOV_PCT,AST_RATIO_RANK,PACE_PER40,PIE_RANK,AST_PCT,OREB_PCT,TM_TOV_PCT_RANK,TS_PCT_RANK,AST_TO,OFF_RATING,E_USG_PCT_RANK,E_USG_PCT,E_DEF_RATING_RANK,OREB_PCT_RANK,NET_RATING_RANK,E_PACE_RANK,TS_PCT,sp_work_OFF_RATING_RANK,TM_TOV_PCT,FGA_PG_RANK,E_NET_RATING,E_OFF_RATING_RANK,BACKCOURT_FG_PCT,LEFT_CORNER_3_FG_PCT,MID_FGM,RA_FG_PCT,CORNER_3_FGA,RA_FGA,ITP_FGA,MID_FGA,ABOVE_BREAK_3_FGM,ABOVE_BREAK_3_FGA,MID_FG_PCT,CORNER_3_FG_PCT,RA_FGM,RIGHT_CORNER_3_FG_PCT,BACKCOURT_FGA,RIGHT_CORNER_3_FGM,CORNER_3_FGM,BACKCOURT_FGM,ITP_FG_PCT,ITP_FGM,ABOVE_BREAK_3_FG_PCT,RIGHT_CORNER_3_FGA,LEFT_CORNER_3_FGM,LEFT_CORNER_3_FGA,FGM_35_39,FGM_10_14,FGP_20_24,FGA_15_19,FGM_20_24,FGM_40_PLUS,FGP_15_19,FGP_35_39,FGP_25_29,FGA_30_34,FGM_LT_5,FGA_LT_5,FGA_20_24,FGP_30_34,TEAM_ABBR,FGM_30_34,FGP_LT_5,FGM_15_19,FGP_40_PLUS,FGA_10_14,FGA_25_29,FGP_10_14,FGA_5_9,FGA_35_39,FGP_5_9,FGA_40_PLUS,FGM_5_9,FGM_25_29,year,date,PASSES_MADE,AST_TO_PASS_PCT,PASSES_RECEIVED,FT_AST,AST_PTS_CREATED,POTENTIAL_AST,AST_TO_PASS_PCT_ADJ,SECONDARY_AST,AST_ADJ,DRIVE_TOV_PCT,DRIVE_PF,DRIVE_FTM,DRIVES,DRIVE_PASSES_PCT,DRIVE_TOV,DRIVE_AST_PCT,DRIVE_FT_PCT,DRIVE_PF_PCT,DRIVE_FG_PCT,DRIVE_FGM,DRIVE_PASSES,DRIVE_FGA,DRIVE_FTA,DRIVE_PTS,DRIVE_AST,DRIVE_PTS_PCT,TOUCHES,PTS_PER_POST_TOUCH,FRONT_CT_TOUCHES,ELBOW_TOUCHES,POINTS,PAINT_TOUCHES,PTS_PER_PAINT_TOUCH,AVG_DRIB_PER_TOUCH,PTS_PER_ELBOW_TOUCH,AVG_SEC_PER_TOUCH,POST_TOUCHES,TIME_OF_POSS,PTS_PER_TOUCH,REB_CHANCE_PCT,OREB_CONTEST,AVG_OREB_DIST,OREB_CONTEST_PCT,OREB_CHANCES,REB_CONTEST_PCT,REB_CHANCE_DEFER,DREB_CONTEST_PCT,DREB_CHANCE_PCT,AVG_REB_DIST,AVG_DREB_DIST,REB_CONTEST,DREB_CHANCE_PCT_ADJ,DREB_CHANCE_DEFER,REB_UNCONTEST,DREB_CONTEST,OREB_CHANCE_PCT,OREB_CHANCE_DEFER,DREB_CHANCES,OREB_UNCONTEST,REB_CHANCE_PCT_ADJ,OREB_CHANCE_PCT_ADJ,DREB_UNCONTEST,REB_CHANCES,very_tight_FG2A_FREQUENCY,very_tight_EFG_PCT,very_tight_FG3A_FREQUENCY,very_tight_FG3A,very_tight_FGM,very_tight_FG2_PCT,PLAYER_LAST_TEAM_ABBREVIATION,very_tight_FGA,very_tight_FG3_PCT,very_tight_FG3M,very_tight_FG2M,G,PLAYER_LAST_TEAM_ID,very_tight_FG2A,very_tight_FGA_FREQUENCY,very_tight_FG_PCT,tight_FGA,tight_FGA_FREQUENCY,tight_FG2_PCT,tight_FG2A_FREQUENCY,tight_FG2A,tight_EFG_PCT,tight_FG3A,tight_FG3_PCT,tight_FGM,tight_FG3M,tight_FG_PCT,tight_FG3A_FREQUENCY,tight_FG2M,open_FGA_FREQUENCY,open_FG3A,open_FGA,open_FG2M,open_EFG_PCT,open_FG2A,open_FG3A_FREQUENCY,open_FG_PCT,open_FG3_PCT,open_FG2_PCT,open_FGM,open_FG3M,open_FG2A_FREQUENCY,wide_open_FG2A,wide_open_FG_PCT,wide_open_FG3A,wide_open_EFG_PCT,wide_open_FG2M,wide_open_FG3M,wide_open_FG2A_FREQUENCY,wide_open_FG3A_FREQUENCY,wide_open_FGM,wide_open_FGA_FREQUENCY,wide_open_FG3_PCT,wide_open_FGA,wide_open_FG2_PCT,PULL_UP_FG3M,PULL_UP_FGM,PULL_UP_FG3A,PULL_UP_FG3_PCT,PULL_UP_PTS,PULL_UP_FG_PCT,PULL_UP_FGA,PULL_UP_EFG_PCT,EFF_FG_PCT,CATCH_SHOOT_FG_PCT,POST_TOUCH_FG_PCT,ELBOW_TOUCH_FG_PCT,POST_TOUCH_PTS,PAINT_TOUCH_FG_PCT,ELBOW_TOUCH_PTS,PAINT_TOUCH_PTS,CATCH_SHOOT_PTS,PLUSMINUS,FGA_LT_06,NS_LT_06_PCT,LT_06_PCT,FGM_LT_06,PLAYER_POSITION,FREQ,CATCH_SHOOT_FGA,CATCH_SHOOT_FG3M,CATCH_SHOOT_EFG_PCT,CATCH_SHOOT_FG3A,CATCH_SHOOT_FGM,CATCH_SHOOT_FG3_PCT,HTM,VTM,opp_team,team,opp_id,series_key,GAME_ID,overall_def_PLAYER_NAME,overall_def_PLAYER_LAST_TEAM_ID,overall_def_PLAYER_LAST_TEAM_ABBREVIATION,overall_def_PLAYER_POSITION,overall_def_AGE,overall_def_GP,overall_def_G,overall_def_FREQ,overall_def_D_FGM,overall_def_D_FGA,overall_def_D_FG_PCT,overall_def_NORMAL_FG_PCT,overall_def_PCT_PLUSMINUS,three_pt_def_PLAYER_NAME,three_pt_def_PLAYER_LAST_TEAM_ID,three_pt_def_PLAYER_LAST_TEAM_ABBREVIATION,three_pt_def_PLAYER_POSITION,three_pt_def_AGE,three_pt_def_GP,three_pt_def_G,three_pt_def_FREQ,three_pt_def_FG3M,three_pt_def_FG3A,three_pt_def_FG3_PCT,three_pt_def_NS_FG3_PCT,three_pt_def_PLUSMINUS,two_pt_def_PLAYER_NAME,two_pt_def_PLAYER_LAST_TEAM_ID,two_pt_def_PLAYER_LAST_TEAM_ABBREVIATION,two_pt_def_PLAYER_POSITION,two_pt_def_AGE,two_pt_def_GP,two_pt_def_G,two_pt_def_FREQ,two_pt_def_FG2M,two_pt_def_FG2A,two_pt_def_FG2_PCT,two_pt_def_NS_FG2_PCT,two_pt_def_PLUSMINUS,less_6ft_def_PLAYER_NAME,less_6ft_def_PLAYER_LAST_TEAM_ID,less_6ft_def_PLAYER_LAST_TEAM_ABBREVIATION,less_6ft_def_PLAYER_POSITION,less_6ft_def_AGE,less_6ft_def_GP,less_6ft_def_G,less_6ft_def_FREQ,less_6ft_def_FGM_LT_06,less_6ft_def_FGA_LT_06,less_6ft_def_LT_06_PCT,less_6ft_def_NS_LT_06_PCT,less_6ft_def_PLUSMINUS,less_10ft_def_PLAYER_NAME,less_10ft_def_PLAYER_LAST_TEAM_ID,less_10ft_def_PLAYER_LAST_TEAM_ABBREVIATION,less_10ft_def_PLAYER_POSITION,less_10ft_def_AGE,less_10ft_def_GP,less_10ft_def_G,less_10ft_def_FREQ,less_10ft_def_FGM_LT_10,less_10ft_def_FGA_LT_10,less_10ft_def_LT_10_PCT,less_10ft_def_NS_LT_10_PCT,less_10ft_def_PLUSMINUS,more_15ft_def_PLAYER_NAME,more_15ft_def_PLAYER_LAST_TEAM_ID,more_15ft_def_PLAYER_LAST_TEAM_ABBREVIATION,more_15ft_def_PLAYER_POSITION,more_15ft_def_AGE,more_15ft_def_GP,more_15ft_def_G,more_15ft_def_FREQ,more_15ft_def_FGM_GT_15,more_15ft_def_FGA_GT_15,more_15ft_def_GT_15_PCT,more_15ft_def_NS_GT_15_PCT,more_15ft_def_PLUSMINUS,hustle_PLAYER_NAME,hustle_TEAM_ID,hustle_TEAM_ABBREVIATION,hustle_AGE,hustle_G,hustle_MIN,hustle_CONTESTED_SHOTS,hustle_CONTESTED_SHOTS_2PT,hustle_CONTESTED_SHOTS_3PT,hustle_DEFLECTIONS,hustle_CHARGES_DRAWN,hustle_SCREEN_ASSISTS,hustle_SCREEN_AST_PTS,hustle_OFF_LOOSE_BALLS_RECOVERED,hustle_DEF_LOOSE_BALLS_RECOVERED,hustle_LOOSE_BALLS_RECOVERED,hustle_PCT_LOOSE_BALLS_RECOVERED_OFF,hustle_PCT_LOOSE_BALLS_RECOVERED_DEF,hustle_OFF_BOXOUTS,hustle_DEF_BOXOUTS,hustle_BOX_OUTS,hustle_BOX_OUT_PLAYER_TEAM_REBS,hustle_BOX_OUT_PLAYER_REBS,hustle_PCT_BOX_OUTS_OFF,hustle_PCT_BOX_OUTS_DEF,hustle_PCT_BOX_OUTS_TEAM_REB,hustle_PCT_BOX_OUTS_REB,post_touch_PLAYER_NAME,post_touch_TEAM_ID,post_touch_TEAM_ABBREVIATION,post_touch_GP,post_touch_W,post_touch_L,post_touch_MIN,post_touch_TOUCHES,post_touch_POST_TOUCHES,post_touch_POST_TOUCH_FGM,post_touch_POST_TOUCH_FGA,post_touch_POST_TOUCH_FG_PCT,post_touch_POST_TOUCH_FTM,post_touch_POST_TOUCH_FTA,post_touch_POST_TOUCH_FT_PCT,post_touch_POST_TOUCH_PTS,post_touch_POST_TOUCH_PTS_PCT,post_touch_POST_TOUCH_PASSES,post_touch_POST_TOUCH_PASSES_PCT,post_touch_POST_TOUCH_AST,post_touch_POST_TOUCH_AST_PCT,post_touch_POST_TOUCH_TOV,post_touch_POST_TOUCH_TOV_PCT,post_touch_POST_TOUCH_FOULS,post_touch_POST_TOUCH_FOULS_PCT,speed_distance_PLAYER_NAME,speed_distance_TEAM_ID,speed_distance_TEAM_ABBREVIATION,speed_distance_GP,speed_distance_W,speed_distance_L,speed_distance_MIN,speed_distance_MIN1,speed_distance_DIST_FEET,speed_distance_DIST_MILES,speed_distance_DIST_MILES_OFF,speed_distance_DIST_MILES_DEF,speed_distance_AVG_SPEED,speed_distance_AVG_SPEED_OFF,speed_distance_AVG_SPEED_DEF,season
1630168,Onyeka Okongwu,Onyeka,1610612737,ATL,20.0,1,0,1,0.0,9.773333333333332,2,3,0.667,0,0,0.0,0,2,0.0,1,1,2,0,0,0,1,0,0,1,4,-6,9.4,0,0,8.0,1,24,24,24,29,22,27,6,23,29,23,20,15,20,13,25,24,26,18,17,3,1,1,20,26,32,26,8,1,27,12,0.171,2.0,3.0,59.2,25,99.0,11,105.59,38,0.667,66.7,35,-24.2,21,26,21,11,36,90.9,12,0.077,1,105.59,90.9,0.067,0.148,0.0,-24.2,16,107.66,10,22,24,0.0,26,87.99,5,0.0,0.059,1,20,0.0,66.7,22,0.151,14,13,36,3,0.515,35,0.0,27,-39.8,36,0.0,0.0,0.0,1.0,0.0,2.0,1.0,0.0,0.0,0.0,0.0,0.0,2.0,0.0,0.0,0.0,0.0,0.0,0.0,0.0,0.0,0.0,0.0,0.0,,0.0,0.0,0.0,0.0,0.0,0.0,,0.0,,2.0,3.0,0.0,,ATL,,0.667,0.0,0.0,0.0,0.0,0.0,0.0,,0.0,0.0,0.0,0.0,2021,20210618,8.0,0.0,6.0,0.0,0.0,0.0,0.0,0.0,0.0,0.0,0.0,0.0,0.0,0.0,0.0,0.0,0.0,0.0,0.0,0.0,0.0,0.0,0.0,0.0,0.0,0.0,12.0,0.0,5.0,0.0,4.0,4.0,1.0,0.08,0.0,0.96,0.0,0.2,0.333,0.286,0.0,2.9,0.0,3.0,0.0,0.0,0.0,0.25,2.8,2.6,0.0,0.25,0.0,2.0,0.0,0.333,0.0,4.0,1.0,0.286,0.333,1.0,7.0,0.333,1.0,0.0,0.0,1.0,1.0,ATL,1.0,,0.0,1.0,1.0,1610612737.0,1.0,0.333,1.0,,,,,,,,,,,,,,0.667,0.0,2.0,1.0,0.5,2.0,0.0,0.5,,0.5,1.0,0.0,0.667,,,,,,,,,,,,,,,0.0,,,0.0,,0.0,,0.667,0.0,0.0,0.0,0.0,0.667,0.0,4.0,0.0,-0.145,21.0,0.622,0.476,10.0,F-C,0.447,0.0,,,,0.0,,,,PHI,ATL,1610612755,ATL_PHI_2021,42000206,Onyeka Okongwu,1610612737.0,ATL,F-C,20.0,1.0,1.0,1.0,2.0,7.0,0.286,0.477,-0.191,Onyeka Okongwu,1610612737.0,ATL,F-C,20.0,1.0,1.0,0.571,1.0,4.0,0.25,0.379,-0.129,Onyeka Okongwu,1610612737.0,ATL,F-C,20.0,1.0,1.0,0.429,1.0,3.0,0.333,0.529,-0.196,Onyeka Okongwu,1610612737.0,ATL,F-C,20.0,1.0,1.0,0.143,0.0,1.0,0.0,0.64,-0.64,Onyeka Okongwu,1610612737.0,ATL,F-C,20.0,1.0,1.0,0.143,0.0,1.0,0.0,0.589,-0.589,Onyeka Okongwu,1610612737.0,ATL,F-C,20.0,1.0,1.0,0.714,2.0,5.0,0.4,0.4,0.0,Onyeka Okongwu,1610612737.0,ATL,20.0,1.0,9.8,8.0,6.0,2.0,0.0,0.0,3.0,6.0,0.0,0.0,0.0,0.0,0.0,0.0,2.0,2.0,2.0,0.0,0.0,1.0,1.0,0.0,Onyeka Okongwu,1610612737,ATL,1,0,1,9.8,12.0,0.0,0.0,0.0,0.0,0.0,0.0,0.0,0.0,0.0,0.0,0.0,0.0,0.0,0.0,0.0,0.0,0.0,Onyeka Okongwu,1610612737,ATL,1,0,1,9.77,9.77,3880.0,0.73,0.39,0.35,3.96,4.55,3.38,2020_21
203991,Clint Capela,Clint,1610612737,ATL,27.0,1,0,1,0.0,37.89333333333333,6,10,0.6,0,0,0.0,2,6,0.333,3,8,11,1,1,0,0,1,2,5,14,-1,27.7,1,0,26.0,1,24,24,24,11,12,15,10,23,29,23,12,4,19,4,3,2,18,12,17,12,32,18,4,15,22,16,1,1,16,19,0.111,6.0,10.0,100.1,13,103.7,26,98.8,23,0.6,106.6,21,4.1,18,23,76,26,15,102.5,19,0.17,30,98.8,102.5,0.124,0.161,6.7,4.1,9,101.31,13,12,10,6.8,21,82.34,17,0.042,0.071,30,15,1.0,106.6,20,0.157,20,9,15,20,0.554,21,6.7,15,-3.6,26,0.0,0.0,0.0,0.667,0.0,9.0,1.0,0.0,0.0,0.0,0.0,0.0,6.0,0.0,0.0,0.0,0.0,0.0,0.0,0.0,0.0,0.0,0.0,0.0,,0.0,0.0,0.0,0.0,0.0,0.0,,0.0,0.0,6.0,10.0,0.0,0.0,ATL,0.0,0.6,0.0,0.0,0.0,0.0,0.0,0.0,,0.0,0.0,0.0,0.0,2021,20210618,33.0,0.03,25.0,0.0,2.0,1.0,0.061,1.0,2.0,0.0,0.0,0.0,0.0,0.0,0.0,0.0,0.0,0.0,0.0,0.0,0.0,0.0,0.0,0.0,0.0,0.0,46.0,0.0,28.0,2.0,14.0,15.0,0.867,0.24,0.5,1.26,0.0,1.0,0.304,0.611,1.0,7.4,0.333,6.0,0.182,2.0,0.125,0.667,6.7,6.5,2.0,0.8,2.0,9.0,1.0,0.5,0.0,12.0,2.0,0.688,0.5,7.0,18.0,0.2,0.5,0.0,0.0,1.0,0.5,ATL,2.0,,0.0,1.0,1.0,1610612737.0,2.0,0.2,0.5,5.0,0.5,0.4,0.5,5.0,0.4,0.0,,2.0,0.0,0.4,0.0,2.0,0.3,0.0,3.0,3.0,1.0,3.0,0.0,1.0,,1.0,3.0,0.0,0.3,,,,,,,,,,,,,,,0.0,,,0.0,0.0,1.0,0.0,0.6,0.0,0.0,0.0,0.0,0.6,1.0,13.0,0.0,-0.056,74.0,0.638,0.581,43.0,C,0.352,0.0,,,,0.0,,,,PHI,ATL,1610612755,ATL_PHI_2021,42000206,Clint Capela,1610612737.0,ATL,C,27.0,1.0,1.0,1.0,14.0,34.0,0.412,0.507,-0.095,Clint Capela,1610612737.0,ATL,C,27.0,1.0,1.0,0.147,2.0,5.0,0.4,0.381,0.019,Clint Capela,1610612737.0,ATL,C,27.0,1.0,1.0,0.853,12.0,29.0,0.414,0.539,-0.125,Clint Capela,1610612737.0,ATL,C,27.0,1.0,1.0,0.441,8.0,15.0,0.533,0.658,-0.125,Clint Capela,1610612737.0,ATL,C,27.0,1.0,1.0,0.529,8.0,18.0,0.444,0.596,-0.152,Clint Capela,1610612737.0,ATL,C,27.0,1.0,1.0,0.382,3.0,13.0,0.231,0.414,-0.183,Clint Capela,1610612737.0,ATL,27.0,1.0,37.9,23.0,21.0,2.0,1.0,1.0,9.0,23.0,1.0,0.0,1.0,1.0,0.0,0.0,3.0,3.0,3.0,1.0,0.0,1.0,1.0,0.333,Clint Capela,1610612737,ATL,1,0,1,37.9,46.0,0.0,0.0,0.0,0.0,0.0,0.0,0.0,0.0,0.0,0.0,0.0,0.0,0.0,0.0,0.0,0.0,0.0,Clint Capela,1610612737,ATL,1,0,1,37.9,37.9,13532.0,2.56,1.29,1.28,3.88,4.17,3.62,2020_21
201568,Danilo Gallinari,Danilo,1610612737,ATL,32.0,1,0,1,0.0,23.386666666666667,5,10,0.5,2,5,0.4,4,4,1.0,0,1,1,0,0,0,0,0,4,3,16,-3,17.2,0,0,19.0,1,24,24,24,23,14,15,12,10,13,13,4,6,1,21,25,32,26,18,17,12,1,35,9,12,26,19,8,1,19,14,0.139,5.0,10.0,88.2,32,103.5,17,102.62,32,0.6,90.2,32,-9.8,14,26,51,17,31,100.0,14,0.034,1,102.62,100.0,0.016,0.194,0.0,-9.8,16,102.13,13,14,34,0.0,26,85.52,11,0.0,0.0,1,10,0.0,90.2,15,0.202,18,21,31,17,0.68,32,0.0,15,-15.3,32,0.0,0.0,1.0,1.0,0.0,2.0,0.0,3.0,2.0,5.0,0.333,0.0,2.0,0.0,0.0,0.0,0.0,0.0,0.0,0.0,0.4,0.0,0.0,0.0,,0.0,0.0,1.0,0.0,0.0,1.0,,0.4,,2.0,2.0,2.0,,ATL,,1.0,1.0,0.0,0.0,5.0,0.0,0.0,,0.0,0.0,0.0,2.0,2021,20210618,14.0,0.0,19.0,0.0,0.0,2.0,0.0,0.0,0.0,0.0,0.0,0.0,2.0,0.5,0.0,0.0,0.0,0.0,1.0,1.0,1.0,1.0,0.0,2.0,0.0,1.0,26.0,0.667,19.0,1.0,16.0,1.0,2.0,1.31,2.0,2.8,3.0,1.2,0.615,0.25,0.0,0.0,0.0,0.0,0.0,0.0,0.0,0.25,7.8,7.8,0.0,0.25,0.0,1.0,0.0,0.0,0.0,4.0,0.0,0.25,0.0,1.0,4.0,0.1,1.0,0.0,0.0,1.0,1.0,ATL,1.0,,0.0,1.0,1.0,1610612737.0,1.0,0.1,1.0,5.0,0.5,0.667,0.3,3.0,0.4,2.0,0.0,2.0,0.0,0.4,0.2,2.0,0.2,1.0,2.0,0.0,0.75,1.0,0.1,0.5,1.0,0.0,1.0,1.0,0.1,0.0,0.5,2.0,0.75,0.0,1.0,0.0,0.2,1.0,0.2,0.5,2.0,,0.0,1.0,2.0,0.0,2.0,0.25,4.0,0.25,0.6,0.5,0.5,0.0,2.0,1.0,2.0,2.0,6.0,-0.038,44.0,0.606,0.568,25.0,F,0.367,3.0,2.0,1.0,3.0,2.0,0.667,,,PHI,ATL,1610612755,ATL_PHI_2021,42000206,Danilo Gallinari,1610612737.0,ATL,F,32.0,1.0,1.0,1.0,6.0,12.0,0.5,0.485,0.015,Danilo Gallinari,1610612737.0,ATL,F,32.0,1.0,1.0,0.417,2.0,5.0,0.4,0.382,0.018,Danilo Gallinari,1610612737.0,ATL,F,32.0,1.0,1.0,0.583,4.0,7.0,0.571,0.537,0.034,Danilo Gallinari,1610612737.0,ATL,F,32.0,1.0,1.0,0.167,2.0,2.0,1.0,0.59,0.41,Danilo Gallinari,1610612737.0,ATL,F,32.0,1.0,1.0,0.333,4.0,4.0,1.0,0.58,0.421,Danilo Gallinari,1610612737.0,ATL,F,32.0,1.0,1.0,0.583,2.0,7.0,0.286,0.387,-0.102,Danilo Gallinari,1610612737.0,ATL,32.0,1.0,23.4,7.0,5.0,2.0,1.0,0.0,0.0,0.0,0.0,1.0,1.0,0.0,1.0,0.0,1.0,1.0,1.0,0.0,0.0,1.0,1.0,0.0,Danilo Gallinari,1610612737,ATL,1,0,1,23.4,26.0,3.0,1.0,2.0,0.5,0.0,0.0,0.0,2.0,0.667,1.0,0.333,0.0,0.0,0.0,0.0,0.0,0.0,Danilo Gallinari,1610612737,ATL,1,0,1,23.38,23.38,8548.0,1.62,0.86,0.76,3.81,4.55,3.61,2020_21
1628381,John Collins,John,1610612737,ATL,23.0,1,0,1,0.0,37.14333333333333,2,8,0.25,0,3,0.0,3,3,1.0,1,9,10,0,2,0,0,0,2,6,7,7,17.0,0,0,17.0,1,24,24,24,13,22,19,29,23,19,23,7,13,1,13,1,4,26,7,17,12,1,18,3,19,11,20,8,1,20,14,0.052,2.0,8.0,103.7,10,101.4,16,102.74,16,0.25,107.5,18,7.5,24,26,80,16,13,100.0,14,0.188,37,102.74,100.0,0.112,0.121,0.0,7.5,16,103.93,29,22,12,17.7,26,85.61,26,0.0,0.024,37,27,0.0,107.5,24,0.127,16,20,13,8,0.376,18,18.2,19,2.3,22,0.0,0.0,1.0,1.0,0.0,1.0,2.0,2.0,0.0,3.0,0.5,0.0,1.0,0.0,0.0,0.0,0.0,0.0,0.0,0.0,0.0,0.0,0.0,0.0,,1.0,0.0,0.0,0.0,0.0,0.0,,0.0,0.0,1.0,2.0,0.0,0.0,ATL,0.0,0.5,0.0,0.0,2.0,3.0,0.5,1.0,,0.0,0.0,0.0,0.0,2021,20210618,36.0,0.0,24.0,0.0,0.0,2.0,0.0,0.0,0.0,0.0,0.0,0.0,1.0,0.0,0.0,0.0,0.0,0.0,0.0,0.0,0.0,1.0,0.0,0.0,0.0,0.0,50.0,1.0,26.0,2.0,7.0,4.0,1.0,0.3,0.0,1.14,2.0,1.0,0.14,0.476,0.0,50.4,0.0,6.0,0.0,2.0,0.0,0.529,13.7,9.6,0.0,0.6,2.0,10.0,0.0,0.167,0.0,17.0,1.0,0.526,0.167,9.0,21.0,0.125,1.0,0.0,0.0,1.0,1.0,ATL,1.0,,0.0,1.0,1.0,1610612737.0,1.0,0.125,1.0,3.0,0.375,0.333,0.375,3.0,0.333,0.0,,1.0,0.0,0.333,0.0,1.0,0.125,1.0,1.0,0.0,0.0,0.0,0.125,0.0,0.0,,0.0,0.0,0.0,1.0,0.0,2.0,0.0,0.0,0.0,0.125,0.25,0.0,0.375,0.0,3.0,0.0,0.0,0.0,0.0,,0.0,,0.0,,0.25,0.167,1.0,0.0,2.0,1.0,0.0,4.0,2.0,0.079,58.0,0.61,0.69,40.0,F-C,0.4,6.0,0.0,0.167,3.0,1.0,0.0,,,PHI,ATL,1610612755,ATL_PHI_2021,42000206,John Collins,1610612737.0,ATL,F-C,23.0,1.0,1.0,1.0,9.0,14.0,0.643,0.504,0.139,John Collins,1610612737.0,ATL,F-C,23.0,1.0,1.0,0.214,1.0,3.0,0.333,0.361,-0.028,John Collins,1610612737.0,ATL,F-C,23.0,1.0,1.0,0.786,8.0,11.0,0.727,0.538,0.19,John Collins,1610612737.0,ATL,F-C,23.0,1.0,1.0,0.357,4.0,5.0,0.8,0.65,0.15,John Collins,1610612737.0,ATL,F-C,23.0,1.0,1.0,0.643,7.0,9.0,0.778,0.587,0.191,John Collins,1610612737.0,ATL,F-C,23.0,1.0,1.0,0.286,2.0,4.0,0.5,0.403,0.097,John Collins,1610612737.0,ATL,23.0,1.0,37.2,14.0,11.0,3.0,0.0,0.0,0.0,0.0,0.0,0.0,0.0,0.0,0.0,1.0,2.0,3.0,3.0,2.0,0.333,0.667,1.0,0.667,John Collins,1610612737,ATL,1,0,1,37.2,50.0,2.0,1.0,1.0,1.0,0.0,0.0,0.0,2.0,1.0,1.0,0.5,0.0,0.0,0.0,0.0,0.0,0.0,John Collins,1610612737,ATL,1,0,1,37.15,37.15,12771.0,2.42,1.26,1.16,3.65,4.2,3.45,2020_21
1628989,Kevin Huerter,Kevin,1610612737,ATL,22.0,1,0,1,0.0,44.21666666666667,7,15,0.467,2,6,0.333,1,2,0.5,2,9,11,4,0,1,1,0,3,3,17,-6,42.2,1,0,38.0,1,24,24,24,2,11,9,15,10,7,15,18,15,16,8,1,2,6,18,11,3,1,28,9,11,32,6,1,1,9,20,0.147,7.0,15.0,95.0,14,104.0,18,101.5,27,0.533,98.9,27,-5.3,21,10,93,18,27,104.3,20,0.164,1,101.5,104.3,0.103,0.148,20.0,-5.3,16,103.69,17,11,14,0.0,10,84.58,10,0.143,0.038,1,17,0.0,98.9,21,0.152,21,15,27,9,0.535,27,0.0,9,-8.9,29,0.0,0.0,0.0,0.5,2.0,2.0,6.0,1.0,1.0,4.0,0.0,0.5,1.0,0.5,0.0,1.0,1.0,0.0,0.667,4.0,0.25,2.0,0.0,0.0,,2.0,0.667,1.0,2.0,0.0,0.0,,0.0,0.0,1.0,2.0,3.0,0.0,ATL,0.0,0.5,0.0,0.0,4.0,3.0,0.5,2.0,,1.0,0.0,2.0,0.0,2021,20210618,37.0,0.108,35.0,0.0,11.0,5.0,0.108,0.0,4.0,0.0,0.0,0.0,6.0,0.167,0.0,0.0,0.0,0.0,0.4,2.0,1.0,5.0,0.0,4.0,0.0,0.667,55.0,0.0,35.0,2.0,17.0,3.0,1.333,1.58,0.0,2.42,0.0,2.2,0.309,0.688,1.0,8.4,0.5,4.0,0.273,0.0,0.222,0.692,6.8,6.4,3.0,0.692,0.0,8.0,2.0,0.5,0.0,13.0,1.0,0.688,0.5,7.0,16.0,0.067,1.0,0.0,0.0,1.0,1.0,ATL,1.0,,0.0,1.0,1.0,1610612737.0,1.0,0.067,1.0,5.0,0.333,0.333,0.2,3.0,0.2,2.0,0.0,1.0,0.0,0.2,0.133,1.0,0.333,1.0,5.0,2.0,0.4,4.0,0.067,0.4,0.0,0.5,2.0,0.0,0.267,1.0,0.75,3.0,1.0,1.0,2.0,0.067,0.2,3.0,0.267,0.667,4.0,1.0,0.0,2.0,2.0,0.0,4.0,0.333,6.0,0.333,0.533,0.5,0.0,0.0,0.0,1.0,0.0,4.0,6.0,0.057,39.0,0.61,0.667,26.0,G-F,0.32,4.0,2.0,0.75,4.0,2.0,0.5,,,PHI,ATL,1610612755,ATL_PHI_2021,42000206,Kevin Huerter,1610612737.0,ATL,G-F,22.0,1.0,1.0,1.0,4.0,11.0,0.364,0.474,-0.11,Kevin Huerter,1610612737.0,ATL,G-F,22.0,1.0,1.0,0.364,1.0,4.0,0.25,0.397,-0.147,Kevin Huerter,1610612737.0,ATL,G-F,22.0,1.0,1.0,0.636,3.0,7.0,0.429,0.514,-0.085,Kevin Huerter,1610612737.0,ATL,G-F,22.0,1.0,1.0,0.273,2.0,3.0,0.667,0.611,0.056,Kevin Huerter,1610612737.0,ATL,G-F,22.0,1.0,1.0,0.364,2.0,4.0,0.5,0.55,-0.05,Kevin Huerter,1610612737.0,ATL,G-F,22.0,1.0,1.0,0.455,1.0,5.0,0.2,0.422,-0.222,Kevin Huerter,1610612737.0,ATL,22.0,1.0,44.2,4.0,1.0,3.0,3.0,0.0,0.0,0.0,0.0,0.0,0.0,0.0,0.0,0.0,1.0,1.0,1.0,1.0,0.0,1.0,1.0,1.0,Kevin Huerter,1610612737,ATL,1,0,1,44.2,55.0,0.0,0.0,0.0,0.0,0.0,0.0,0.0,0.0,0.0,0.0,0.0,0.0,0.0,0.0,0.0,0.0,0.0,Kevin Huerter,1610612737,ATL,1,0,1,44.22,44.22,17018.0,3.22,1.63,1.59,4.06,4.29,3.85,2020_21
101150,Lou Williams,Lou,1610612737,ATL,34.0,1,0,1,0.0,11.19,0,5,0.0,0,1,0.0,0,0,0.0,0,3,3,1,2,0,0,1,3,0,0,-10,3.1,0,0,4.0,1,24,24,24,28,31,24,31,23,27,23,20,23,20,21,15,20,18,7,17,12,32,28,27,31,38,32,8,1,31,25,-0.226,0.0,5.0,66.3,6,117.0,14,105.09,39,0.0,65.4,36,-52.0,13,10,26,14,39,117.4,25,0.25,41,105.09,117.4,0.1,0.219,12.5,-52.0,12,104.49,31,31,15,25.0,16,87.58,40,0.143,0.0,41,31,0.5,65.4,7,0.253,24,21,39,7,0.0,36,25.0,24,-50.7,35,0.0,0.0,0.0,0.0,0.0,1.0,1.0,2.0,0.0,1.0,0.0,0.0,0.0,0.0,0.0,0.0,0.0,0.0,0.0,0.0,0.0,0.0,0.0,0.0,,0.0,0.0,1.0,0.0,0.0,0.0,,0.0,,0.0,1.0,0.0,,ATL,,0.0,0.0,0.0,2.0,1.0,0.0,0.0,,0.0,0.0,0.0,0.0,2021,20210618,14.0,0.071,16.0,1.0,2.0,2.0,0.143,0.0,2.0,0.4,0.0,0.0,5.0,0.4,2.0,0.2,0.0,0.0,0.0,0.0,2.0,1.0,0.0,0.0,1.0,0.0,23.0,0.0,7.0,0.0,0.0,0.0,0.0,4.13,0.0,5.35,0.0,2.1,0.0,0.6,0.0,0.0,0.0,1.0,0.333,0.0,0.333,0.75,6.3,6.3,1.0,0.75,0.0,2.0,1.0,0.0,0.0,4.0,0.0,0.6,0.0,2.0,5.0,0.2,0.0,0.0,0.0,0.0,0.0,ATL,1.0,,0.0,0.0,1.0,1610612737.0,1.0,0.2,0.0,2.0,0.4,0.0,0.4,2.0,0.0,0.0,,0.0,0.0,0.0,0.0,0.0,0.4,1.0,2.0,0.0,0.0,1.0,0.2,0.0,0.0,0.0,0.0,0.0,0.2,,,,,,,,,,,,,,0.0,0.0,1.0,0.0,0.0,0.0,4.0,0.0,0.0,0.0,0.0,0.0,0.0,0.0,0.0,0.0,0.0,-0.206,13.0,0.591,0.385,5.0,G,0.302,0.0,0.0,,0.0,0.0,,,,PHI,ATL,1610612755,ATL_PHI_2021,42000206,Lou Williams,1610612737.0,ATL,G,34.0,1.0,1.0,1.0,1.0,2.0,0.5,0.483,0.017,,,,,,,,,,,,,,Lou Williams,1610612737.0,ATL,G,34.0,1.0,1.0,1.0,1.0,2.0,0.5,0.523,-0.023,Lou Williams,1610612737.0,ATL,G,34.0,1.0,1.0,1.0,1.0,2.0,0.5,0.606,-0.106,Lou Williams,1610612737.0,ATL,G,34.0,1.0,1.0,1.0,1.0,2.0,0.5,0.562,-0.062,,,,,,,,,,,,,,,,,,,,,,,,,,,,,,,,,,,,,,,,,Lou Williams,1610612737,ATL,1,0,1,11.2,23.0,0.0,0.0,0.0,0.0,0.0,0.0,0.0,0.0,0.0,0.0,0.0,0.0,0.0,0.0,0.0,0.0,0.0,Lou Williams,1610612737,ATL,1,0,1,11.18,11.18,4265.0,0.81,0.44,0.37,3.91,3.87,3.95,2020_21
1629027,Trae Young,Trae,1610612737,ATL,22.0,1,0,1,0.0,40.17666666666667,13,30,0.433,5,10,0.5,3,5,0.6,0,5,5,12,4,3,0,2,4,4,34,7,63.0,1,0,62.0,1,24,24,24,5,2,1,18,4,2,8,7,5,15,21,10,12,1,3,1,12,40,35,5,3,11,2,1,1,2,13,0.208,13.0,30.0,102.3,23,100.1,21,100.95,17,0.517,108.3,17,9.5,1,1,84,21,12,98.8,13,0.098,32,100.95,98.8,0.052,0.375,25.0,9.5,3,103.25,18,2,26,8.3,6,84.13,1,0.545,0.0,32,18,3.0,108.3,1,0.381,15,21,12,10,0.528,17,8.3,1,2.2,23,0.0,0.0,2.0,0.8,0.0,5.0,10.0,5.0,5.0,10.0,0.4,0.0,4.0,0.0,0.0,0.0,0.0,0.0,0.2,2.0,0.5,0.0,0.0,0.0,,1.0,0.0,2.0,0.0,0.0,0.5,,0.5,1.0,4.0,6.0,2.0,1.0,ATL,1.0,0.667,1.0,0.0,6.0,8.0,0.167,5.0,,0.4,0.0,2.0,4.0,2021,20210618,64.0,0.188,83.0,1.0,27.0,19.0,0.203,0.0,13.0,0.0,0.0,0.0,27.0,0.444,0.0,0.259,0.0,0.0,0.333,5.0,12.0,15.0,0.0,10.0,7.0,0.37,105.0,0.0,35.0,1.0,34.0,0.0,0.0,5.3,0.0,5.73,0.0,10.0,0.324,0.313,0.0,0.0,0.0,5.0,0.2,1.0,0.2,0.455,10.0,10.0,1.0,0.5,1.0,4.0,1.0,0.0,0.0,11.0,0.0,0.333,0.0,4.0,16.0,0.1,1.0,0.0,0.0,3.0,1.0,ATL,3.0,,0.0,3.0,1.0,1610612737.0,3.0,0.1,1.0,12.0,0.4,0.333,0.4,12.0,0.333,0.0,,4.0,0.0,0.333,0.0,4.0,0.467,9.0,14.0,1.0,0.5,5.0,0.3,0.357,0.444,0.2,5.0,4.0,0.167,0.0,1.0,1.0,1.5,0.0,1.0,0.0,0.033,1.0,0.033,1.0,1.0,,4.0,6.0,9.0,0.444,16.0,0.333,18.0,0.444,0.517,1.0,0.0,0.0,0.0,0.0,0.0,0.0,3.0,0.264,23.0,0.606,0.87,20.0,G,0.253,1.0,1.0,1.5,1.0,1.0,1.0,,,PHI,ATL,1610612755,ATL_PHI_2021,42000206,Trae Young,1610612737.0,ATL,G,22.0,1.0,1.0,1.0,3.0,8.0,0.375,0.42,-0.045,Trae Young,1610612737.0,ATL,G,22.0,1.0,1.0,0.5,1.0,4.0,0.25,0.391,-0.141,Trae Young,1610612737.0,ATL,G,22.0,1.0,1.0,0.5,2.0,4.0,0.5,0.473,0.027,Trae Young,1610612737.0,ATL,G,22.0,1.0,1.0,0.25,2.0,2.0,1.0,0.603,0.397,Trae Young,1610612737.0,ATL,G,22.0,1.0,1.0,0.25,2.0,2.0,1.0,0.519,0.481,Trae Young,1610612737.0,ATL,G,22.0,1.0,1.0,0.5,1.0,4.0,0.25,0.401,-0.151,Trae Young,1610612737.0,ATL,22.0,1.0,40.2,1.0,1.0,0.0,2.0,0.0,1.0,2.0,0.0,1.0,1.0,0.0,1.0,0.0,0.0,0.0,0.0,0.0,0.0,0.0,0.0,0.0,Trae Young,1610612737,ATL,1,0,1,40.2,105.0,0.0,0.0,0.0,0.0,0.0,0.0,0.0,0.0,0.0,0.0,0.0,0.0,0.0,0.0,0.0,0.0,0.0,Trae Young,1610612737,ATL,1,0,1,40.18,40.18,15051.0,2.85,1.57,1.28,4.07,4.77,3.44,2020_21
203992,Bogdan Bogdanovic,Bogdan,1610612737,ATL,28.0,1,0,1,0.0,28.616666666666667,3,11,0.273,1,6,0.167,0,2,0.0,0,2,2,1,3,2,1,1,2,2,7,0,16.9,0,0,17.0,1,24,24,24,18,18,14,28,15,7,21,20,15,20,21,21,24,18,5,5,3,32,18,17,19,15,21,8,1,20,17,-0.026,3.0,11.0,92.1,28,103.7,25,98.96,29,0.318,101.7,25,0.0,11,22,59,25,17,101.7,17,0.056,38,98.96,101.7,0.029,0.224,6.3,0.0,14,103.19,28,18,33,18.9,22,82.47,36,0.045,0.0,38,29,0.33,101.7,13,0.222,19,21,17,11,0.295,25,18.8,14,-11.6,30,0.0,0.0,0.0,0.0,2.0,0.0,3.0,2.0,0.0,4.0,0.0,0.5,0.0,0.5,0.0,1.0,1.0,0.0,0.667,2.0,0.0,2.0,0.0,0.0,,0.0,0.333,2.0,1.0,0.0,0.0,,0.0,0.0,1.0,1.0,3.0,0.0,ATL,0.0,1.0,0.0,0.0,0.0,3.0,0.0,2.0,,0.5,0.0,1.0,0.0,2021,20210618,27.0,0.037,28.0,1.0,3.0,3.0,0.074,0.0,2.0,0.333,0.0,0.0,3.0,0.0,1.0,0.0,0.0,0.0,0.5,1.0,0.0,2.0,0.0,2.0,0.0,0.667,43.0,0.0,28.0,1.0,7.0,0.0,0.0,1.42,0.0,2.18,0.0,1.6,0.163,0.182,0.0,0.0,0.0,2.0,0.5,1.0,0.5,0.222,5.3,5.3,1.0,0.25,1.0,1.0,1.0,0.0,0.0,9.0,0.0,0.2,0.0,1.0,11.0,0.091,0.0,0.0,0.0,0.0,0.0,ATL,1.0,,0.0,0.0,1.0,1610612737.0,1.0,0.091,0.0,3.0,0.273,0.5,0.182,2.0,0.333,1.0,0.0,1.0,0.0,0.333,0.091,1.0,0.545,4.0,6.0,1.0,0.417,2.0,0.364,0.333,0.25,0.5,2.0,1.0,0.182,0.0,0.0,1.0,0.0,0.0,0.0,0.0,0.091,0.0,0.091,0.0,1.0,,1.0,2.0,4.0,0.25,5.0,0.25,8.0,0.313,0.318,0.0,0.0,0.0,0.0,0.0,0.0,0.0,0.0,-0.056,58.0,0.608,0.552,32.0,G,0.36,2.0,0.0,0.0,2.0,0.0,0.0,,,PHI,ATL,1610612755,ATL_PHI_2021,42000206,Bogdan Bogdanović,1610612737.0,ATL,G,28.0,1.0,1.0,1.0,6.0,18.0,0.333,0.496,-0.163,Bogdan Bogdanović,1610612737.0,ATL,G,28.0,1.0,1.0,0.333,4.0,6.0,0.667,0.407,0.26,Bogdan Bogdanović,1610612737.0,ATL,G,28.0,1.0,1.0,0.667,2.0,12.0,0.167,0.536,-0.37,Bogdan Bogdanović,1610612737.0,ATL,G,28.0,1.0,1.0,0.444,2.0,8.0,0.25,0.647,-0.397,Bogdan Bogdanović,1610612737.0,ATL,G,28.0,1.0,1.0,0.556,2.0,10.0,0.2,0.589,-0.389,Bogdan Bogdanović,1610612737.0,ATL,G,28.0,1.0,1.0,0.389,4.0,7.0,0.571,0.415,0.156,Bogdan Bogdanović,1610612737.0,ATL,28.0,1.0,28.6,6.0,4.0,2.0,2.0,0.0,0.0,0.0,1.0,2.0,3.0,0.333,0.667,0.0,0.0,0.0,0.0,0.0,0.0,0.0,0.0,0.0,Bogdan Bogdanović,1610612737,ATL,1,0,1,28.6,43.0,0.0,0.0,0.0,0.0,0.0,0.0,0.0,0.0,0.0,0.0,0.0,0.0,0.0,0.0,0.0,0.0,0.0,Bogdan Bogdanović,1610612737,ATL,1,0,1,28.62,28.62,11549.0,2.19,1.18,1.01,4.36,4.86,3.87,2020_21
203524,Solomon Hill,Solomon,1610612737,ATL,30.0,1,0,1,0.0,7.603333333333333,0,0,0.0,0,0,0.0,0,0,0.0,1,1,2,0,0,0,0,0,2,0,0,-13,2.4,0,0,2.0,1,24,24,24,32,31,35,31,23,29,23,20,23,20,13,25,24,26,18,17,12,1,18,27,31,40,34,8,1,33,24,-0.037,0.0,0.0,48.1,21,123.8,8,107.32,42,0.0,50.0,37,-66.7,35,26,16,8,42,116.7,24,0.111,1,107.32,116.7,0.091,0.0,0.0,-66.7,16,106.06,31,31,20,0.0,26,89.43,37,0.0,0.077,1,31,0.0,50.0,35,0.0,28,8,42,6,0.0,37,0.0,35,-75.7,37,0.0,0.0,0.0,0.0,0.0,0.0,0.0,0.0,0.0,0.0,0.0,0.0,0.0,0.0,0.0,0.0,0.0,0.0,0.0,0.0,0.0,0.0,0.0,0.0,,0.0,0.0,0.0,0.0,0.0,0.0,,0.0,0.0,0.0,0.0,0.0,0.0,ATL,0.0,0.0,0.0,0.0,0.0,0.0,0.0,0.0,,0.0,0.0,0.0,0.0,2021,20210618,6.0,0.0,3.0,1.0,0.0,2.0,0.167,0.0,1.0,0.0,0.0,0.0,0.0,0.0,0.0,0.0,0.0,0.0,0.0,0.0,0.0,0.0,0.0,0.0,0.0,0.0,6.0,0.0,2.0,0.0,0.0,1.0,0.0,0.33,0.0,1.16,0.0,0.1,0.0,0.25,1.0,4.2,1.0,5.0,0.5,0.0,0.0,0.333,6.7,9.2,1.0,0.333,0.0,1.0,0.0,0.2,0.0,3.0,0.0,0.25,0.2,1.0,8.0,,,,,,,,,,,,,,,,,,,,,,,,,,,,,,,,,,,,,,,,,,,,,,,,,,,,,,,,,0.0,,,0.0,,0.0,,0.0,0.0,0.0,0.0,0.0,0.0,0.0,0.0,0.0,-0.156,6.0,0.656,0.5,3.0,F,0.222,0.0,,,,0.0,,,,PHI,ATL,1610612755,ATL_PHI_2021,42000206,Solomon Hill,1610612737.0,ATL,F,30.0,1.0,1.0,1.0,0.0,1.0,0.0,0.507,-0.507,,,,,,,,,,,,,,Solomon Hill,1610612737.0,ATL,F,30.0,1.0,1.0,1.0,0.0,1.0,0.0,0.541,-0.541,Solomon Hill,1610612737.0,ATL,F,30.0,1.0,1.0,1.0,0.0,1.0,0.0,0.64,-0.64,Solomon Hill,1610612737.0,ATL,F,30.0,1.0,1.0,1.0,0.0,1.0,0.0,0.589,-0.589,,,,,,,,,,,,,,Solomon Hill,1610612737.0,ATL,30.0,1.0,7.6,0.0,0.0,0.0,0.0,0.0,0.0,0.0,0.0,0.0,0.0,0.0,0.0,1.0,0.0,1.0,0.0,0.0,1.0,0.0,0.0,0.0,Solomon Hill,1610612737,ATL,1,0,1,7.6,6.0,0.0,0.0,0.0,0.0,0.0,0.0,0.0,0.0,0.0,0.0,0.0,0.0,0.0,0.0,0.0,0.0,0.0,Solomon Hill,1610612737,ATL,1,0,1,7.6,7.6,3057.0,0.58,0.29,0.29,4.36,4.53,4.2,2020_21
1629003,Shake Milton,Shake,1610612755,PHI,24.0,1,1,0,1.0,4.323333333333333,0,2,0.0,0,2,0.0,0,0,0.0,0,0,0,0,0,0,0,0,0,0,0,-1,0.0,0,0,0.0,1,1,1,1,37,31,30,31,23,22,23,20,23,20,21,35,35,26,18,17,12,1,1,27,31,22,37,8,1,37,11,-0.333,0.0,2.0,75.1,35,72.7,13,105.47,15,0.0,70.0,34,-18.9,15,26,10,13,33,88.9,11,0.0,1,105.47,88.9,0.0,0.182,0.0,-18.9,16,112.8,31,31,35,0.0,26,87.9,41,0.0,0.0,1,31,0.0,70.0,14,0.215,8,21,33,1,0.0,34,0.0,30,2.4,34,,,0.0,0.0,1.0,0.0,0.0,0.0,0.0,1.0,0.0,0.0,0.0,0.0,,0.0,0.0,,0.0,0.0,0.0,1.0,,,,0.0,0.0,0.0,0.0,,0.0,,0.0,,0.0,0.0,2.0,,PHI,,0.0,0.0,,0.0,0.0,0.0,0.0,,0.0,,0.0,0.0,2021,20210618,2.0,0.0,4.0,0.0,0.0,0.0,0.0,0.0,0.0,0.0,0.0,0.0,1.0,1.0,0.0,0.0,0.0,0.0,0.0,0.0,1.0,0.0,0.0,0.0,0.0,0.0,4.0,0.0,3.0,0.0,0.0,0.0,0.0,6.25,0.0,5.91,0.0,0.4,0.0,,,,,,,,,,,,,,,,,,,,,,,,,,,,,,,,,,,,,,,,,,,,,,,,,,,,,,1.0,2.0,2.0,0.0,0.0,0.0,1.0,0.0,0.0,,0.0,0.0,0.0,,,,,,,,,,,,,,0.0,0.0,2.0,0.0,0.0,0.0,2.0,0.0,0.0,0.0,0.0,0.0,0.0,0.0,0.0,0.0,0.0,-0.063,15.0,0.597,0.533,8.0,G-F,0.395,0.0,0.0,,0.0,0.0,,,,ATL,PHI,1610612737,PHI_ATL_2021,42000206,Shake Milton,1610612755.0,PHI,G-F,24.0,1.0,1.0,1.0,0.0,1.0,0.0,0.431,-0.431,Shake Milton,1610612755.0,PHI,G-F,24.0,1.0,1.0,1.0,0.0,1.0,0.0,0.405,-0.405,,,,,,,,,,,,,,,,,,,,,,,,,,,,,,,,,,,,,,,,Shake Milton,1610612755.0,PHI,G-F,24.0,1.0,1.0,1.0,0.0,1.0,0.0,0.4,-0.4,Shake Milton,1610612755.0,PHI,24.0,1.0,4.3,2.0,2.0,0.0,0.0,0.0,0.0,0.0,0.0,0.0,0.0,0.0,0.0,0.0,0.0,0.0,0.0,0.0,0.0,0.0,0.0,0.0,Shake Milton,1610612755,PHI,1,1,0,4.3,4.0,0.0,0.0,0.0,0.0,0.0,0.0,0.0,0.0,0.0,0.0,0.0,0.0,0.0,0.0,0.0,0.0,0.0,Shake Milton,1610612755,PHI,1,1,0,4.32,4.32,1626.0,0.31,0.16,0.15,3.78,5.06,2.51,2020_21
203552,Seth Curry,Seth,1610612755,PHI,30.0,1,1,0,1.0,39.056666666666665,8,14,0.571,6,9,0.667,2,2,1.0,0,3,3,2,1,1,1,1,3,2,24,9,35.6,0,0,39.0,1,1,1,1,9,8,10,11,3,4,3,12,15,1,21,15,20,9,12,11,3,32,28,17,6,8,9,8,1,7,14,0.15,8.0,14.0,109.6,26,96.7,19,101.39,11,0.786,109.6,16,9.6,17,17,83,19,11,100.0,14,0.07,29,101.39,100.0,0.033,0.163,11.1,9.6,5,103.14,8,8,31,5.6,17,84.49,9,0.077,0.0,29,6,2.0,109.6,17,0.165,12,21,11,12,0.806,16,5.6,10,12.9,17,0.0,0.5,1.0,0.5,2.0,2.0,1.0,2.0,5.0,7.0,0.5,0.5,1.0,0.0,0.0,0.0,1.0,0.0,0.0,0.0,0.714,0.0,1.0,2.0,,0.0,0.667,0.0,4.0,0.0,0.0,,0.75,0.0,1.0,2.0,6.0,0.0,PHI,0.0,0.5,0.0,0.0,2.0,4.0,0.0,0.0,,0.0,0.0,0.0,3.0,2021,20210618,35.0,0.057,44.0,0.0,5.0,5.0,0.057,0.0,2.0,0.0,0.0,0.0,4.0,0.5,0.0,0.0,0.0,0.0,0.0,0.0,2.0,2.0,0.0,0.0,0.0,0.0,53.0,0.0,36.0,0.0,24.0,0.0,0.0,1.55,0.0,2.39,0.0,2.1,0.453,0.375,0.0,0.0,0.0,2.0,0.333,1.0,0.333,0.5,5.8,5.8,1.0,0.5,0.0,2.0,1.0,0.0,1.0,6.0,0.0,0.429,0.0,2.0,8.0,0.071,0.0,0.0,0.0,0.0,0.0,PHI,1.0,,0.0,0.0,1.0,1610612755.0,1.0,0.071,0.0,3.0,0.214,0.5,0.143,2.0,0.833,1.0,1.0,2.0,1.0,0.667,0.071,1.0,0.5,5.0,7.0,1.0,0.786,2.0,0.357,0.571,0.6,0.5,4.0,3.0,0.143,0.0,0.667,3.0,1.0,0.0,2.0,0.0,0.214,2.0,0.214,0.667,3.0,,2.0,3.0,2.0,1.0,8.0,0.75,4.0,1.0,0.786,0.571,0.0,0.0,0.0,0.0,0.0,0.0,12.0,0.118,33.0,0.609,0.727,24.0,G,0.28,7.0,4.0,0.857,7.0,4.0,0.571,,,ATL,PHI,1610612737,PHI_ATL_2021,42000206,Seth Curry,1610612755.0,PHI,G,30.0,1.0,1.0,1.0,0.0,14.0,0.0,0.468,-0.468,Seth Curry,1610612755.0,PHI,G,30.0,1.0,1.0,0.5,0.0,7.0,0.0,0.39,-0.39,Seth Curry,1610612755.0,PHI,G,30.0,1.0,1.0,0.5,0.0,7.0,0.0,0.529,-0.529,Seth Curry,1610612755.0,PHI,G,30.0,1.0,1.0,0.071,0.0,1.0,0.0,0.627,-0.627,Seth Curry,1610612755.0,PHI,G,30.0,1.0,1.0,0.286,0.0,4.0,0.0,0.558,-0.558,Seth Curry,1610612755.0,PHI,G,30.0,1.0,1.0,0.643,0.0,9.0,0.0,0.398,-0.398,Seth Curry,1610612755.0,PHI,30.0,1.0,39.1,6.0,1.0,5.0,2.0,1.0,0.0,0.0,0.0,1.0,1.0,0.0,1.0,0.0,2.0,2.0,2.0,1.0,0.0,1.0,1.0,0.5,Seth Curry,1610612755,PHI,1,1,0,39.1,53.0,0.0,0.0,0.0,0.0,0.0,0.0,0.0,0.0,0.0,0.0,0.0,0.0,0.0,0.0,0.0,0.0,0.0,Seth Curry,1610612755,PHI,1,1,0,39.05,39.05,14677.0,2.78,1.55,1.23,4.05,4.1,3.69,2020_21
1629680,Matisse Thybulle,Matisse,1610612755,PHI,24.0,1,1,0,1.0,11.203333333333331,0,2,0.0,0,2,0.0,0,0,0.0,2,3,5,0,0,2,0,0,2,0,0,-1,12.0,0,0,9.0,1,1,1,1,27,31,30,31,23,22,23,20,23,20,8,15,12,26,18,5,12,1,18,27,31,22,25,8,1,26,9,0.083,0.0,2.0,84.2,7,76.3,9,107.11,13,0.0,83.3,33,2.6,30,26,24,9,16,80.8,9,0.2,1,107.11,80.8,0.167,0.071,0.0,2.6,16,109.85,31,31,3,0.0,26,89.26,21,0.0,0.133,1,31,0.0,83.3,30,0.075,10,3,16,2,0.0,33,0.0,30,7.9,33,0.0,0.0,0.0,0.0,0.0,0.0,0.0,0.0,0.0,2.0,0.0,0.0,0.0,0.0,0.0,0.0,0.0,0.0,0.0,0.0,0.0,0.0,0.0,0.0,,0.0,0.0,0.0,0.0,0.0,0.0,,0.0,,0.0,0.0,2.0,,PHI,,0.0,0.0,0.0,0.0,0.0,0.0,0.0,,0.0,0.0,0.0,0.0,2021,20210618,12.0,0.0,8.0,0.0,0.0,1.0,0.0,0.0,0.0,0.0,0.0,0.0,0.0,0.0,0.0,0.0,0.0,0.0,0.0,0.0,0.0,0.0,0.0,0.0,0.0,0.0,15.0,0.0,8.0,0.0,0.0,0.0,0.0,0.4,0.0,1.06,0.0,0.3,0.0,0.833,0.0,20.5,0.0,4.0,0.0,0.0,0.0,0.6,12.1,6.5,0.0,0.6,0.0,5.0,0.0,0.5,0.0,5.0,2.0,0.833,0.5,3.0,6.0,,,,,,,,,,,,,,,,,,,,,,,,,,,,,,,,,,,,,,,,,,,0.0,0.0,2.0,0.0,0.0,0.0,0.0,1.0,0.0,1.0,0.0,2.0,,0.0,0.0,0.0,,0.0,,0.0,,0.0,0.0,0.0,0.0,0.0,0.0,0.0,0.0,0.0,0.046,33.0,0.62,0.667,22.0,G-F,0.375,2.0,0.0,0.0,2.0,0.0,0.0,,,ATL,PHI,1610612737,PHI_ATL_2021,42000206,Matisse Thybulle,1610612755.0,PHI,G-F,24.0,1.0,1.0,1.0,3.0,5.0,0.6,0.504,0.096,Matisse Thybulle,1610612755.0,PHI,G-F,24.0,1.0,1.0,0.2,0.0,1.0,0.0,0.36,-0.36,Matisse Thybulle,1610612755.0,PHI,G-F,24.0,1.0,1.0,0.8,3.0,4.0,0.75,0.555,0.196,Matisse Thybulle,1610612755.0,PHI,G-F,24.0,1.0,1.0,0.6,2.0,3.0,0.667,0.639,0.027,Matisse Thybulle,1610612755.0,PHI,G-F,24.0,1.0,1.0,0.8,3.0,4.0,0.75,0.576,0.174,Matisse Thybulle,1610612755.0,PHI,G-F,24.0,1.0,1.0,0.2,0.0,1.0,0.0,0.37,-0.37,Matisse Thybulle,1610612755.0,PHI,24.0,1.0,11.2,1.0,1.0,0.0,2.0,0.0,0.0,0.0,2.0,0.0,2.0,1.0,0.0,0.0,1.0,1.0,1.0,1.0,0.0,1.0,1.0,1.0,Matisse Thybulle,1610612755,PHI,1,1,0,11.2,15.0,0.0,0.0,0.0,0.0,0.0,0.0,0.0,0.0,0.0,0.0,0.0,0.0,0.0,0.0,0.0,0.0,0.0,Matisse Thybulle,1610612755,PHI,1,1,0,11.2,11.2,4811.0,0.91,0.48,0.43,4.45,4.66,4.23,2020_21
203954,Joel Embiid,Joel,1610612755,PHI,27.0,1,1,0,1.0,38.22666666666667,9,24,0.375,1,4,0.25,3,4,0.75,7,6,13,1,8,0,2,0,4,3,22,-1,37.1,1,0,41.0,1,1,1,1,10,6,3,23,15,16,18,7,6,11,1,7,1,18,1,17,2,1,35,9,8,22,8,1,1,6,22,0.043,9.0,24.0,105.1,17,102.5,22,100.45,14,0.396,103.7,23,-3.9,3,21,81,22,25,107.6,22,0.143,39,100.45,107.6,0.146,0.354,2.9,-3.9,15,102.24,24,6,7,23.0,25,83.71,27,0.048,0.149,39,24,0.13,103.7,2,0.363,17,2,25,16,0.427,23,22.9,3,2.6,21,0.0,0.0,1.0,0.556,0.0,9.0,4.0,7.0,1.0,4.0,0.143,0.0,5.0,0.0,0.0,0.0,0.0,0.0,0.5,2.0,0.25,0.0,0.0,0.0,,1.0,0.0,2.0,0.0,0.0,0.0,,0.5,0.0,5.0,10.0,2.0,0.0,PHI,0.0,0.5,0.0,0.0,5.0,2.0,0.2,3.0,,0.667,0.0,2.0,1.0,2021,20210618,38.0,0.026,50.0,0.0,3.0,3.0,0.026,0.0,1.0,0.0,0.0,0.0,2.0,0.5,0.0,0.0,0.0,0.0,0.0,0.0,1.0,1.0,0.0,0.0,0.0,0.0,72.0,0.643,53.0,3.0,22.0,7.0,1.143,1.07,0.0,2.55,14.0,3.1,0.306,0.481,6.0,3.0,0.857,11.0,0.615,4.0,0.333,0.353,3.7,4.5,8.0,0.462,4.0,5.0,2.0,0.636,0.0,17.0,1.0,0.565,0.636,4.0,27.0,0.042,0.0,0.0,0.0,0.0,0.0,PHI,1.0,,0.0,0.0,1.0,1610612755.0,1.0,0.042,0.0,7.0,0.292,0.571,0.292,7.0,0.571,0.0,,4.0,0.0,0.571,0.0,4.0,0.458,0.0,11.0,4.0,0.364,11.0,0.0,0.364,,0.364,4.0,0.0,0.458,1.0,0.2,4.0,0.3,0.0,1.0,0.042,0.167,1.0,0.208,0.25,5.0,0.0,0.0,2.0,1.0,0.0,4.0,0.4,5.0,0.4,0.396,0.143,0.5,0.0,9.0,0.667,0.0,8.0,3.0,-0.023,81.0,0.64,0.617,50.0,C-F,0.463,3.0,1.0,0.5,3.0,1.0,0.333,,,ATL,PHI,1610612737,PHI_ATL_2021,42000206,Joel Embiid,1610612755.0,PHI,C-F,27.0,1.0,1.0,1.0,14.0,22.0,0.636,0.509,0.127,Joel Embiid,1610612755.0,PHI,C-F,27.0,1.0,1.0,0.273,4.0,6.0,0.667,0.369,0.297,Joel Embiid,1610612755.0,PHI,C-F,27.0,1.0,1.0,0.727,10.0,16.0,0.625,0.549,0.076,Joel Embiid,1610612755.0,PHI,C-F,27.0,1.0,1.0,0.455,8.0,10.0,0.8,0.624,0.176,Joel Embiid,1610612755.0,PHI,C-F,27.0,1.0,1.0,0.5,9.0,11.0,0.818,0.582,0.236,Joel Embiid,1610612755.0,PHI,C-F,27.0,1.0,1.0,0.364,4.0,8.0,0.5,0.382,0.118,Joel Embiid,1610612755.0,PHI,27.0,1.0,38.2,10.0,8.0,2.0,2.0,0.0,7.0,16.0,0.0,0.0,0.0,0.0,0.0,2.0,5.0,7.0,7.0,2.0,0.286,0.714,1.0,0.286,Joel Embiid,1610612755,PHI,1,1,0,38.2,72.0,14.0,4.0,8.0,0.5,1.0,2.0,0.5,9.0,0.643,1.0,0.071,1.0,0.071,3.0,0.214,1.0,0.071,Joel Embiid,1610612755,PHI,1,1,0,38.23,38.23,13332.0,2.53,1.35,1.17,3.68,3.9,3.76,2020_21
201588,George Hill,George,1610612755,PHI,35.0,1,1,0,1.0,20.66333333333333,1,3,0.333,1,2,0.5,0,0,0.0,0,2,2,2,0,2,0,0,3,2,3,10,14.4,0,0,12.0,1,1,1,1,25,26,27,24,15,22,8,20,23,20,21,21,24,9,18,5,12,1,28,17,27,7,24,8,1,24,8,0.129,1.0,3.0,98.6,27,69.5,20,101.05,4,0.5,97.7,29,24.9,32,9,43,20,3,72.7,8,0.065,1,101.05,72.7,0.035,0.063,40.0,24.9,16,102.95,19,26,30,0.0,1,84.21,13,0.154,0.0,1,22,0.0,97.7,33,0.064,7,21,3,13,0.5,29,0.0,27,29.1,28,0.0,0.0,0.0,0.0,0.0,1.0,0.0,0.0,1.0,2.0,0.0,0.0,0.0,0.0,0.0,0.0,0.0,0.0,0.0,0.0,0.5,0.0,0.0,0.0,,0.0,0.0,0.0,0.0,0.0,0.0,,0.5,,0.0,1.0,0.0,,PHI,,0.0,0.0,0.0,0.0,2.0,0.0,0.0,,0.0,0.0,0.0,1.0,2021,20210618,27.0,0.074,19.0,0.0,4.0,2.0,0.074,0.0,2.0,0.0,0.0,0.0,2.0,0.5,0.0,0.0,0.0,0.0,0.0,0.0,1.0,1.0,0.0,0.0,0.0,0.0,32.0,0.0,14.0,1.0,3.0,0.0,0.0,1.16,0.0,2.03,0.0,1.1,0.094,0.667,0.0,0.0,0.0,0.0,0.5,0.0,0.5,0.667,11.0,11.0,1.0,0.667,0.0,1.0,1.0,0.0,0.0,3.0,0.0,0.667,0.0,1.0,3.0,,,,,,,,,,,,,,,,,,,,,,,,,,,,,,0.667,1.0,2.0,0.0,0.75,1.0,0.333,0.5,1.0,0.0,1.0,1.0,0.333,0.0,0.0,1.0,0.0,0.0,0.0,0.0,0.333,0.0,0.333,0.0,1.0,,1.0,1.0,2.0,0.5,3.0,0.5,2.0,0.75,0.5,0.0,0.0,0.0,0.0,0.0,0.0,0.0,0.0,-0.174,32.0,0.612,0.438,14.0,G,0.327,0.0,0.0,,0.0,0.0,,,,ATL,PHI,1610612737,PHI_ATL_2021,42000206,George Hill,1610612755.0,PHI,G,35.0,1.0,1.0,1.0,3.0,12.0,0.25,0.45,-0.2,George Hill,1610612755.0,PHI,G,35.0,1.0,1.0,0.333,2.0,4.0,0.5,0.37,0.13,George Hill,1610612755.0,PHI,G,35.0,1.0,1.0,0.667,1.0,8.0,0.125,0.501,-0.376,George Hill,1610612755.0,PHI,G,35.0,1.0,1.0,0.167,1.0,2.0,0.5,0.646,-0.146,George Hill,1610612755.0,PHI,G,35.0,1.0,1.0,0.167,1.0,2.0,0.5,0.591,-0.091,George Hill,1610612755.0,PHI,G,35.0,1.0,1.0,0.667,2.0,8.0,0.25,0.392,-0.142,George Hill,1610612755.0,PHI,35.0,1.0,20.7,10.0,6.0,4.0,2.0,0.0,0.0,0.0,0.0,1.0,1.0,0.0,1.0,0.0,2.0,2.0,2.0,0.0,0.0,1.0,1.0,0.0,George Hill,1610612755,PHI,1,1,0,20.7,32.0,0.0,0.0,0.0,0.0,0.0,0.0,0.0,0.0,0.0,0.0,0.0,0.0,0.0,0.0,0.0,0.0,0.0,George Hill,1610612755,PHI,1,1,0,20.67,20.67,8424.0,1.6,0.87,0.73,4.3,4.64,3.93,2020_21
1627788,Furkan Korkmaz,Furkan,1610612755,PHI,23.0,1,1,0,1.0,22.745,3,9,0.333,1,5,0.2,0,0,0.0,2,3,5,2,0,1,0,0,1,1,7,-5,19.0,0,0,17.0,1,1,1,1,24,18,17,24,15,13,20,20,23,20,8,15,12,9,18,11,12,1,12,20,19,30,18,8,1,20,26,0.074,3.0,9.0,106.7,18,113.4,27,97.08,26,0.389,106.4,22,-15.8,20,14,47,27,32,122.2,26,0.13,1,97.08,122.2,0.096,0.155,18.2,-15.8,16,100.66,25,18,17,0.0,12,80.9,22,0.111,0.069,1,25,0.0,106.4,18,0.161,23,10,32,22,0.389,22,0.0,17,-6.7,19,0.0,0.0,0.0,0.667,1.0,3.0,0.0,1.0,1.0,4.0,0.0,0.0,2.0,0.0,0.0,0.0,0.0,0.0,0.0,0.0,0.25,1.0,0.0,0.0,,0.0,0.0,0.0,0.0,0.0,0.0,,1.0,0.0,2.0,3.0,4.0,0.0,PHI,0.0,0.667,0.0,0.0,0.0,1.0,0.0,1.0,,0.0,0.0,0.0,1.0,2021,20210618,17.0,0.118,18.0,0.0,4.0,1.0,0.176,1.0,3.0,0.0,0.0,0.0,2.0,0.0,0.0,0.0,0.0,0.0,0.0,0.0,0.0,1.0,0.0,0.0,0.0,0.0,28.0,0.0,20.0,0.0,7.0,2.0,2.0,0.68,0.0,1.66,0.0,0.8,0.25,0.833,0.0,6.9,0.0,3.0,0.0,0.0,0.0,1.0,12.4,16.1,0.0,1.0,0.0,5.0,0.0,0.667,0.0,3.0,2.0,0.833,0.667,3.0,6.0,0.0,0.0,0.111,1.0,0.0,,PHI,1.0,0.0,0.0,0.0,1.0,1610612755.0,0.0,0.111,0.0,1.0,0.111,0.0,0.111,1.0,0.0,0.0,,0.0,0.0,0.0,0.0,0.0,0.333,1.0,3.0,2.0,0.667,2.0,0.111,0.667,0.0,1.0,2.0,0.0,0.222,1.0,0.25,3.0,0.375,0.0,1.0,0.111,0.333,1.0,0.444,0.333,4.0,0.0,0.0,0.0,1.0,0.0,0.0,0.0,2.0,0.0,0.389,0.25,0.0,0.0,0.0,1.0,0.0,4.0,3.0,-0.148,13.0,0.61,0.462,6.0,G-F,0.26,4.0,1.0,0.375,4.0,1.0,0.25,,,ATL,PHI,1610612737,PHI_ATL_2021,42000206,Furkan Korkmaz,1610612755.0,PHI,G-F,23.0,1.0,1.0,1.0,6.0,8.0,0.75,0.447,0.303,Furkan Korkmaz,1610612755.0,PHI,G-F,23.0,1.0,1.0,0.375,2.0,3.0,0.667,0.358,0.308,Furkan Korkmaz,1610612755.0,PHI,G-F,23.0,1.0,1.0,0.625,4.0,5.0,0.8,0.518,0.282,Furkan Korkmaz,1610612755.0,PHI,G-F,23.0,1.0,1.0,0.25,2.0,2.0,1.0,0.576,0.424,Furkan Korkmaz,1610612755.0,PHI,G-F,23.0,1.0,1.0,0.5,3.0,4.0,0.75,0.513,0.237,Furkan Korkmaz,1610612755.0,PHI,G-F,23.0,1.0,1.0,0.5,3.0,4.0,0.75,0.383,0.367,Furkan Korkmaz,1610612755.0,PHI,23.0,1.0,22.8,3.0,2.0,1.0,3.0,0.0,1.0,2.0,0.0,0.0,0.0,0.0,0.0,0.0,0.0,0.0,0.0,0.0,0.0,0.0,0.0,0.0,Furkan Korkmaz,1610612755,PHI,1,1,0,22.8,28.0,0.0,0.0,0.0,0.0,0.0,0.0,0.0,0.0,0.0,0.0,0.0,0.0,0.0,0.0,0.0,0.0,0.0,Furkan Korkmaz,1610612755,PHI,1,1,0,22.75,22.75,9360.0,1.77,1.02,0.75,4.51,4.74,4.25,2020_21
2730,Dwight Howard,Dwight,1610612755,PHI,35.0,1,1,0,1.0,9.773333333333332,1,1,1.0,0,0,0.0,0,1,0.0,0,2,2,0,0,0,0,0,1,3,2,6,4.4,0,0,4.0,1,1,1,1,29,26,32,1,23,29,23,20,21,20,21,21,24,26,18,17,12,1,12,9,28,13,31,8,1,31,7,0.114,1.0,1.0,99.0,19,59.2,11,105.59,2,1.0,90.9,31,24.2,34,26,22,11,4,66.7,7,0.118,1,105.59,66.7,0.067,0.042,0.0,24.2,16,107.66,2,26,24,0.0,26,87.99,15,0.0,0.0,1,9,0.0,90.9,32,0.068,6,21,4,3,0.694,31,0.0,32,39.8,27,0.0,0.0,0.0,1.0,0.0,1.0,0.0,0.0,0.0,0.0,0.0,0.0,1.0,0.0,0.0,0.0,0.0,0.0,0.0,0.0,0.0,0.0,0.0,0.0,,0.0,0.0,0.0,0.0,0.0,0.0,,0.0,,1.0,1.0,0.0,,PHI,,1.0,0.0,0.0,0.0,0.0,0.0,0.0,,0.0,0.0,0.0,0.0,2021,20210618,8.0,0.0,3.0,0.0,0.0,1.0,0.0,0.0,0.0,0.0,0.0,0.0,0.0,0.0,0.0,0.0,0.0,0.0,0.0,0.0,0.0,0.0,0.0,0.0,0.0,0.0,9.0,0.0,3.0,0.0,2.0,1.0,2.0,0.67,0.0,1.68,0.0,0.3,0.222,0.154,0.0,0.0,0.0,4.0,0.5,2.0,0.5,0.2,4.9,4.9,1.0,0.25,2.0,1.0,1.0,0.0,0.0,10.0,0.0,0.182,0.0,1.0,13.0,,,,,,,,,,,,,,,,,1.0,1.0,1.0,1.0,1.0,1.0,0.0,,1.0,0.0,1.0,0.0,1.0,,,,,,,,,,,,,,,,,,,,,,,,,,,,0.0,,,0.0,,0.0,,1.0,0.0,0.0,0.0,0.0,1.0,0.0,2.0,0.0,-0.012,29.0,0.632,0.621,18.0,C-F,0.46,0.0,,,,0.0,,,,ATL,PHI,1610612737,PHI_ATL_2021,42000206,Dwight Howard,1610612755.0,PHI,C-F,35.0,1.0,1.0,1.0,1.0,2.0,0.5,0.432,0.068,,,,,,,,,,,,,,Dwight Howard,1610612755.0,PHI,C-F,35.0,1.0,1.0,1.0,1.0,2.0,0.5,0.501,-0.001,,,,,,,,,,,,,,,,,,,,,,,,,,,,,,,,,,,,,,,,Dwight Howard,1610612755.0,PHI,35.0,1.0,9.8,0.0,0.0,0.0,0.0,0.0,2.0,5.0,0.0,1.0,1.0,0.0,1.0,1.0,2.0,3.0,2.0,0.0,0.333,0.667,0.667,0.0,Dwight Howard,1610612755,PHI,1,1,0,9.8,9.0,0.0,0.0,0.0,0.0,0.0,0.0,0.0,0.0,0.0,0.0,0.0,0.0,0.0,0.0,0.0,0.0,0.0,Dwight Howard,1610612755,PHI,1,1,0,9.77,9.77,3542.0,0.67,0.37,0.3,3.97,4.5,3.41,2020_21
202699,Tobias Harris,Tobias,1610612755,PHI,28.0,1,1,0,1.0,39.083333333333336,9,20,0.45,2,3,0.667,4,4,1.0,0,5,5,2,0,0,0,1,4,4,24,3,33.0,0,0,33.0,1,1,1,1,8,6,6,16,10,19,3,4,6,1,21,10,12,9,18,17,12,32,35,5,6,14,12,8,1,11,18,0.132,9.0,20.0,108.6,22,97.9,24,100.09,12,0.5,107.4,19,5.0,10,15,81,24,14,102.4,18,0.102,1,100.09,102.4,0.051,0.232,8.3,5.0,16,101.89,19,6,27,0.0,19,83.41,12,0.091,0.0,1,16,0.0,107.4,11,0.236,13,21,14,18,0.551,19,0.0,6,10.7,18,0.0,1.0,2.0,0.333,1.0,6.0,5.0,6.0,1.0,2.0,0.333,1.0,2.0,0.0,0.0,0.0,1.0,0.0,0.6,3.0,0.5,0.0,1.0,1.0,,2.0,0.5,2.0,1.0,0.0,0.5,,1.0,0.0,2.0,7.0,2.0,0.0,PHI,0.0,0.286,1.0,0.0,5.0,1.0,0.4,3.0,,0.667,0.0,2.0,1.0,2021,20210618,48.0,0.042,46.0,0.0,6.0,3.0,0.042,0.0,2.0,0.071,0.0,0.0,14.0,0.0,1.0,0.0,0.0,0.0,0.5,6.0,0.0,12.0,0.0,12.0,0.0,0.857,73.0,0.0,38.0,0.0,24.0,1.0,0.0,2.25,0.0,3.44,2.0,4.2,0.329,0.385,0.0,0.0,0.0,3.0,0.4,1.0,0.4,0.455,6.1,6.1,2.0,0.5,1.0,3.0,2.0,0.0,0.0,11.0,0.0,0.417,0.0,3.0,13.0,0.05,1.0,0.0,0.0,1.0,1.0,PHI,1.0,,0.0,1.0,1.0,1610612755.0,1.0,0.05,1.0,11.0,0.55,0.364,0.55,11.0,0.364,0.0,,4.0,0.0,0.364,0.0,4.0,0.3,2.0,6.0,2.0,0.833,4.0,0.1,0.667,1.0,0.5,4.0,2.0,0.2,1.0,0.0,1.0,0.0,0.0,0.0,0.05,0.05,0.0,0.1,0.0,2.0,0.0,1.0,3.0,1.0,1.0,7.0,0.429,7.0,0.5,0.5,0.5,0.0,0.0,0.0,0.0,0.0,0.0,3.0,0.047,53.0,0.632,0.679,36.0,F,0.402,2.0,1.0,0.75,2.0,1.0,0.5,,,ATL,PHI,1610612737,PHI_ATL_2021,42000206,Tobias Harris,1610612755.0,PHI,F,28.0,1.0,1.0,1.0,5.0,12.0,0.417,0.472,-0.055,Tobias Harris,1610612755.0,PHI,F,28.0,1.0,1.0,0.083,0.0,1.0,0.0,0.405,-0.405,Tobias Harris,1610612755.0,PHI,F,28.0,1.0,1.0,0.917,5.0,11.0,0.455,0.516,-0.062,Tobias Harris,1610612755.0,PHI,F,28.0,1.0,1.0,0.25,3.0,3.0,1.0,0.61,0.39,Tobias Harris,1610612755.0,PHI,F,28.0,1.0,1.0,0.5,3.0,6.0,0.5,0.576,-0.076,Tobias Harris,1610612755.0,PHI,F,28.0,1.0,1.0,0.333,1.0,4.0,0.25,0.395,-0.145,Tobias Harris,1610612755.0,PHI,28.0,1.0,39.1,5.0,4.0,1.0,1.0,0.0,1.0,2.0,0.0,0.0,0.0,0.0,0.0,0.0,4.0,4.0,3.0,1.0,0.0,1.0,0.75,0.25,Tobias Harris,1610612755,PHI,1,1,0,39.1,73.0,2.0,0.0,1.0,0.0,0.0,0.0,0.0,0.0,0.0,0.0,0.0,0.0,0.0,0.0,0.0,0.0,0.0,Tobias Harris,1610612755,PHI,1,1,0,39.08,39.08,14403.0,2.73,1.52,1.21,3.89,4.17,3.59,2020_21
1627732,Ben Simmons,Ben,1610612755,PHI,24.0,1,1,0,1.0,25.446666666666665,2,6,0.333,0,0,0.0,2,4,0.5,2,7,9,5,2,0,1,0,5,3,6,-7,25.3,0,0,22.0,1,1,1,1,22,22,22,24,23,29,23,12,6,16,8,6,7,5,7,17,3,1,41,9,23,35,17,8,1,17,21,0.071,2.0,6.0,101.3,4,106.2,7,107.52,25,0.333,98.2,28,-8.7,19,4,56,7,30,106.9,21,0.259,35,107.52,106.9,0.153,0.156,33.3,-8.7,4,106.27,26,22,5,13.6,4,89.6,23,0.294,0.063,35,26,2.5,98.2,19,0.159,22,12,30,5,0.387,28,13.3,22,-4.8,24,0.0,0.0,0.0,0.333,0.0,6.0,0.0,0.0,0.0,0.0,0.0,0.0,2.0,0.0,0.0,0.0,0.0,0.0,0.0,0.0,0.0,0.0,0.0,0.0,,0.0,0.0,0.0,0.0,0.0,0.0,,0.0,0.0,2.0,6.0,0.0,0.0,PHI,0.0,0.333,0.0,0.0,0.0,0.0,0.0,0.0,,0.0,0.0,0.0,0.0,2021,20210618,55.0,0.091,46.0,0.0,15.0,12.0,0.091,0.0,5.0,0.0,0.0,0.0,3.0,0.0,0.0,0.0,0.0,0.0,0.333,1.0,0.0,3.0,0.0,2.0,0.0,0.667,65.0,0.0,20.0,0.0,6.0,3.0,0.667,3.02,0.0,4.07,0.0,4.4,0.092,0.692,1.0,9.1,0.5,5.0,0.444,0.0,0.429,0.875,12.2,13.0,4.0,0.875,0.0,5.0,3.0,0.4,0.0,8.0,1.0,0.692,0.4,4.0,13.0,0.333,0.0,0.0,0.0,0.0,0.0,PHI,2.0,,0.0,0.0,1.0,1610612755.0,2.0,0.333,0.0,4.0,0.667,0.5,0.667,4.0,0.5,0.0,,2.0,0.0,0.5,0.0,2.0,,,,,,,,,,,,,,,,,,,,,,,,,,,,0.0,,,0.0,,0.0,,0.333,0.0,0.0,0.0,0.0,0.333,0.0,2.0,0.0,-0.1,46.0,0.622,0.522,24.0,G-F,0.357,0.0,,,,0.0,,,,ATL,PHI,1610612737,PHI_ATL_2021,42000206,Ben Simmons,1610612755.0,PHI,G-F,24.0,1.0,1.0,1.0,3.0,6.0,0.5,0.435,0.065,Ben Simmons,1610612755.0,PHI,G-F,24.0,1.0,1.0,0.167,0.0,1.0,0.0,0.335,-0.335,Ben Simmons,1610612755.0,PHI,G-F,24.0,1.0,1.0,0.833,3.0,5.0,0.6,0.493,0.107,Ben Simmons,1610612755.0,PHI,G-F,24.0,1.0,1.0,0.167,1.0,1.0,1.0,0.613,0.387,Ben Simmons,1610612755.0,PHI,G-F,24.0,1.0,1.0,0.333,1.0,2.0,0.5,0.543,-0.043,Ben Simmons,1610612755.0,PHI,G-F,24.0,1.0,1.0,0.333,1.0,2.0,0.5,0.363,0.137,Ben Simmons,1610612755.0,PHI,24.0,1.0,25.5,2.0,1.0,1.0,3.0,0.0,4.0,11.0,0.0,0.0,0.0,0.0,0.0,1.0,0.0,1.0,0.0,0.0,1.0,0.0,0.0,0.0,Ben Simmons,1610612755,PHI,1,1,0,25.5,65.0,0.0,0.0,0.0,0.0,0.0,0.0,0.0,0.0,0.0,0.0,0.0,0.0,0.0,0.0,0.0,0.0,0.0,Ben Simmons,1610612755,PHI,1,1,0,25.45,25.45,9526.0,1.8,0.95,0.85,4.0,4.32,4.11,2020_21
1630178,Tyrese Maxey,Tyrese,1610612755,PHI,20.0,1,1,0,1.0,29.47833333333333,5,12,0.417,1,2,0.5,5,8,0.625,1,6,7,1,0,1,1,1,1,4,16,12,31.9,0,0,29.0,1,1,1,1,16,14,11,20,15,22,8,3,2,14,13,7,10,18,18,11,3,32,12,5,12,4,13,8,1,14,10,0.188,5.0,12.0,105.8,15,81.0,23,100.14,7,0.458,103.2,24,18.0,12,19,62,23,7,85.2,10,0.154,1,100.14,85.2,0.093,0.222,5.9,18.0,16,101.48,22,14,19,0.0,23,83.45,2,0.056,0.028,1,20,0.0,103.2,12,0.227,11,18,7,19,0.515,24,0.0,11,24.8,20,0.0,0.0,0.0,0.5,0.0,4.0,4.0,2.0,1.0,2.0,0.0,0.0,2.0,0.0,0.0,0.0,0.0,0.0,0.5,2.0,0.5,0.0,0.0,0.0,,2.0,0.5,1.0,1.0,0.0,0.0,,0.0,0.0,2.0,4.0,2.0,0.0,PHI,0.0,0.5,0.0,0.0,4.0,1.0,0.5,0.0,,0.0,0.0,0.0,0.0,2021,20210618,44.0,0.023,48.0,0.0,2.0,3.0,0.023,0.0,1.0,0.0,2.0,2.0,12.0,0.25,0.0,0.0,0.5,0.167,0.571,4.0,3.0,7.0,4.0,10.0,0.0,0.833,62.0,0.0,22.0,0.0,16.0,0.0,0.0,4.44,0.0,5.0,0.0,5.2,0.258,0.583,0.0,34.5,0.0,2.0,0.571,1.0,0.667,0.6,9.2,5.0,4.0,0.667,1.0,3.0,4.0,0.5,0.0,10.0,1.0,0.636,0.5,2.0,12.0,,,,,,,,,,,,,,,,,8.0,0.667,0.571,0.583,7.0,0.5,1.0,0.0,4.0,0.0,0.5,0.083,4.0,0.25,1.0,3.0,0.0,0.5,2.0,0.083,0.333,1.0,0.0,1.0,1.0,0.167,1.0,0.0,0.0,0.0,0.0,0.0,0.083,0.0,0.0,0.083,,1.0,0.0,1.0,3.0,1.0,1.0,7.0,0.429,7.0,0.5,0.458,0.0,0.0,0.0,0.0,0.0,0.0,0.0,0.0,-0.036,20.0,0.586,0.55,11.0,G,0.308,1.0,0.0,0.0,1.0,0.0,0.0,,,ATL,PHI,1610612737,PHI_ATL_2021,42000206,Tyrese Maxey,1610612755.0,PHI,G,20.0,1.0,1.0,1.0,8.0,20.0,0.4,0.464,-0.064,Tyrese Maxey,1610612755.0,PHI,G,20.0,1.0,1.0,0.35,3.0,7.0,0.429,0.352,0.077,Tyrese Maxey,1610612755.0,PHI,G,20.0,1.0,1.0,0.65,5.0,13.0,0.385,0.518,-0.134,Tyrese Maxey,1610612755.0,PHI,G,20.0,1.0,1.0,0.35,5.0,7.0,0.714,0.615,0.099,Tyrese Maxey,1610612755.0,PHI,G,20.0,1.0,1.0,0.45,5.0,9.0,0.556,0.556,-0.001,Tyrese Maxey,1610612755.0,PHI,G,20.0,1.0,1.0,0.4,3.0,8.0,0.375,0.373,0.002,Tyrese Maxey,1610612755.0,PHI,20.0,1.0,29.5,11.0,6.0,5.0,1.0,0.0,0.0,0.0,1.0,0.0,1.0,1.0,0.0,0.0,1.0,1.0,1.0,0.0,0.0,1.0,1.0,0.0,Tyrese Maxey,1610612755,PHI,1,1,0,29.5,62.0,0.0,0.0,0.0,0.0,0.0,0.0,0.0,0.0,0.0,0.0,0.0,0.0,0.0,0.0,0.0,0.0,0.0,Tyrese Maxey,1610612755,PHI,1,1,0,29.48,29.48,12572.0,2.38,1.38,1.0,4.53,4.92,4.07,2020_21
