PLAYER_ID,PLAYER_NAME,NICKNAME,TEAM_ID,TEAM_ABBREVIATION,AGE,GP,W,L,W_PCT,MIN,FGM,FGA,FG_PCT,FG3M,FG3A,FG3_PCT,FTM,FTA,FT_PCT,OREB,DREB,REB,AST,TOV,STL,BLK,BLKA,PF,PFD,PTS,PLUS_MINUS,NBA_FANTASY_PTS,DD2,TD3,WNBA_FANTASY_PTS,GP_RANK,W_RANK,L_RANK,W_PCT_RANK,MIN_RANK,FGM_RANK,FGA_RANK,FG_PCT_RANK,FG3M_RANK,FG3A_RANK,FG3_PCT_RANK,FTM_RANK,FTA_RANK,FT_PCT_RANK,OREB_RANK,DREB_RANK,REB_RANK,AST_RANK,TOV_RANK,STL_RANK,BLK_RANK,BLKA_RANK,PF_RANK,PFD_RANK,PTS_RANK,PLUS_MINUS_RANK,NBA_FANTASY_PTS_RANK,DD2_RANK,TD3_RANK,WNBA_FANTASY_PTS_RANK,team_poss,E_PACE,PACE_RANK,sp_work_OFF_RATING,TS_PCT,REB_PCT,E_DEF_RATING,PACE,sp_work_DEF_RATING_RANK,E_NET_RATING,sp_work_NET_RATING_RANK,EFG_PCT,sp_work_DEF_RATING,sp_work_OFF_RATING_RANK,DEF_RATING,FGM_PG_RANK,AST_RATIO_RANK,USG_PCT_RANK,TM_TOV_PCT_RANK,FGA_PG_RANK,EFG_PCT_RANK,OFF_RATING,AST_RATIO,TM_TOV_PCT,E_OFF_RATING,OREB_PCT_RANK,DEF_RATING_RANK,NET_RATING_RANK,E_DEF_RATING_RANK,USG_PCT,OFF_RATING_RANK,sp_work_PACE_RANK,FGM_PG,E_TOV_PCT_RANK,NET_RATING,AST_TO,DREB_PCT,E_NET_RATING_RANK,AST_PCT,PIE_RANK,REB_PCT_RANK,E_PACE_RANK,AST_TO_RANK,E_USG_PCT_RANK,POSS,DREB_PCT_RANK,FGA_PG,E_TOV_PCT,sp_work_NET_RATING,sp_work_PACE,OREB_PCT,E_USG_PCT,PIE,AST_PCT_RANK,PACE_PER40,TS_PCT_RANK,E_OFF_RATING_RANK,PASSES_MADE,AST_PTS_CREATED,PASSES_RECEIVED,FT_AST,AST_ADJ,POTENTIAL_AST,AST_TO_PASS_PCT_ADJ,SECONDARY_AST,AST_TO_PASS_PCT,DRIVE_AST,DRIVE_PF_PCT,DRIVES,DRIVE_FGA,DRIVE_PASSES,DRIVE_PTS,DRIVE_TOV_PCT,DRIVE_FTM,DRIVE_FT_PCT,DRIVE_PF,DRIVE_AST_PCT,DRIVE_TOV,DRIVE_PASSES_PCT,DRIVE_FGM,DRIVE_FG_PCT,DRIVE_PTS_PCT,DRIVE_FTA,PTS_PER_POST_TOUCH,PTS_PER_ELBOW_TOUCH,AVG_SEC_PER_TOUCH,TOUCHES,POINTS,PTS_PER_PAINT_TOUCH,POST_TOUCHES,TIME_OF_POSS,AVG_DRIB_PER_TOUCH,PAINT_TOUCHES,ELBOW_TOUCHES,PTS_PER_TOUCH,FRONT_CT_TOUCHES,REB_CHANCES,DREB_CONTEST_PCT,OREB_CONTEST,OREB_CHANCE_PCT,OREB_CHANCES,OREB_CHANCE_PCT_ADJ,AVG_REB_DIST,OREB_CONTEST_PCT,DREB_CHANCE_DEFER,REB_CHANCE_PCT,OREB_UNCONTEST,REB_CHANCE_DEFER,REB_CONTEST,OREB_CHANCE_DEFER,DREB_CHANCE_PCT,DREB_CHANCE_PCT_ADJ,REB_UNCONTEST,DREB_CHANCES,AVG_OREB_DIST,AVG_DREB_DIST,DREB_CONTEST,REB_CHANCE_PCT_ADJ,REB_CONTEST_PCT,DREB_UNCONTEST,very_tight_FGA_FREQUENCY,very_tight_FG3M,very_tight_FG_PCT,very_tight_FGM,G,PLAYER_LAST_TEAM_ID,very_tight_FG2_PCT,very_tight_FG2M,very_tight_FG3A,PLAYER_LAST_TEAM_ABBREVIATION,very_tight_FG3_PCT,very_tight_EFG_PCT,very_tight_FG3A_FREQUENCY,very_tight_FG2A,very_tight_FGA,very_tight_FG2A_FREQUENCY,tight_EFG_PCT,tight_FG2_PCT,tight_FGM,tight_FG2A,tight_FG_PCT,tight_FGA_FREQUENCY,tight_FG3A,tight_FG3A_FREQUENCY,tight_FG2M,tight_FG2A_FREQUENCY,tight_FG3M,tight_FGA,tight_FG3_PCT,open_FG2A,open_FG_PCT,open_FG2M,open_FG3_PCT,open_FGA,open_EFG_PCT,open_FG2A_FREQUENCY,open_FGA_FREQUENCY,open_FG3A,open_FG3M,open_FG2_PCT,open_FG3A_FREQUENCY,open_FGM,wide_open_FG3A_FREQUENCY,wide_open_FGM,wide_open_FG2M,wide_open_FG2_PCT,wide_open_FG2A,wide_open_FG3M,wide_open_FG2A_FREQUENCY,wide_open_FG3A,wide_open_FGA_FREQUENCY,wide_open_FG3_PCT,wide_open_FGA,wide_open_FG_PCT,wide_open_EFG_PCT,PULL_UP_PTS,PULL_UP_FG3M,PULL_UP_EFG_PCT,PULL_UP_FGM,PULL_UP_FG_PCT,PULL_UP_FG3A,PULL_UP_FG3_PCT,PULL_UP_FGA,CATCH_SHOOT_PTS,CATCH_SHOOT_FG_PCT,EFF_FG_PCT,ELBOW_TOUCH_FG_PCT,PAINT_TOUCH_FG_PCT,POST_TOUCH_FG_PCT,POST_TOUCH_PTS,ELBOW_TOUCH_PTS,PAINT_TOUCH_PTS,CORNER_3_FG_PCT,MID_FGA,BACKCOURT_FGM,LEFT_CORNER_3_FG_PCT,MID_FG_PCT,ITP_FG_PCT,ITP_FGM,RIGHT_CORNER_3_FGA,BACKCOURT_FGA,CORNER_3_FGA,LEFT_CORNER_3_FGA,MID_FGM,ITP_FGA,RIGHT_CORNER_3_FG_PCT,LEFT_CORNER_3_FGM,RA_FGA,RA_FGM,ABOVE_BREAK_3_FGM,CORNER_3_FGM,BACKCOURT_FG_PCT,RIGHT_CORNER_3_FGM,ABOVE_BREAK_3_FGA,ABOVE_BREAK_3_FG_PCT,RA_FG_PCT,PLAYER_POSITION,FREQ,NS_LT_06_PCT,LT_06_PCT,FGA_LT_06,FGM_LT_06,PLUSMINUS,FGP_25_29,FGA_20_24,FGA_10_14,FGP_5_9,FGP_20_24,FGP_30_34,FGA_40_PLUS,FGM_25_29,FGA_25_29,FGM_LT_5,FGA_15_19,TEAM_ABBR,FGM_10_14,FGA_5_9,FGA_35_39,FGM_20_24,FGP_40_PLUS,FGM_40_PLUS,FGM_5_9,FGM_30_34,FGP_10_14,FGP_35_39,FGP_15_19,FGA_LT_5,FGA_30_34,FGM_35_39,FGM_15_19,FGP_LT_5,CATCH_SHOOT_FGM,CATCH_SHOOT_FG3M,CATCH_SHOOT_FGA,CATCH_SHOOT_FG3_PCT,CATCH_SHOOT_EFG_PCT,CATCH_SHOOT_FG3A,year,date,playoffs,GAME_ID,index,HTM,VTM,overall_def_PLAYER_NAME,overall_def_PLAYER_LAST_TEAM_ID,overall_def_PLAYER_LAST_TEAM_ABBREVIATION,overall_def_PLAYER_POSITION,overall_def_AGE,overall_def_GP,overall_def_G,overall_def_FREQ,overall_def_D_FGM,overall_def_D_FGA,overall_def_D_FG_PCT,overall_def_NORMAL_FG_PCT,overall_def_PCT_PLUSMINUS,three_pt_def_PLAYER_NAME,three_pt_def_PLAYER_LAST_TEAM_ID,three_pt_def_PLAYER_LAST_TEAM_ABBREVIATION,three_pt_def_PLAYER_POSITION,three_pt_def_AGE,three_pt_def_GP,three_pt_def_G,three_pt_def_FREQ,three_pt_def_FG3M,three_pt_def_FG3A,three_pt_def_FG3_PCT,three_pt_def_NS_FG3_PCT,three_pt_def_PLUSMINUS,two_pt_def_PLAYER_NAME,two_pt_def_PLAYER_LAST_TEAM_ID,two_pt_def_PLAYER_LAST_TEAM_ABBREVIATION,two_pt_def_PLAYER_POSITION,two_pt_def_AGE,two_pt_def_GP,two_pt_def_G,two_pt_def_FREQ,two_pt_def_FG2M,two_pt_def_FG2A,two_pt_def_FG2_PCT,two_pt_def_NS_FG2_PCT,two_pt_def_PLUSMINUS,less_6ft_def_PLAYER_NAME,less_6ft_def_PLAYER_LAST_TEAM_ID,less_6ft_def_PLAYER_LAST_TEAM_ABBREVIATION,less_6ft_def_PLAYER_POSITION,less_6ft_def_AGE,less_6ft_def_GP,less_6ft_def_G,less_6ft_def_FREQ,less_6ft_def_FGM_LT_06,less_6ft_def_FGA_LT_06,less_6ft_def_LT_06_PCT,less_6ft_def_NS_LT_06_PCT,less_6ft_def_PLUSMINUS,less_10ft_def_PLAYER_NAME,less_10ft_def_PLAYER_LAST_TEAM_ID,less_10ft_def_PLAYER_LAST_TEAM_ABBREVIATION,less_10ft_def_PLAYER_POSITION,less_10ft_def_AGE,less_10ft_def_GP,less_10ft_def_G,less_10ft_def_FREQ,less_10ft_def_FGM_LT_10,less_10ft_def_FGA_LT_10,less_10ft_def_LT_10_PCT,less_10ft_def_NS_LT_10_PCT,less_10ft_def_PLUSMINUS,more_15ft_def_PLAYER_NAME,more_15ft_def_PLAYER_LAST_TEAM_ID,more_15ft_def_PLAYER_LAST_TEAM_ABBREVIATION,more_15ft_def_PLAYER_POSITION,more_15ft_def_AGE,more_15ft_def_GP,more_15ft_def_G,more_15ft_def_FREQ,more_15ft_def_FGM_GT_15,more_15ft_def_FGA_GT_15,more_15ft_def_GT_15_PCT,more_15ft_def_NS_GT_15_PCT,more_15ft_def_PLUSMINUS,hustle_PLAYER_NAME,hustle_TEAM_ID,hustle_TEAM_ABBREVIATION,hustle_AGE,hustle_G,hustle_MIN,hustle_CONTESTED_SHOTS,hustle_CONTESTED_SHOTS_2PT,hustle_CONTESTED_SHOTS_3PT,hustle_DEFLECTIONS,hustle_CHARGES_DRAWN,hustle_SCREEN_ASSISTS,hustle_SCREEN_AST_PTS,hustle_OFF_LOOSE_BALLS_RECOVERED,hustle_DEF_LOOSE_BALLS_RECOVERED,hustle_LOOSE_BALLS_RECOVERED,hustle_PCT_LOOSE_BALLS_RECOVERED_OFF,hustle_PCT_LOOSE_BALLS_RECOVERED_DEF,hustle_OFF_BOXOUTS,hustle_DEF_BOXOUTS,hustle_BOX_OUTS,hustle_BOX_OUT_PLAYER_TEAM_REBS,hustle_BOX_OUT_PLAYER_REBS,hustle_PCT_BOX_OUTS_OFF,hustle_PCT_BOX_OUTS_DEF,hustle_PCT_BOX_OUTS_TEAM_REB,hustle_PCT_BOX_OUTS_REB,post_touch_PLAYER_NAME,post_touch_TEAM_ID,post_touch_TEAM_ABBREVIATION,post_touch_GP,post_touch_W,post_touch_L,post_touch_MIN,post_touch_TOUCHES,post_touch_POST_TOUCHES,post_touch_POST_TOUCH_FGM,post_touch_POST_TOUCH_FGA,post_touch_POST_TOUCH_FG_PCT,post_touch_POST_TOUCH_FTM,post_touch_POST_TOUCH_FTA,post_touch_POST_TOUCH_FT_PCT,post_touch_POST_TOUCH_PTS,post_touch_POST_TOUCH_PTS_PCT,post_touch_POST_TOUCH_PASSES,post_touch_POST_TOUCH_PASSES_PCT,post_touch_POST_TOUCH_AST,post_touch_POST_TOUCH_AST_PCT,post_touch_POST_TOUCH_TOV,post_touch_POST_TOUCH_TOV_PCT,post_touch_POST_TOUCH_FOULS,post_touch_POST_TOUCH_FOULS_PCT,speed_distance_PLAYER_NAME,speed_distance_TEAM_ID,speed_distance_TEAM_ABBREVIATION,speed_distance_GP,speed_distance_W,speed_distance_L,speed_distance_MIN,speed_distance_MIN1,speed_distance_DIST_FEET,speed_distance_DIST_MILES,speed_distance_DIST_MILES_OFF,speed_distance_DIST_MILES_DEF,speed_distance_AVG_SPEED,speed_distance_AVG_SPEED_OFF,speed_distance_AVG_SPEED_DEF,season
101161,Amir Johnson,Amir,1610612755.0,PHI,31.0,1,1,0,1.0,16.916666666666668,5,6,0.833,0,0,0.0,2,4,0.5,4,4,8,3,0,1,0,0,4,3,12,10,29.1,0,0,25.0,1,1,1,1,182,65,142,18,140,197,140,58,39,113,2,66,30,58,175,52,73,1,218,45,78,50,58,20,1,75,,113.5,9,123.3,0.773,0.235,107.9,119.17,133,24.0,64,0.833,104.9,49,104.9,65,49,163,1,142,26,123.3,27.3,0.0,132.0,7,133,64,151,0.154,49,9,5.0,1,18.4,0.0,0.25,50,0.2,43,14,7,137,160,43,38,6.0,0.0,18.4,119.17,0.222,0.161,0.168,65,99.31,39,23,27.0,6.0,21.0,0.0,3.0,2.0,0.111,0.0,0.111,0.0,0.0,0.0,0.0,0.0,0.0,0.0,0.0,0.0,0.0,0.0,0.0,0.0,0.0,0.0,0.0,0.0,0.0,0.667,1.26,39.0,12.0,0.909,0.0,0.8,0.44,11.0,3.0,0.308,26.0,13.0,0.25,3.0,0.5,8.0,0.571,3.5,0.75,0.0,0.615,1.0,1.0,4.0,1.0,0.8,0.8,4.0,5.0,3.9,3.1,1.0,0.667,0.5,3.0,0.167,0.0,1.0,1.0,1.0,1610612755.0,1.0,1.0,0.0,PHI,,1.0,0.0,1.0,1.0,0.167,0.667,0.667,2.0,3.0,0.667,0.5,0.0,0.0,2.0,0.5,0.0,3.0,,2.0,1.0,2.0,,2.0,1.0,0.333,0.333,0.0,0.0,1.0,0.0,2.0,,,,,,,,,,,,,,0,,,0,,,,0,0.0,0.0,0.833,1.0,0.8,0.0,0.0,2.0,10.0,0.0,0.0,0.0,0.0,0.0,1.0,2.0,0.0,0.0,0.0,0.0,0.0,2.0,0.0,0.0,4.0,3.0,0.0,0.0,0.0,0.0,0.0,0.0,0.75,C-F,0.485,0.596,0.667,33.0,22.0,0.071,0.0,0.0,0.0,1.0,0.0,,0.0,0.0,0.0,3.0,0.0,PHI,0.0,2.0,0.0,0.0,0.0,0.0,2.0,,0.0,0.0,0.0,4.0,,0.0,0.0,0.75,0,,0,,,,2018,20171101,False,21700107,,,,Amir Johnson,1610612755.0,PHI,C-F,31.0,1.0,1.0,1.0,8.0,12.0,0.667,0.443,0.224,Amir Johnson,1610612755.0,PHI,C-F,31.0,1.0,1.0,0.083,0.0,1.0,0.0,0.382,-0.382,Amir Johnson,1610612755.0,PHI,C-F,31.0,1.0,1.0,0.917,8.0,11.0,0.727,0.5,0.227,Amir Johnson,1610612755.0,PHI,C-F,31.0,1.0,1.0,0.417,5.0,5.0,1.0,0.574,0.426,Amir Johnson,1610612755.0,PHI,C-F,31.0,1.0,1.0,0.583,6.0,7.0,0.857,0.548,0.309,Amir Johnson,1610612755.0,PHI,C-F,31.0,1.0,1.0,0.25,1.0,3.0,0.333,0.384,-0.051,Amir Johnson,1610612755.0,PHI,31.0,1.0,16.9,9.0,8.0,1.0,1.0,0.0,4.0,8.0,0.0,0.0,0.0,0.0,0.0,0.0,8.0,8.0,3.0,1.0,0.0,1.0,1.0,0.333,Amir Johnson,1610612755,PHI,1,1,0,16.9,39.0,0.0,0.0,0.0,0.0,0.0,0.0,0.0,0.0,0.0,0.0,0.0,0.0,0.0,0.0,0.0,0.0,0.0,Amir Johnson,1610612755,PHI,1,1,0,16.92,16.92,6950.0,1.32,0.68,0.64,4.63,5.23,4.09,2017_18
1627732,Ben Simmons,Ben,1610612755.0,PHI,21.0,1,1,0,1.0,33.5,8,16,0.5,0,1,0.0,3,6,0.5,4,9,13,9,4,2,0,0,2,4,19,14,50.1,1,0,45.0,1,1,1,1,43,26,28,86,140,157,140,39,17,113,2,10,3,3,12,18,73,1,114,29,36,28,9,1,1,11,,112.59,14,103.7,0.51,0.165,92.4,116.06,49,13.3,76,0.5,88.8,126,88.8,26,48,65,164,28,123,103.7,28.1,12.5,105.8,37,49,76,65,0.237,126,14,8.0,173,14.9,2.25,0.257,96,0.375,23,42,13,42,63,82,36,16.0,12.6,14.9,116.06,0.091,0.245,0.193,14,96.72,151,120,84.0,24.0,88.0,0.0,12.0,21.0,0.143,3.0,0.107,2.0,0.043,23.0,10.0,9.0,9.0,0.043,1.0,0.5,1.0,0.087,1.0,0.391,4.0,0.4,0.391,2.0,0.0,1.2,3.76,111.0,19.0,0.333,0.0,7.0,3.08,6.0,5.0,0.171,45.0,19.0,0.333,3.0,0.667,6.0,0.667,5.4,0.75,2.0,0.684,1.0,2.0,6.0,0.0,0.643,0.75,7.0,14.0,5.1,5.5,3.0,0.765,0.462,6.0,0.375,0.0,0.667,4.0,1.0,1610612755.0,0.667,4.0,0.0,PHI,,0.667,0.0,6.0,6.0,0.375,0.429,0.429,3.0,7.0,0.429,0.438,0.0,0.0,3.0,0.438,0.0,7.0,,1.0,0.0,0.0,,1.0,0.0,0.063,0.063,0.0,0.0,0.0,0.0,0.0,0.063,1.0,1.0,1.0,1.0,0.0,0.063,1.0,0.125,0.0,2.0,0.5,0.5,4,0.0,0.667,2,0.667,0.0,,3,0.0,0.0,0.5,1.0,1.0,0.0,0.0,6.0,2.0,0.0,2.0,0.0,0.0,0.5,0.5,4.0,0.0,1.0,0.0,0.0,1.0,8.0,0.0,0.0,5.0,3.0,0.0,0.0,0.0,0.0,0.0,0.0,0.6,G-F,0.261,0.595,0.542,24.0,13.0,-0.053,0.0,0.0,1.0,0.4,0.0,,1.0,0.0,0.0,5.0,1.0,PHI,0.0,5.0,0.0,0.0,0.0,0.0,2.0,,0.0,0.0,1.0,8.0,,0.0,1.0,0.625,0,0.0,1,0.0,0.0,1.0,2018,20171101,False,21700107,,,,Ben Simmons,1610612755.0,PHI,G-F,21.0,1.0,1.0,1.0,5.0,9.0,0.556,0.432,0.123,Ben Simmons,1610612755.0,PHI,G-F,21.0,1.0,1.0,0.556,2.0,5.0,0.4,0.334,0.066,Ben Simmons,1610612755.0,PHI,G-F,21.0,1.0,1.0,0.444,3.0,4.0,0.75,0.47,0.281,Ben Simmons,1610612755.0,PHI,G-F,21.0,1.0,1.0,0.333,2.0,3.0,0.667,0.553,0.114,Ben Simmons,1610612755.0,PHI,G-F,21.0,1.0,1.0,0.333,2.0,3.0,0.667,0.51,0.156,Ben Simmons,1610612755.0,PHI,G-F,21.0,1.0,1.0,0.556,2.0,5.0,0.4,0.372,0.028,Ben Simmons,1610612755.0,PHI,21.0,1.0,33.5,3.0,0.0,3.0,4.0,0.0,0.0,0.0,2.0,1.0,3.0,0.667,0.333,1.0,3.0,4.0,2.0,2.0,0.25,0.75,1.0,1.0,Ben Simmons,1610612755,PHI,1,1,0,33.5,111.0,0.0,0.0,0.0,0.0,0.0,0.0,0.0,0.0,0.0,0.0,0.0,0.0,0.0,0.0,0.0,0.0,0.0,Ben Simmons,1610612755,PHI,1,1,0,33.5,33.5,14245.0,2.7,1.56,1.14,4.85,5.47,4.17,2017_18
203967,Dario Šarić,Dario,1610612755.0,PHI,24.0,1,1,0,1.0,20.166666666666668,1,9,0.111,1,3,0.333,2,2,1.0,3,3,6,0,2,0,0,3,0,2,5,1,10.2,0,0,12.0,1,1,1,1,151,193,87,227,74,89,91,58,77,1,10,96,52,189,46,119,73,261,1,88,177,118,196,20,1,172,,106.77,30,91.3,0.253,0.109,90.7,110.68,42,3.6,113,0.167,87.2,202,87.2,193,189,78,196,87,224,91.3,0.0,16.7,94.3,29,42,113,55,0.222,202,30,1.0,201,4.1,0.0,0.111,113,0.0,234,78,44,137,74,46,141,9.0,16.8,4.1,110.68,0.107,0.235,-0.007,189,92.23,227,185,23.0,0.0,25.0,0.0,0.0,0.0,0.0,0.0,0.0,0.0,0.0,0.0,0.0,0.0,0.0,0.0,0.0,0.0,0.0,0.0,0.0,0.0,0.0,0.0,0.0,0.0,0.0,0.0,1.43,36.0,5.0,0.0,1.0,0.9,0.47,4.0,1.0,0.139,27.0,11.0,0.0,1.0,0.6,5.0,0.6,3.5,0.333,0.0,0.545,2.0,0.0,1.0,0.0,0.5,0.5,5.0,6.0,3.9,3.1,0.0,0.545,0.167,3.0,,,,,,,,,,,,,,,,,0.0,0.0,0.0,2.0,0.0,0.333,0.0,0.0,0.0,0.333,0.0,2.0,,,,,,,,,,,,,,,0.5,1.0,0.0,0.0,1.0,1.0,0.167,3.0,0.667,0.333,4.0,0.25,0.375,0,0.0,0.0,0,0.0,0.0,,1,3.0,0.25,0.167,0.0,0.0,0.0,0.0,0.0,0.0,0.0,2.0,0.0,0.0,0.0,0.0,0.0,,0.0,1.0,1.0,0.0,0.0,,0.0,4.0,0.0,1.0,0.0,0.0,,2.0,0.5,0.0,F,0.413,0.591,0.613,31.0,19.0,0.022,0.5,1.0,0.0,0.0,0.0,,0.0,1.0,2.0,0.0,2.0,PHI,0.0,0.0,,0.0,0.0,0.0,0.0,,0.0,,0.0,4.0,,,0.0,0.0,1,1.0,4,0.333,0.375,3.0,2018,20171101,False,21700107,,,,Dario Šarić,1610612755.0,PHI,F,24.0,1.0,1.0,1.0,3.0,7.0,0.429,0.451,-0.022,Dario Šarić,1610612755.0,PHI,F,24.0,1.0,1.0,0.143,0.0,1.0,0.0,0.388,-0.388,Dario Šarić,1610612755.0,PHI,F,24.0,1.0,1.0,0.857,3.0,6.0,0.5,0.501,-0.001,Dario Šarić,1610612755.0,PHI,F,24.0,1.0,1.0,0.714,2.0,5.0,0.4,0.598,-0.198,Dario Šarić,1610612755.0,PHI,F,24.0,1.0,1.0,0.714,2.0,5.0,0.4,0.555,-0.155,Dario Šarić,1610612755.0,PHI,F,24.0,1.0,1.0,0.286,1.0,2.0,0.5,0.39,0.11,Dario Šarić,1610612755.0,PHI,24.0,1.0,20.2,4.0,3.0,1.0,2.0,0.0,1.0,2.0,0.0,0.0,0.0,0.0,0.0,1.0,1.0,2.0,1.0,1.0,0.5,0.5,1.0,1.0,Dario Šarić,1610612755,PHI,1,1,0,20.2,36.0,1.0,0.0,0.0,0.0,0.0,0.0,0.0,0.0,0.0,1.0,1.0,0.0,0.0,0.0,0.0,0.0,0.0,Dario Šarić,1610612755,PHI,1,1,0,20.17,20.17,8590.0,1.63,0.88,0.75,4.8,5.22,4.34,2017_18
1627743,Demetrius Jackson,Demetrius,1610612755.0,PHI,23.0,1,1,0,1.0,3.983333333333333,1,2,0.5,0,1,0.0,0,0,0.0,1,0,1,0,0,0,0,0,1,0,2,-2,3.2,0,0,3.0,1,1,1,1,255,193,227,86,140,157,140,149,156,149,54,225,201,189,175,119,73,1,52,199,217,144,242,20,1,244,,97.61,117,55.6,0.5,0.1,84.1,102.43,43,-20.7,223,0.5,87.5,255,87.5,193,189,131,1,227,123,55.6,0.0,0.0,63.5,11,43,223,31,0.182,255,117,1.0,1,-31.9,0.0,0.0,194,0.0,154,92,208,137,110,9,225,2.0,0.0,-31.9,102.43,0.167,0.202,0.071,189,85.36,154,253,9.0,0.0,10.0,0.0,0.0,2.0,0.0,0.0,0.0,0.0,0.0,1.0,1.0,0.0,2.0,0.0,0.0,0.0,0.0,0.0,0.0,0.0,1.0,1.0,2.0,0.0,0.0,0.0,2.07,14.0,2.0,0.0,0.0,0.5,2.07,0.0,0.0,0.143,7.0,1.0,0.0,1.0,1.0,1.0,1.0,11.7,1.0,0.0,1.0,0.0,0.0,1.0,0.0,0.0,0.0,0.0,0.0,11.7,0.0,0.0,1.0,1.0,0.0,0.5,0.0,1.0,1.0,1.0,1610612755.0,1.0,1.0,0.0,PHI,,1.0,0.0,1.0,1.0,0.5,,,,,,,,,,,,,,0.0,0.0,0.0,0.0,1.0,0.0,0.0,0.5,1.0,0.0,,0.5,0.0,,,,,,,,,,,,,,0,0.0,,0,,0.0,,0,0.0,0.0,0.5,0.0,0.0,0.0,0.0,0.0,0.0,0.0,0.0,0.0,0.0,0.0,0.0,0.0,,0.0,0.0,0.0,0.0,0.0,,0.0,1.0,1.0,0.0,0.0,0.0,,1.0,0.0,1.0,G,0.412,0.605,0.714,7.0,5.0,0.109,0.0,0.0,0.0,0.0,0.0,,0.0,0.0,1.0,1.0,0.0,PHI,0.0,0.0,,0.0,0.0,0.0,0.0,,0.0,,0.0,1.0,,,0.0,1.0,0,0.0,1,0.0,0.0,1.0,2018,20171101,False,21700107,,,,Demetrius Jackson,1610612755.0,PHI,G,23.0,1.0,1.0,1.0,2.0,2.0,1.0,0.496,0.505,,,,,,,,,,,,,,Demetrius Jackson,1610612755.0,PHI,G,23.0,1.0,1.0,1.0,2.0,2.0,1.0,0.508,0.492,Demetrius Jackson,1610612755.0,PHI,G,23.0,1.0,1.0,0.5,1.0,1.0,1.0,0.657,0.343,Demetrius Jackson,1610612755.0,PHI,G,23.0,1.0,1.0,1.0,2.0,2.0,1.0,0.549,0.452,,,,,,,,,,,,,,,,,,,,,,,,,,,,,,,,,,,,,,,,,Demetrius Jackson,1610612755,PHI,1,1,0,4.0,14.0,0.0,0.0,0.0,0.0,0.0,0.0,0.0,0.0,0.0,0.0,0.0,0.0,0.0,0.0,0.0,0.0,0.0,Demetrius Jackson,1610612755,PHI,1,1,0,3.98,3.98,1581.0,0.3,0.17,0.13,4.57,6.07,3.05,2017_18
203471,Dennis Schröder,Dennis,1610612737.0,ATL,24.0,1,0,1,0.0,32.875,10,17,0.588,2,2,1.0,3,3,1.0,0,3,3,6,4,0,0,1,2,7,25,-12,33.6,0,0,36.0,1,131,131,131,48,8,21,63,33,124,1,39,62,1,130,96,123,17,12,119,73,184,114,6,13,220,43,20,1,28,,112.63,20,103.9,0.682,0.045,118.2,113.89,184,-13.5,168,0.647,116.5,123,116.5,8,82,42,179,21,73,103.9,21.4,14.3,104.7,130,184,168,189,0.265,123,20,10.0,180,-12.6,1.5,0.088,169,0.316,67,188,12,70,45,77,168,17.0,14.1,-12.6,113.89,0.0,0.271,0.137,33,94.9,72,125,54.0,14.0,81.0,0.0,7.0,11.0,0.13,1.0,0.111,0.0,0.05,20.0,10.0,4.0,15.0,0.05,2.0,1.0,1.0,0.0,1.0,0.2,6.0,0.6,0.75,2.0,0.0,0.0,5.55,85.0,25.0,0.0,0.0,7.9,4.99,0.0,0.0,0.294,27.0,8.0,0.333,0.0,0.0,3.0,0.0,7.0,0.0,0.0,0.375,0.0,0.0,1.0,0.0,0.6,0.6,2.0,5.0,0.0,7.0,1.0,0.375,0.333,2.0,0.25,0.0,0.25,1.0,1.0,1610612737.0,0.25,1.0,0.0,ATL,,0.25,0.0,4.0,4.0,0.25,0.929,0.833,6.0,6.0,0.857,0.438,1.0,0.063,5.0,0.375,1.0,7.0,1.0,3.0,0.667,2.0,,3.0,0.667,0.188,0.188,0.0,0.0,0.667,0.0,2.0,0.063,1.0,0.0,0.0,1.0,1.0,0.063,1.0,0.125,1.0,2.0,0.5,0.75,12,2.0,0.75,5,0.625,2.0,1.0,8,0.0,0.0,0.647,0.0,0.0,0.0,0.0,0.0,0.0,0.0,5.0,0.0,0.0,0.4,0.667,2.0,0.0,0.0,0.0,0.0,2.0,3.0,0.0,0.0,7.0,4.0,2.0,0.0,0.0,0.0,2.0,1.0,0.571,G,0.368,0.59,0.68,25.0,17.0,0.09,1.0,2.0,2.0,1.0,0.0,,0.0,2.0,2.0,5.0,2.0,ATL,0.0,1.0,0.0,0.0,0.0,0.0,1.0,,0.0,0.0,1.0,8.0,,0.0,2.0,0.625,0,0.0,1,,0.0,0.0,2018,20171101,False,21700107,,,,Dennis Schröder,1610612737.0,ATL,G,24.0,1.0,1.0,1.0,8.0,13.0,0.615,0.469,0.146,Dennis Schröder,1610612737.0,ATL,G,24.0,1.0,1.0,0.462,3.0,6.0,0.5,0.387,0.114,Dennis Schröder,1610612737.0,ATL,G,24.0,1.0,1.0,0.538,5.0,7.0,0.714,0.529,0.185,Dennis Schröder,1610612737.0,ATL,G,24.0,1.0,1.0,0.462,4.0,6.0,0.667,0.611,0.056,Dennis Schröder,1610612737.0,ATL,G,24.0,1.0,1.0,0.462,4.0,6.0,0.667,0.571,0.096,Dennis Schröder,1610612737.0,ATL,G,24.0,1.0,1.0,0.538,4.0,7.0,0.571,0.396,0.176,Dennis Schröder,1610612737.0,ATL,24.0,1.0,32.9,5.0,1.0,4.0,0.0,0.0,0.0,0.0,0.0,0.0,0.0,0.0,0.0,0.0,1.0,1.0,0.0,0.0,0.0,1.0,0.0,0.0,Dennis Schröder,1610612737,ATL,1,0,1,32.9,85.0,0.0,0.0,0.0,0.0,0.0,0.0,0.0,0.0,0.0,0.0,0.0,0.0,0.0,0.0,0.0,0.0,0.0,Dennis Schröder,1610612737,ATL,1,0,1,32.88,32.88,13277.0,2.51,1.3,1.21,4.51,4.81,4.23,2017_18
203473,Dewayne Dedmon,Dewayne,1610612737.0,ATL,28.0,1,0,1,0.0,21.566666666666663,4,10,0.4,0,0,0.0,2,3,0.667,4,5,9,0,3,0,1,0,5,2,10,-8,20.8,0,0,21.0,1,131,131,131,140,84,70,151,140,197,140,58,62,101,2,52,23,189,25,119,21,1,244,88,99,188,112,20,1,102,,102.07,53,85.1,0.442,0.18,103.6,105.72,96,-15.5,179,0.4,100.0,222,100.0,84,189,32,223,70,173,85.1,0.0,21.4,88.1,10,96,179,122,0.28,222,53,4.0,221,-14.9,0.0,0.185,172,0.0,194,32,116,137,30,47,75,10.0,20.9,-14.9,105.72,0.174,0.29,0.034,189,88.1,180,211,27.0,0.0,24.0,0.0,0.0,1.0,0.0,0.0,0.0,0.0,0.0,0.0,0.0,0.0,0.0,0.0,0.0,0.0,0.0,0.0,0.0,0.0,0.0,0.0,0.0,0.0,0.0,0.286,1.27,41.0,10.0,1.0,1.0,0.9,0.32,8.0,7.0,0.244,28.0,18.0,0.4,3.0,0.5,8.0,0.5,3.4,0.75,1.0,0.5,1.0,1.0,5.0,0.0,0.5,0.556,4.0,10.0,2.1,4.4,2.0,0.529,0.556,3.0,0.4,0.0,0.75,3.0,1.0,1610612737.0,0.75,3.0,0.0,ATL,,0.75,0.0,4.0,4.0,0.4,0.333,0.333,1.0,3.0,0.333,0.3,0.0,0.0,1.0,0.3,0.0,3.0,,2.0,0.0,0.0,,2.0,0.0,0.2,0.2,0.0,0.0,0.0,0.0,0.0,0.0,0.0,0.0,0.0,1.0,0.0,0.1,0.0,0.1,,1.0,0.0,0.0,0,,,0,,,,0,0.0,0.0,0.4,0.2,0.75,0.0,0.0,2.0,8.0,0.0,2.0,0.0,0.0,0.0,0.25,1.0,0.0,0.0,0.0,0.0,0.0,4.0,0.0,0.0,4.0,3.0,0.0,0.0,0.0,0.0,0.0,0.0,0.75,C,0.356,0.589,0.563,32.0,18.0,-0.027,0.0,0.0,0.0,0.333,0.0,,0.0,0.0,0.0,3.0,2.0,ATL,0.0,3.0,,0.0,0.0,0.0,1.0,,0.0,,0.0,5.0,,,0.0,0.6,0,,3,,0.0,,2018,20171101,False,21700107,,,,Dewayne Dedmon,1610612737.0,ATL,C,28.0,1.0,1.0,1.0,5.0,11.0,0.455,0.46,-0.005,Dewayne Dedmon,1610612737.0,ATL,C,28.0,1.0,1.0,0.273,1.0,3.0,0.333,0.336,-0.003,Dewayne Dedmon,1610612737.0,ATL,C,28.0,1.0,1.0,0.727,4.0,8.0,0.5,0.503,-0.003,Dewayne Dedmon,1610612737.0,ATL,C,28.0,1.0,1.0,0.273,1.0,3.0,0.333,0.554,-0.221,Dewayne Dedmon,1610612737.0,ATL,C,28.0,1.0,1.0,0.545,2.0,6.0,0.333,0.556,-0.223,Dewayne Dedmon,1610612737.0,ATL,C,28.0,1.0,1.0,0.364,2.0,4.0,0.5,0.364,0.136,Dewayne Dedmon,1610612737.0,ATL,28.0,1.0,21.6,9.0,6.0,3.0,0.0,0.0,2.0,4.0,0.0,0.0,0.0,0.0,0.0,4.0,6.0,10.0,7.0,4.0,0.4,0.6,1.0,0.571,Dewayne Dedmon,1610612737,ATL,1,0,1,21.6,41.0,1.0,0.0,0.0,0.0,0.0,0.0,0.0,0.0,0.0,0.0,0.0,0.0,0.0,0.0,0.0,0.0,0.0,Dewayne Dedmon,1610612737,ATL,1,0,1,21.57,21.57,8329.0,1.58,0.84,0.74,4.46,4.6,3.8,2017_18
1627819,Isaiah Taylor,Isaiah,1610612737.0,ATL,23.0,1,0,1,0.0,18.091666666666665,4,9,0.444,0,1,0.0,0,0,0.0,0,2,2,2,2,1,0,1,3,0,8,5,14.4,0,0,14.0,1,131,131,131,172,84,87,129,140,157,140,149,156,149,130,137,154,90,46,52,73,184,175,199,122,83,158,20,1,152,,111.75,13,97.7,0.444,0.038,92.6,116.74,38,6.9,92,0.444,86.4,165,86.4,84,123,99,192,87,160,97.7,15.4,15.4,99.5,130,38,92,67,0.208,165,13,4.0,192,11.4,1.0,0.074,104,0.154,175,200,15,84,96,44,189,9.0,15.4,11.4,116.74,0.0,0.215,0.052,101,97.28,178,154,26.0,5.0,33.0,0.0,2.0,6.0,0.077,0.0,0.077,1.0,0.0,8.0,6.0,1.0,6.0,0.0,0.0,0.0,0.0,0.125,0.0,0.125,3.0,0.5,0.75,0.0,0.0,0.0,4.93,37.0,8.0,0.0,0.0,3.0,4.86,0.0,0.0,0.216,17.0,3.0,0.0,0.0,0.0,1.0,0.0,6.1,0.0,0.0,0.667,0.0,0.0,0.0,0.0,1.0,1.0,2.0,2.0,0.0,6.1,0.0,0.667,0.0,2.0,0.375,0.0,0.667,2.0,1.0,1610612737.0,0.667,2.0,0.0,ATL,,0.667,0.0,3.0,3.0,0.375,0.667,0.667,2.0,3.0,0.667,0.375,0.0,0.0,2.0,0.375,0.0,3.0,,1.0,0.0,0.0,0.0,2.0,0.0,0.125,0.25,1.0,0.0,0.0,0.125,0.0,,,,,,,,,,,,,,0,0.0,,0,,0.0,,0,0.0,0.0,0.444,0.0,0.0,0.0,0.0,0.0,0.0,0.0,0.0,0.0,0.0,0.0,0.25,1.0,,0.0,0.0,0.0,0.0,4.0,,0.0,4.0,3.0,0.0,0.0,0.0,,1.0,0.0,0.75,G,0.318,0.518,0.571,7.0,4.0,0.054,0.0,0.0,1.0,0.333,0.0,,0.0,0.0,1.0,3.0,0.0,ATL,0.0,3.0,,0.0,0.0,0.0,1.0,,0.0,,0.0,4.0,,,0.0,0.75,0,0.0,1,0.0,0.0,1.0,2018,20171101,False,21700107,,,,Isaiah Taylor,1610612737.0,ATL,G,23.0,1.0,1.0,1.0,2.0,5.0,0.4,0.435,-0.035,Isaiah Taylor,1610612737.0,ATL,G,23.0,1.0,1.0,0.4,1.0,2.0,0.5,0.335,0.165,Isaiah Taylor,1610612737.0,ATL,G,23.0,1.0,1.0,0.6,1.0,3.0,0.333,0.516,-0.182,,,,,,,,,,,,,,Isaiah Taylor,1610612737.0,ATL,G,23.0,1.0,1.0,0.2,1.0,1.0,1.0,0.558,0.442,Isaiah Taylor,1610612737.0,ATL,G,23.0,1.0,1.0,0.8,1.0,4.0,0.25,0.385,-0.135,Isaiah Taylor,1610612737.0,ATL,23.0,1.0,18.1,5.0,3.0,2.0,1.0,0.0,0.0,0.0,1.0,0.0,1.0,1.0,0.0,0.0,1.0,1.0,1.0,0.0,0.0,1.0,1.0,0.0,Isaiah Taylor,1610612737,ATL,1,0,1,18.1,37.0,0.0,0.0,0.0,0.0,0.0,0.0,0.0,0.0,0.0,0.0,0.0,0.0,0.0,0.0,0.0,0.0,0.0,Isaiah Taylor,1610612737,ATL,1,0,1,18.1,18.1,7478.0,1.42,0.74,0.67,4.81,4.84,4.79,2017_18
200755,JJ Redick,JJ,1610612755.0,PHI,34.0,1,1,0,1.0,31.78333333333333,3,11,0.273,1,6,0.167,1,2,0.5,0,1,1,3,1,0,0,0,4,1,8,0,12.7,0,0,13.0,1,1,1,1,53,115,58,205,74,24,137,106,77,113,130,178,201,58,92,119,73,1,218,126,122,127,173,20,1,160,,110.55,29,109.6,0.337,0.014,108.4,111.0,145,1.8,125,0.318,108.1,103,108.1,115,103,162,102,58,205,109.6,18.8,6.3,110.2,130,145,125,155,0.155,103,29,3.0,104,1.5,3.0,0.029,122,0.103,239,238,26,18,165,73,221,11.0,6.3,1.5,111.0,0.0,0.158,-0.015,141,92.5,214,101,41.0,4.0,43.0,0.0,4.0,6.0,0.098,2.0,0.073,1.0,0.0,5.0,0.0,4.0,0.0,0.0,0.0,0.0,0.0,0.2,0.0,0.8,0.0,0.0,0.0,0.0,0.0,0.0,1.68,53.0,8.0,0.0,0.0,1.5,1.09,0.0,0.0,0.151,47.0,5.0,0.0,0.0,0.0,1.0,0.0,12.1,0.0,0.0,0.2,0.0,0.0,0.0,0.0,0.2,0.2,1.0,5.0,0.0,12.1,0.0,0.2,0.0,1.0,,,,,,,,,,,,,,,,,0.0,0.0,0.0,2.0,0.0,0.182,0.0,0.0,0.0,0.182,0.0,2.0,,2.0,0.6,2.0,0.333,5.0,0.7,0.182,0.455,3.0,1.0,1.0,0.273,3.0,0.273,0.0,0.0,0.0,1.0,0.0,0.091,3.0,0.364,0.0,4.0,0.0,0.0,7,1.0,0.583,3,0.5,2.0,0.5,6,0.0,0.0,0.318,0.0,0.0,0.0,0.0,0.0,0.0,0.0,5.0,0.0,0.0,0.4,0.0,0.0,0.0,0.0,1.0,1.0,2.0,0.0,0.0,0.0,0.0,0.0,1.0,0.0,0.0,0.0,5.0,0.2,0.0,G-F,0.323,0.581,0.6,20.0,12.0,0.019,0.2,2.0,0.0,0.0,0.5,,0.0,1.0,5.0,0.0,4.0,PHI,0.0,0.0,0.0,1.0,0.0,0.0,0.0,,0.0,0.0,0.25,0.0,,0.0,1.0,0.0,0,0.0,5,0.0,0.0,4.0,2018,20171101,False,21700107,,,,JJ Redick,1610612755.0,PHI,G-F,34.0,1.0,1.0,1.0,8.0,14.0,0.571,0.447,0.124,JJ Redick,1610612755.0,PHI,G-F,34.0,1.0,1.0,0.286,2.0,4.0,0.5,0.379,0.121,JJ Redick,1610612755.0,PHI,G-F,34.0,1.0,1.0,0.714,6.0,10.0,0.6,0.511,0.089,JJ Redick,1610612755.0,PHI,G-F,34.0,1.0,1.0,0.5,5.0,7.0,0.714,0.583,0.132,JJ Redick,1610612755.0,PHI,G-F,34.0,1.0,1.0,0.571,5.0,8.0,0.625,0.56,0.065,JJ Redick,1610612755.0,PHI,G-F,34.0,1.0,1.0,0.429,3.0,6.0,0.5,0.385,0.116,JJ Redick,1610612755.0,PHI,34.0,1.0,31.8,5.0,2.0,3.0,1.0,0.0,0.0,0.0,0.0,0.0,0.0,0.0,0.0,0.0,1.0,1.0,0.0,0.0,0.0,1.0,0.0,0.0,JJ Redick,1610612755,PHI,1,1,0,31.8,53.0,0.0,0.0,0.0,0.0,0.0,0.0,0.0,0.0,0.0,0.0,0.0,0.0,0.0,0.0,0.0,0.0,0.0,JJ Redick,1610612755,PHI,1,1,0,31.78,31.78,13804.0,2.61,1.42,1.2,4.94,5.12,4.75,2017_18
201573,Jerryd Bayless,Jerryd,1610612755.0,PHI,29.0,1,1,0,1.0,31.466666666666665,5,9,0.556,2,5,0.4,2,2,1.0,1,1,2,3,0,1,1,1,3,2,14,11,26.9,0,0,25.0,1,1,1,1,56,65,87,76,33,38,86,58,77,1,54,178,154,58,175,52,21,184,175,88,65,47,74,20,1,75,,110.32,24,106.8,0.709,0.028,93.3,112.88,64,16.9,77,0.667,91.9,112,91.9,65,71,209,1,87,57,106.8,23.1,0.0,110.2,119,64,77,71,0.119,112,24,5.0,1,14.9,0.0,0.028,75,0.111,113,225,28,137,209,74,223,9.0,0.0,14.9,112.88,0.029,0.124,0.104,126,94.07,60,102,24.0,7.0,30.0,1.0,5.0,7.0,0.208,1.0,0.125,1.0,0.25,4.0,2.0,0.0,4.0,0.0,2.0,1.0,1.0,0.25,0.0,0.0,1.0,0.5,1.0,2.0,0.0,0.0,2.05,35.0,14.0,0.0,0.0,1.2,0.97,0.0,0.0,0.4,29.0,6.0,0.0,0.0,1.0,1.0,1.0,11.8,0.0,1.0,0.333,1.0,1.0,0.0,0.0,0.2,0.25,2.0,5.0,17.9,5.6,0.0,0.4,0.0,1.0,0.125,0.0,1.0,1.0,1.0,1610612755.0,1.0,1.0,0.0,PHI,,1.0,0.0,1.0,1.0,0.125,1.0,1.0,1.0,1.0,1.0,0.125,0.0,0.0,1.0,0.125,0.0,1.0,,1.0,0.667,1.0,0.5,3.0,0.833,0.125,0.375,2.0,1.0,1.0,0.25,2.0,0.375,1.0,0.0,,0.0,1.0,0.0,3.0,0.375,0.333,3.0,0.333,0.5,2,0.0,1.0,1,1.0,0.0,,1,6.0,0.4,0.667,0.0,0.0,0.0,0.0,0.0,0.0,0.333,1.0,0.0,0.5,1.0,0.0,0.0,1.0,0.0,3.0,2.0,1.0,1.0,0.0,1.0,2.0,2.0,1.0,1.0,0.0,0.0,2.0,0.5,1.0,G,0.211,0.578,0.789,19.0,15.0,0.211,0.5,3.0,0.0,0.0,0.333,,0.0,1.0,2.0,2.0,1.0,PHI,0.0,1.0,0.0,1.0,0.0,0.0,0.0,,0.0,0.0,1.0,2.0,,0.0,1.0,1.0,2,2.0,5,0.4,0.6,5.0,2018,20171101,False,21700107,,,,Jerryd Bayless,1610612755.0,PHI,G,29.0,1.0,1.0,1.0,5.0,14.0,0.357,0.426,-0.068,Jerryd Bayless,1610612755.0,PHI,G,29.0,1.0,1.0,0.286,2.0,4.0,0.5,0.361,0.139,Jerryd Bayless,1610612755.0,PHI,G,29.0,1.0,1.0,0.714,3.0,10.0,0.3,0.473,-0.173,Jerryd Bayless,1610612755.0,PHI,G,29.0,1.0,1.0,0.214,2.0,3.0,0.667,0.565,0.102,Jerryd Bayless,1610612755.0,PHI,G,29.0,1.0,1.0,0.357,2.0,5.0,0.4,0.51,-0.11,Jerryd Bayless,1610612755.0,PHI,G,29.0,1.0,1.0,0.5,2.0,7.0,0.286,0.39,-0.104,Jerryd Bayless,1610612755.0,PHI,29.0,1.0,31.5,9.0,5.0,4.0,1.0,0.0,0.0,0.0,2.0,1.0,3.0,0.667,0.333,0.0,0.0,0.0,0.0,0.0,0.0,0.0,0.0,0.0,Jerryd Bayless,1610612755,PHI,1,1,0,31.5,35.0,0.0,0.0,0.0,0.0,0.0,0.0,0.0,0.0,0.0,0.0,0.0,0.0,0.0,0.0,0.0,0.0,0.0,Jerryd Bayless,1610612755,PHI,1,1,0,31.47,31.47,12348.0,2.34,1.22,1.12,4.42,4.62,4.21,2017_18
203954,Joel Embiid,Joel,1610612755.0,PHI,24.0,1,1,0,1.0,30.241666666666667,9,16,0.563,1,3,0.333,2,5,0.4,2,10,12,6,2,3,3,0,4,10,21,2,60.4,1,0,52.0,1,1,1,1,62,14,28,73,74,89,91,58,24,146,27,6,8,17,46,9,1,1,218,2,29,108,4,1,1,7,,110.31,26,93.0,0.577,0.158,91.4,112.69,56,4.3,117,0.594,90.1,190,90.1,14,71,52,121,28,96,93.0,23.1,7.7,95.7,73,56,117,57,0.25,190,26,9.0,122,2.8,3.0,0.263,110,0.353,6,43,29,18,49,71,35,16.0,7.6,2.8,112.69,0.053,0.266,0.273,22,93.91,118,175,65.0,18.0,59.0,0.0,6.0,9.0,0.092,0.0,0.092,1.0,0.0,2.0,0.0,1.0,0.0,0.0,0.0,0.0,0.0,0.5,0.0,0.5,0.0,0.0,0.0,0.0,0.389,0.5,1.92,88.0,21.0,1.4,18.0,2.8,0.94,5.0,4.0,0.239,59.0,20.0,0.3,1.0,0.4,5.0,0.4,4.6,0.5,0.0,0.6,1.0,0.0,4.0,0.0,0.667,0.667,8.0,15.0,9.5,3.6,3.0,0.6,0.333,7.0,0.313,0.0,0.6,3.0,1.0,1610612755.0,0.6,3.0,0.0,PHI,,0.6,0.0,5.0,5.0,0.313,0.667,0.667,4.0,6.0,0.667,0.375,0.0,0.0,4.0,0.375,0.0,6.0,,2.0,0.5,1.0,,2.0,0.5,0.125,0.125,0.0,0.0,0.5,0.0,1.0,0.188,1.0,0.0,,0.0,1.0,0.0,3.0,0.188,0.333,3.0,0.333,0.5,2,0.0,0.5,1,0.5,0.0,,2,3.0,0.333,0.594,1.0,0.75,0.429,7.0,2.0,7.0,0.0,3.0,0.0,0.0,0.333,1.0,1.0,0.0,0.0,0.0,0.0,1.0,1.0,0.0,0.0,9.0,6.0,1.0,0.0,0.0,0.0,3.0,0.333,0.667,C,0.389,0.599,0.541,37.0,20.0,-0.058,0.333,0.0,3.0,0.0,0.0,,0.0,1.0,3.0,6.0,1.0,PHI,2.0,0.0,0.0,0.0,0.0,0.0,0.0,,0.667,0.0,0.0,9.0,,0.0,0.0,0.667,1,1.0,3,0.333,0.5,3.0,2018,20171101,False,21700107,,,,Joel Embiid,1610612755.0,PHI,C,24.0,1.0,1.0,1.0,5.0,15.0,0.333,0.469,-0.135,Joel Embiid,1610612755.0,PHI,C,24.0,1.0,1.0,0.067,0.0,1.0,0.0,0.378,-0.378,Joel Embiid,1610612755.0,PHI,C,24.0,1.0,1.0,0.933,5.0,14.0,0.357,0.532,-0.175,Joel Embiid,1610612755.0,PHI,C,24.0,1.0,1.0,0.467,3.0,7.0,0.429,0.633,-0.205,Joel Embiid,1610612755.0,PHI,C,24.0,1.0,1.0,0.6,3.0,9.0,0.333,0.577,-0.243,Joel Embiid,1610612755.0,PHI,C,24.0,1.0,1.0,0.333,1.0,5.0,0.2,0.396,-0.196,Joel Embiid,1610612755.0,PHI,24.0,1.0,30.3,11.0,11.0,0.0,2.0,0.0,3.0,6.0,0.0,1.0,1.0,0.0,1.0,2.0,3.0,5.0,3.0,0.0,0.4,0.6,1.0,0.0,Joel Embiid,1610612755,PHI,1,1,0,30.3,88.0,18.0,3.0,7.0,0.429,1.0,4.0,0.25,7.0,0.389,4.0,0.222,1.0,0.056,2.0,0.111,2.0,0.111,Joel Embiid,1610612755,PHI,1,1,0,30.25,30.25,11486.0,2.18,1.16,1.02,4.39,4.55,4.21,2017_18
1628381,John Collins,John,1610612737.0,ATL,20.0,1,0,1,0.0,13.816666666666666,3,7,0.429,0,1,0.0,1,2,0.5,6,1,7,2,1,0,1,0,6,1,7,0,20.4,0,0,18.0,1,131,131,131,206,115,117,137,140,157,140,106,77,113,1,178,42,90,92,119,21,1,261,126,140,127,115,20,1,122,,113.19,18,109.1,0.444,0.219,114.6,114.64,152,-8.0,130,0.429,109.1,105,109.1,115,106,91,135,117,164,109.1,18.2,9.1,106.6,2,152,130,177,0.214,105,18,3.0,139,0.0,2.0,0.077,152,0.154,209,19,9,44,94,33,180,7.0,9.2,0.0,114.64,0.316,0.218,0.023,101,95.54,179,115,19.0,7.0,13.0,0.0,3.0,4.0,0.158,0.0,0.105,0.0,0.0,0.0,0.0,0.0,0.0,0.0,0.0,0.0,0.0,0.0,0.0,0.0,0.0,0.0,0.0,0.0,0.0,0.333,1.52,29.0,7.0,0.75,0.0,0.7,0.52,8.0,3.0,0.241,16.0,11.0,0.0,4.0,0.75,8.0,0.75,7.0,0.667,0.0,0.636,2.0,0.0,4.0,0.0,0.333,0.333,3.0,3.0,5.2,18.0,0.0,0.636,0.571,1.0,0.143,0.0,1.0,1.0,1.0,1610612737.0,1.0,1.0,0.0,ATL,,1.0,0.0,1.0,1.0,0.143,0.25,0.25,1.0,4.0,0.25,0.571,0.0,0.0,1.0,0.571,0.0,4.0,,1.0,0.5,1.0,0.0,2.0,0.5,0.143,0.286,1.0,0.0,1.0,0.143,1.0,,,,,,,,,,,,,,0,0.0,,0,,0.0,,0,0.0,0.0,0.429,0.0,0.5,0.0,0.0,1.0,6.0,0.0,0.0,0.0,0.0,0.0,0.0,0.0,0.0,1.0,0.0,0.0,0.0,0.0,0.0,0.0,6.0,3.0,0.0,0.0,0.0,0.0,0.0,0.0,0.5,F-C,0.589,0.636,0.558,43.0,24.0,-0.077,0.0,0.0,0.0,0.0,0.0,,1.0,0.0,0.0,3.0,0.0,ATL,0.0,0.0,0.0,0.0,0.0,0.0,0.0,,0.0,0.0,0.0,6.0,,0.0,0.0,0.5,0,0.0,1,0.0,0.0,1.0,2018,20171101,False,21700107,,,,John Collins,1610612737.0,ATL,F-C,20.0,1.0,1.0,1.0,4.0,9.0,0.444,0.498,-0.054,,,,,,,,,,,,,,John Collins,1610612737.0,ATL,F-C,20.0,1.0,1.0,1.0,4.0,9.0,0.444,0.527,-0.083,John Collins,1610612737.0,ATL,F-C,20.0,1.0,1.0,0.556,3.0,5.0,0.6,0.644,-0.044,John Collins,1610612737.0,ATL,F-C,20.0,1.0,1.0,0.778,4.0,7.0,0.571,0.58,-0.008,,,,,,,,,,,,,,John Collins,1610612737.0,ATL,20.0,1.0,13.8,9.0,8.0,1.0,2.0,0.0,1.0,2.0,0.0,0.0,0.0,0.0,0.0,1.0,6.0,7.0,4.0,1.0,0.143,0.857,1.0,0.25,John Collins,1610612737,ATL,1,0,1,13.8,29.0,0.0,0.0,0.0,0.0,0.0,0.0,0.0,0.0,0.0,0.0,0.0,0.0,0.0,0.0,0.0,0.0,0.0,John Collins,1610612737,ATL,1,0,1,13.82,13.82,5881.0,1.11,0.6,0.51,4.82,5.32,4.32,2017_18
203145,Kent Bazemore,Kent,1610612737.0,ATL,28.0,1,0,1,0.0,27.33333333333333,1,4,0.25,1,3,0.333,5,8,0.625,0,4,4,3,3,4,0,0,4,5,8,-16,26.3,0,0,24.0,1,131,131,131,85,193,174,207,74,89,91,15,12,110,130,66,94,58,25,3,73,1,218,16,122,240,77,20,1,84,,110.04,31,82.3,0.532,0.066,104.8,110.63,132,-21.6,203,0.375,104.7,229,104.7,193,82,139,223,174,184,82.3,21.4,21.4,83.1,130,132,203,132,0.167,229,31,1.0,224,-22.4,1.0,0.129,199,0.176,166,161,32,84,161,62,124,4.0,22.2,-22.4,110.63,0.0,0.161,0.063,85,92.2,136,226,36.0,5.0,24.0,1.0,3.0,9.0,0.083,0.0,0.083,1.0,0.0,4.0,1.0,1.0,0.0,0.25,0.0,0.0,0.0,0.25,1.0,0.25,0.0,0.0,0.0,0.0,0.0,0.0,2.15,46.0,8.0,1.0,0.0,1.6,1.43,1.0,1.0,0.174,23.0,10.0,0.25,0.0,0.0,2.0,0.0,9.2,0.0,1.0,0.4,0.0,1.0,1.0,0.0,0.5,0.571,3.0,8.0,0.0,9.2,1.0,0.444,0.25,3.0,,,,,,,,,,,,,,,,,0.0,0.0,0.0,1.0,0.0,0.25,0.0,0.0,0.0,0.25,0.0,1.0,,0.0,0.5,0.0,0.5,2.0,0.75,0.0,0.5,2.0,1.0,,0.5,1.0,0.25,0.0,0.0,,0.0,0.0,0.0,1.0,0.25,0.0,1.0,0.0,0.0,0,0.0,,0,,0.0,,0,3.0,0.333,0.375,0.0,0.0,0.0,0.0,0.0,1.0,0.0,0.0,0.0,0.0,0.0,0.0,0.0,0.0,0.0,0.0,0.0,0.0,0.0,0.0,0.0,1.0,0.0,1.0,0.0,0.0,0.0,3.0,0.333,0.0,G,0.348,0.618,0.563,32.0,18.0,-0.055,0.5,1.0,0.0,0.0,0.0,,0.0,1.0,2.0,0.0,0.0,ATL,0.0,0.0,0.0,0.0,0.0,0.0,0.0,,0.0,0.0,0.0,1.0,,0.0,0.0,0.0,1,1.0,3,0.333,0.5,3.0,2018,20171101,False,21700107,,,,Kent Bazemore,1610612737.0,ATL,G,28.0,1.0,1.0,1.0,4.0,6.0,0.667,0.507,0.16,Kent Bazemore,1610612737.0,ATL,G,28.0,1.0,1.0,0.167,1.0,1.0,1.0,0.366,0.634,Kent Bazemore,1610612737.0,ATL,G,28.0,1.0,1.0,0.833,3.0,5.0,0.6,0.543,0.057,Kent Bazemore,1610612737.0,ATL,G,28.0,1.0,1.0,0.333,1.0,2.0,0.5,0.612,-0.112,Kent Bazemore,1610612737.0,ATL,G,28.0,1.0,1.0,0.667,2.0,4.0,0.5,0.587,-0.087,Kent Bazemore,1610612737.0,ATL,G,28.0,1.0,1.0,0.167,1.0,1.0,1.0,0.352,0.648,Kent Bazemore,1610612737.0,ATL,28.0,1.0,27.3,3.0,2.0,1.0,5.0,1.0,0.0,0.0,0.0,2.0,2.0,0.0,1.0,0.0,2.0,2.0,2.0,2.0,0.0,1.0,1.0,1.0,Kent Bazemore,1610612737,ATL,1,0,1,27.3,46.0,0.0,0.0,0.0,0.0,0.0,0.0,0.0,0.0,0.0,0.0,0.0,0.0,0.0,0.0,0.0,0.0,0.0,Kent Bazemore,1610612737,ATL,1,0,1,27.33,27.33,11623.0,2.2,1.21,0.99,4.85,5.32,4.39,2017_18
1627098,Malcolm Delaney,Malcolm,1610612737.0,ATL,29.0,1,0,1,0.0,9.2,3,3,1.0,1,1,1.0,1,1,1.0,0,1,1,1,1,2,0,0,1,3,8,6,15.7,0,0,15.0,1,131,131,131,229,115,198,1,74,157,1,106,136,1,130,178,201,137,92,18,73,1,52,45,122,75,152,20,1,142,,103.1,135,131.6,1.163,0.059,96.2,101.74,77,30.4,23,1.167,95.0,18,95.0,115,90,103,207,198,3,131.6,20.0,20.0,126.5,130,77,23,85,0.2,18,135,3.0,204,36.6,1.0,0.1,37,0.143,4,168,90,84,107,19,154,3.0,18.4,36.6,101.74,0.0,0.204,0.303,106,84.78,2,34,13.0,2.0,14.0,0.0,1.0,2.0,0.077,0.0,0.077,0.0,0.0,2.0,2.0,0.0,5.0,0.0,0.0,0.0,0.0,0.0,0.0,0.0,2.0,1.0,2.5,0.0,0.0,0.0,3.72,19.0,8.0,0.0,0.0,1.2,3.21,0.0,1.0,0.421,11.0,2.0,0.0,0.0,0.0,0.0,0.0,1.8,0.0,0.0,0.5,0.0,0.0,0.0,0.0,0.5,0.5,1.0,2.0,0.0,1.8,0.0,0.5,0.0,1.0,0.333,0.0,1.0,1.0,1.0,1610612737.0,1.0,1.0,0.0,ATL,,1.0,0.0,1.0,1.0,0.333,1.0,1.0,1.0,1.0,1.0,0.333,0.0,0.0,1.0,0.333,0.0,1.0,,,,,,,,,,,,,,,0.333,1.0,0.0,,0.0,1.0,0.0,1.0,0.333,1.0,1.0,1.0,1.5,5,1.0,1.25,2,1.0,1.0,1.0,2,0.0,0.0,1.167,0.0,0.0,0.0,0.0,0.0,0.0,1.0,1.0,0.0,1.0,1.0,0.0,0.0,0.0,0.0,1.0,1.0,1.0,0.0,0.0,1.0,1.0,1.0,0.0,1.0,0.0,0.0,0.0,0.0,1.0,G,0.306,0.585,0.667,15.0,10.0,0.082,0.0,1.0,1.0,0.0,1.0,,0.0,0.0,0.0,1.0,0.0,ATL,1.0,0.0,,1.0,0.0,0.0,0.0,,1.0,,0.0,1.0,,,0.0,1.0,0,0.0,0,,,0.0,2018,20171101,False,21700107,,,,Malcolm Delaney,1610612737.0,ATL,G,29.0,1.0,1.0,1.0,4.0,5.0,0.8,0.473,0.327,Malcolm Delaney,1610612737.0,ATL,G,29.0,1.0,1.0,0.4,1.0,2.0,0.5,0.387,0.114,Malcolm Delaney,1610612737.0,ATL,G,29.0,1.0,1.0,0.6,3.0,3.0,1.0,0.533,0.467,Malcolm Delaney,1610612737.0,ATL,G,29.0,1.0,1.0,0.2,1.0,1.0,1.0,0.584,0.416,Malcolm Delaney,1610612737.0,ATL,G,29.0,1.0,1.0,0.2,1.0,1.0,1.0,0.566,0.434,Malcolm Delaney,1610612737.0,ATL,G,29.0,1.0,1.0,0.6,2.0,3.0,0.667,0.414,0.253,Malcolm Delaney,1610612737.0,ATL,29.0,1.0,9.2,2.0,0.0,2.0,2.0,1.0,0.0,0.0,0.0,0.0,0.0,0.0,0.0,0.0,0.0,0.0,0.0,0.0,0.0,0.0,0.0,0.0,Malcolm Delaney,1610612737,ATL,1,0,1,9.2,19.0,0.0,0.0,0.0,0.0,0.0,0.0,0.0,0.0,0.0,0.0,0.0,0.0,0.0,0.0,0.0,0.0,0.0,Malcolm Delaney,1610612737,ATL,1,0,1,9.2,9.2,3544.0,0.67,0.35,0.32,4.58,5.26,3.9,2017_18
201158,Marco Belinelli,Marco,1610612755.0,PHI,32.0,1,0,1,0.0,29.175,2,11,0.182,1,7,0.143,3,4,0.75,1,1,2,4,0,0,0,0,0,3,8,-4,16.4,0,0,15.0,1,131,131,131,70,148,58,221,74,16,139,39,39,86,54,178,154,42,175,119,73,1,1,45,122,164,145,20,1,142,,113.49,12,102.8,0.313,0.029,114.1,116.81,147,-10.5,149,0.227,108.5,133,108.5,148,69,160,1,58,220,102.8,23.5,0.0,103.6,117,147,149,173,0.159,133,12,2.0,1,-5.6,0.0,0.029,157,0.16,198,222,8,137,163,71,221,11.0,0.0,-5.6,116.81,0.029,0.159,0.029,99,97.34,222,130,32.0,11.0,32.0,1.0,5.0,8.0,0.156,0.0,0.125,0.0,0.0,1.0,0.0,1.0,0.0,0.0,0.0,0.0,0.0,0.0,0.0,1.0,0.0,0.0,0.0,0.0,0.0,0.0,1.96,45.0,8.0,0.0,0.0,1.5,0.69,1.0,0.0,0.178,40.0,7.0,0.0,0.0,0.25,4.0,0.25,11.9,0.0,0.0,0.286,1.0,0.0,0.0,0.0,0.333,0.333,2.0,3.0,21.7,2.0,0.0,0.286,0.0,1.0,0.091,0.0,0.0,0.0,1.0,1610612755.0,0.0,0.0,0.0,PHI,,0.0,0.0,1.0,1.0,0.091,0.0,0.0,0.0,2.0,0.0,0.273,1.0,0.091,0.0,0.182,0.0,3.0,0.0,1.0,0.333,1.0,0.2,6.0,0.417,0.091,0.545,5.0,1.0,1.0,0.455,2.0,0.091,0.0,0.0,,0.0,0.0,0.0,1.0,0.091,0.0,1.0,0.0,0.0,2,0.0,1.0,1,1.0,0.0,,1,3.0,0.111,0.227,0.0,0.0,0.0,0.0,0.0,0.0,0.0,3.0,0.0,0.0,0.333,0.0,0.0,1.0,0.0,3.0,2.0,1.0,0.0,0.0,0.0,1.0,0.0,1.0,0.0,0.0,0.0,4.0,0.25,0.0,G-F,0.23,0.6,0.857,14.0,12.0,0.257,0.2,5.0,0.0,0.0,0.2,,0.0,1.0,5.0,0.0,0.0,PHI,0.0,0.0,0.0,1.0,0.0,0.0,0.0,,0.0,0.0,0.0,1.0,,0.0,0.0,0.0,1,1.0,9,0.143,0.167,7.0,2018,20171101,False,21700107,,,,Marco Belinelli,1610612755.0,PHI,G-F,32.0,1.0,1.0,1.0,4.0,13.0,0.308,0.449,-0.141,Marco Belinelli,1610612755.0,PHI,G-F,32.0,1.0,1.0,0.462,0.0,6.0,0.0,0.369,-0.369,Marco Belinelli,1610612755.0,PHI,G-F,32.0,1.0,1.0,0.538,4.0,7.0,0.571,0.519,0.053,Marco Belinelli,1610612755.0,PHI,G-F,32.0,1.0,1.0,0.231,3.0,3.0,1.0,0.64,0.36,Marco Belinelli,1610612755.0,PHI,G-F,32.0,1.0,1.0,0.385,3.0,5.0,0.6,0.572,0.028,Marco Belinelli,1610612755.0,PHI,G-F,32.0,1.0,1.0,0.615,1.0,8.0,0.125,0.391,-0.266,Marco Belinelli,1610612755.0,PHI,32.0,1.0,29.2,12.0,7.0,5.0,0.0,0.0,0.0,0.0,0.0,0.0,0.0,0.0,0.0,0.0,0.0,0.0,0.0,0.0,0.0,0.0,0.0,0.0,Marco Belinelli,1610612755,PHI,1,0,1,29.2,45.0,0.0,0.0,0.0,0.0,0.0,0.0,0.0,0.0,0.0,0.0,0.0,0.0,0.0,0.0,0.0,0.0,0.0,Marco Belinelli,1610612755,PHI,1,0,1,29.18,29.18,12027.0,2.28,1.21,1.07,4.76,5.11,4.43,2017_18
203488,Mike Muscala,Mike,1610612737.0,ATL,26.0,1,0,1,0.0,21.53333333333333,1,3,0.333,0,0,0.0,0,0,0.0,0,4,4,0,1,2,0,0,3,0,2,-13,11.8,0,0,10.0,1,131,131,131,141,193,198,172,140,197,140,149,156,149,130,66,94,189,92,18,73,1,175,199,217,224,182,20,1,186,,114.67,8,77.4,0.333,0.071,103.3,119.26,96,-22.3,206,0.333,100.0,235,100.0,193,189,247,232,198,196,77.4,0.0,25.0,81.0,130,96,206,119,0.073,235,8,1.0,232,-22.6,0.0,0.138,201,0.0,200,145,5,137,244,53,114,3.0,25.0,-22.6,119.26,0.0,0.076,0.028,189,99.38,215,229,19.0,0.0,8.0,0.0,0.0,0.0,0.0,0.0,0.0,0.0,0.0,0.0,0.0,0.0,0.0,0.0,0.0,0.0,0.0,0.0,0.0,0.0,0.0,0.0,0.0,0.0,0.0,1.0,1.26,22.0,2.0,0.0,0.0,0.5,0.23,1.0,2.0,0.091,8.0,10.0,0.75,0.0,0.0,2.0,0.0,3.1,0.0,0.0,0.4,0.0,0.0,3.0,0.0,0.5,0.5,1.0,8.0,0.0,3.1,3.0,0.4,0.75,1.0,0.333,0.0,0.0,0.0,1.0,1610612737.0,0.0,0.0,0.0,ATL,,0.0,0.0,1.0,1.0,0.333,1.0,1.0,1.0,1.0,1.0,0.333,0.0,0.0,1.0,0.333,0.0,1.0,,1.0,0.0,0.0,,1.0,0.0,0.333,0.333,0.0,0.0,0.0,0.0,0.0,,,,,,,,,,,,,,0,,,0,,,,0,0.0,0.0,0.333,0.5,0.0,0.0,0.0,2.0,0.0,0.0,0.0,0.0,0.0,0.0,0.0,0.0,,0.0,0.0,0.0,0.0,1.0,,0.0,2.0,1.0,0.0,0.0,0.0,,0.0,0.0,0.5,F-C,0.398,0.621,0.676,37.0,25.0,0.055,0.0,0.0,1.0,0.0,0.0,,0.0,0.0,0.0,1.0,0.0,ATL,0.0,0.0,0.0,0.0,0.0,0.0,0.0,,0.0,0.0,0.0,2.0,,0.0,0.0,0.5,0,,1,,0.0,,2018,20171101,False,21700107,,,,Mike Muscala,1610612737.0,ATL,F-C,26.0,1.0,1.0,1.0,9.0,18.0,0.5,0.474,0.026,Mike Muscala,1610612737.0,ATL,F-C,26.0,1.0,1.0,0.278,2.0,5.0,0.4,0.371,0.029,Mike Muscala,1610612737.0,ATL,F-C,26.0,1.0,1.0,0.722,7.0,13.0,0.538,0.525,0.014,Mike Muscala,1610612737.0,ATL,F-C,26.0,1.0,1.0,0.278,2.0,5.0,0.4,0.637,-0.237,Mike Muscala,1610612737.0,ATL,F-C,26.0,1.0,1.0,0.444,4.0,8.0,0.5,0.584,-0.084,Mike Muscala,1610612737.0,ATL,F-C,26.0,1.0,1.0,0.5,5.0,9.0,0.556,0.354,0.202,Mike Muscala,1610612737.0,ATL,26.0,1.0,21.5,18.0,13.0,5.0,2.0,0.0,3.0,6.0,0.0,0.0,0.0,0.0,0.0,0.0,8.0,8.0,2.0,1.0,0.0,1.0,0.667,0.333,Mike Muscala,1610612737,ATL,1,0,1,21.5,22.0,0.0,0.0,0.0,0.0,0.0,0.0,0.0,0.0,0.0,0.0,0.0,0.0,0.0,0.0,0.0,0.0,0.0,Mike Muscala,1610612737,ATL,1,0,1,21.53,21.53,9267.0,1.76,0.92,0.84,5.05,5.09,4.44,2017_18
1627852,Nicolas Brussino,Nicolas,1610612737.0,ATL,25.0,1,0,1,0.0,0.8416666666666667,0,0,0.0,0,0,0.0,0,0,0.0,0,1,1,0,0,0,0,0,0,0,0,2,1.2,0,0,1.0,1,131,131,131,258,229,254,229,140,197,140,149,156,149,130,178,201,189,175,119,73,1,1,199,239,108,253,20,1,252,,110.64,1,100.0,0.0,0.333,0.0,142.57,1,100.0,1,0.0,0.0,143,0.0,229,189,259,1,254,229,100.0,0.0,0.0,100.0,130,1,1,1,0.0,143,1,0.0,1,100.0,0.0,0.5,1,0.0,220,1,23,137,259,2,2,0.0,0.0,100.0,142.57,0.0,0.0,0.0,189,118.81,239,148,1.0,0.0,0.0,0.0,0.0,0.0,0.0,0.0,0.0,0.0,0.0,0.0,0.0,0.0,0.0,0.0,0.0,0.0,0.0,0.0,0.0,0.0,0.0,0.0,0.0,0.0,0.0,0.0,4.96,1.0,0.0,0.0,0.0,0.1,5.0,0.0,0.0,0.0,0.0,1.0,0.0,0.0,0.0,0.0,0.0,4.6,0.0,0.0,1.0,0.0,0.0,0.0,0.0,1.0,1.0,1.0,1.0,0.0,4.6,0.0,1.0,0.0,1.0,,,,,,,,,,,,,,,,,,,,,,,,,,,,,,,,,,,,,,,,,,,,,,,,,,,,,,,,0,,,0,,,,0,0.0,0.0,0.0,0.0,0.0,0.0,0.0,0.0,0.0,,0.0,0.0,,0.0,,,,0.0,,,0.0,,,,,,0.0,,0.0,,0.0,0.0,,,,,,,,,0.0,0.0,,,0.0,,0.0,0.0,0.0,,0.0,ATL,,,,0.0,0.0,0.0,,,,,0.0,,,,0.0,,0,,0,,,,2018,20171101,False,21700107,,,,,,,,,,,,,,,,,,,,,,,,,,,,,,,,,,,,,,,,,,,,,,,,,,,,,,,,,,,,,,,,,,,,,,,,,,,,,,,,,,,,,,,,,,,,,,,,,,,,,,,,,,,,,Nicolas Brussino,1610612737,ATL,1,0,1,0.9,1.0,0.0,0.0,0.0,0.0,0.0,0.0,0.0,0.0,0.0,0.0,0.0,0.0,0.0,0.0,0.0,0.0,0.0,Nicolas Brussino,1610612737,ATL,1,0,1,0.85,0.85,306.0,0.06,0.04,0.02,7.39,0.0,0.0,2017_18
203496,Robert Covington,Robert,1610612755.0,PHI,27.0,1,1,0,1.0,33.833333333333336,7,15,0.467,6,11,0.545,2,2,1.0,0,3,3,3,2,2,0,0,4,1,22,12,34.1,0,0,38.0,1,1,1,1,40,33,33,122,1,4,44,58,77,1,130,96,123,58,46,18,73,1,218,126,22,41,41,20,1,26,,110.86,27,115.0,0.693,0.044,103.1,112.08,116,13.7,85,0.667,102.6,79,102.6,33,131,112,142,33,57,115.0,14.3,9.5,116.9,130,116,85,117,0.198,79,27,7.0,143,12.4,1.5,0.091,91,0.1,110,190,21,70,105,80,163,15.0,9.6,12.4,112.08,0.0,0.206,0.106,143,93.4,62,77,58.0,7.0,46.0,0.0,5.0,5.0,0.086,2.0,0.052,0.0,0.333,3.0,1.0,0.0,2.0,0.333,2.0,1.0,1.0,0.0,1.0,0.0,0.0,0.0,0.667,2.0,0.0,0.0,1.33,76.0,22.0,0.0,0.0,1.7,0.33,1.0,0.0,0.289,47.0,11.0,0.0,0.0,0.0,5.0,0.0,5.8,0.0,2.0,0.273,0.0,2.0,0.0,0.0,0.429,0.6,3.0,7.0,0.0,5.8,0.0,0.333,0.0,3.0,0.133,0.0,0.0,0.0,1.0,1610612755.0,0.0,0.0,0.0,PHI,,0.0,0.0,2.0,2.0,0.133,0.75,,3.0,0.0,0.5,0.4,6.0,0.4,0.0,0.0,3.0,6.0,0.5,1.0,0.5,0.0,0.667,4.0,0.75,0.067,0.267,3.0,2.0,0.0,0.2,2.0,0.133,2.0,1.0,1.0,1.0,1.0,0.067,2.0,0.2,0.5,3.0,0.667,0.833,2,0.0,1.0,1,1.0,0.0,,1,18.0,0.545,0.667,0.0,0.0,0.0,0.0,0.0,0.0,0.0,1.0,0.0,0.0,1.0,0.0,0.0,0.0,0.0,0.0,0.0,1.0,2.0,0.0,0.0,1.0,0.0,6.0,0.0,0.0,0.0,11.0,0.545,0.0,F,0.404,0.602,0.5,40.0,20.0,-0.102,0.545,0.0,0.0,0.0,0.0,,0.0,6.0,11.0,0.0,1.0,PHI,0.0,1.0,0.0,0.0,0.0,0.0,0.0,,0.0,0.0,1.0,2.0,,0.0,1.0,0.0,6,6.0,11,0.545,0.818,11.0,2018,20171101,False,21700107,,,,Robert Covington,1610612755.0,PHI,F,27.0,1.0,1.0,1.0,9.0,17.0,0.529,0.46,0.07,Robert Covington,1610612755.0,PHI,F,27.0,1.0,1.0,0.176,1.0,3.0,0.333,0.382,-0.049,Robert Covington,1610612755.0,PHI,F,27.0,1.0,1.0,0.824,8.0,14.0,0.571,0.528,0.044,Robert Covington,1610612755.0,PHI,F,27.0,1.0,1.0,0.471,5.0,8.0,0.625,0.632,-0.007,Robert Covington,1610612755.0,PHI,F,27.0,1.0,1.0,0.588,6.0,10.0,0.6,0.593,0.007,Robert Covington,1610612755.0,PHI,F,27.0,1.0,1.0,0.176,1.0,3.0,0.333,0.401,-0.067,Robert Covington,1610612755.0,PHI,27.0,1.0,33.8,8.0,4.0,4.0,4.0,0.0,0.0,0.0,0.0,1.0,1.0,0.0,1.0,0.0,0.0,0.0,0.0,0.0,0.0,0.0,0.0,0.0,Robert Covington,1610612755,PHI,1,1,0,33.8,76.0,0.0,0.0,0.0,0.0,0.0,0.0,0.0,0.0,0.0,0.0,0.0,0.0,0.0,0.0,0.0,0.0,0.0,Robert Covington,1610612755,PHI,1,1,0,33.83,33.83,13155.0,2.49,1.4,1.09,4.46,4.92,3.98,2017_18
204456,T.J. McConnell,T.J.,1610612755.0,PHI,26.0,1,1,0,1.0,26.4,6,10,0.6,0,0,0.0,0,0,0.0,0,6,6,7,2,1,0,0,4,3,12,7,30.7,0,0,27.0,1,1,1,1,91,46,70,57,140,197,140,149,156,149,130,33,52,12,46,52,73,1,218,45,78,66,51,20,1,62,,113.6,21,114.5,0.6,0.1,99.8,113.64,112,17.0,84,0.6,101.6,83,101.6,46,28,139,148,70,86,114.5,36.8,10.5,116.8,130,112,84,97,0.167,83,21,6.0,148,12.9,3.5,0.182,72,0.35,59,92,6,16,144,62,77,10.0,10.5,12.9,113.64,0.0,0.172,0.148,23,94.7,102,78,67.0,14.0,73.0,0.0,7.0,10.0,0.104,0.0,0.104,1.0,0.0,12.0,5.0,4.0,2.0,0.083,0.0,0.0,0.0,0.083,1.0,0.333,1.0,0.2,0.167,0.0,0.0,2.0,3.08,84.0,12.0,0.0,0.0,4.3,2.89,0.0,1.0,0.143,37.0,12.0,0.0,0.0,0.0,5.0,0.0,6.8,0.0,0.0,0.5,0.0,0.0,0.0,0.0,0.857,0.857,6.0,7.0,0.0,6.8,0.0,0.5,0.0,6.0,,,,,,,,,,,,,,,,,0.571,0.571,4.0,7.0,0.571,0.7,0.0,0.0,4.0,0.7,0.0,7.0,,2.0,0.5,1.0,,2.0,0.5,0.2,0.2,0.0,0.0,0.5,0.0,1.0,0.0,1.0,1.0,1.0,1.0,0.0,0.1,0.0,0.1,,1.0,1.0,1.0,6,,0.6,3,0.6,,,5,0.0,0.0,0.6,1.0,0.0,0.0,0.0,2.0,0.0,0.0,2.0,0.0,0.0,0.5,0.625,5.0,0.0,0.0,0.0,0.0,1.0,8.0,0.0,0.0,0.0,0.0,0.0,0.0,0.0,0.0,0.0,0.0,0.0,G,0.458,0.586,0.593,27.0,16.0,0.006,0.0,1.0,5.0,0.667,1.0,,0.0,0.0,0.0,1.0,0.0,PHI,2.0,3.0,,1.0,0.0,0.0,2.0,,0.4,,0.0,1.0,,,0.0,1.0,0,,0,,,,2018,20171101,False,21700107,,,,T.J. McConnell,1610612755.0,PHI,G,26.0,1.0,1.0,1.0,2.0,6.0,0.333,0.453,-0.119,,,,,,,,,,,,,,T.J. McConnell,1610612755.0,PHI,G,26.0,1.0,1.0,1.0,2.0,6.0,0.333,0.489,-0.155,T.J. McConnell,1610612755.0,PHI,G,26.0,1.0,1.0,0.833,2.0,5.0,0.4,0.574,-0.174,T.J. McConnell,1610612755.0,PHI,G,26.0,1.0,1.0,0.833,2.0,5.0,0.4,0.525,-0.125,,,,,,,,,,,,,,T.J. McConnell,1610612755.0,PHI,26.0,1.0,26.4,6.0,6.0,0.0,1.0,0.0,0.0,0.0,0.0,0.0,0.0,0.0,0.0,0.0,0.0,0.0,0.0,0.0,0.0,0.0,0.0,0.0,T.J. McConnell,1610612755,PHI,1,1,0,26.4,84.0,0.0,0.0,0.0,0.0,0.0,0.0,0.0,0.0,0.0,0.0,0.0,0.0,0.0,0.0,0.0,0.0,0.0,T.J. McConnell,1610612755,PHI,1,1,0,26.4,26.4,11560.0,2.19,1.2,0.99,5.03,5.78,4.36,2017_18
1627752,Taurean Prince,Taurean,1610612737.0,ATL,24.0,1,0,1,0.0,39.79166666666666,6,17,0.353,1,3,0.333,4,6,0.667,1,10,11,3,1,2,2,1,3,5,17,-16,45.7,1,0,40.0,1,131,131,131,5,46,21,171,74,89,91,28,17,101,54,6,11,58,92,18,7,184,175,16,45,240,12,1,1,18,,111.15,25,92.5,0.433,0.115,111.4,112.79,148,-18.6,183,0.382,108.5,193,108.5,46,143,111,92,21,183,92.5,12.5,4.2,92.8,129,148,183,162,0.198,193,25,6.0,93,-16.0,3.0,0.213,185,0.111,118,69,19,18,115,93,60,17.0,4.2,-16.0,112.79,0.02,0.199,0.099,126,93.99,182,190,41.0,7.0,39.0,0.0,3.0,3.0,0.073,0.0,0.073,0.0,0.111,9.0,6.0,0.0,6.0,0.111,2.0,1.0,1.0,0.0,1.0,0.0,2.0,0.333,0.667,2.0,0.0,0.0,2.45,65.0,17.0,0.667,0.0,2.7,1.97,3.0,0.0,0.262,31.0,18.0,0.3,1.0,0.25,4.0,0.25,3.8,1.0,1.0,0.611,0.0,1.0,4.0,0.0,0.667,0.714,7.0,15.0,2.7,3.9,3.0,0.647,0.364,7.0,0.063,0.0,0.0,0.0,1.0,1610612737.0,0.0,0.0,0.0,ATL,,0.0,0.0,1.0,1.0,0.063,0.571,0.571,4.0,7.0,0.571,0.438,0.0,0.0,4.0,0.438,0.0,7.0,,2.0,0.0,0.0,0.0,3.0,0.0,0.125,0.188,1.0,0.0,0.0,0.063,0.0,0.125,2.0,1.0,0.333,3.0,1.0,0.188,2.0,0.313,0.5,5.0,0.4,0.5,2,0.0,0.25,1,0.25,1.0,0.0,4,3.0,0.25,0.382,0.0,0.5,0.0,0.0,0.0,2.0,0.0,3.0,0.0,0.0,0.333,0.0,0.0,0.0,0.0,0.0,0.0,1.0,6.0,0.0,0.0,5.0,4.0,1.0,0.0,0.0,0.0,3.0,0.333,0.8,F,0.387,0.614,0.361,36.0,13.0,-0.253,0.5,1.0,2.0,0.0,0.0,,0.0,1.0,2.0,4.0,1.0,ATL,1.0,4.0,0.0,0.0,0.0,0.0,0.0,,0.5,0.0,0.0,7.0,,0.0,0.0,0.571,1,1.0,4,0.5,0.375,2.0,2018,20171101,False,21700107,,,,Taurean Prince,1610612737.0,ATL,F,24.0,1.0,1.0,1.0,6.0,21.0,0.286,0.452,-0.166,Taurean Prince,1610612737.0,ATL,F,24.0,1.0,1.0,0.381,2.0,8.0,0.25,0.359,-0.109,Taurean Prince,1610612737.0,ATL,F,24.0,1.0,1.0,0.619,4.0,13.0,0.308,0.512,-0.204,Taurean Prince,1610612737.0,ATL,F,24.0,1.0,1.0,0.476,3.0,10.0,0.3,0.608,-0.308,Taurean Prince,1610612737.0,ATL,F,24.0,1.0,1.0,0.524,3.0,11.0,0.273,0.558,-0.285,Taurean Prince,1610612737.0,ATL,F,24.0,1.0,1.0,0.429,3.0,9.0,0.333,0.361,-0.028,Taurean Prince,1610612737.0,ATL,24.0,1.0,39.8,16.0,11.0,5.0,3.0,0.0,1.0,2.0,0.0,1.0,1.0,0.0,1.0,0.0,2.0,2.0,1.0,0.0,0.0,1.0,0.5,0.0,Taurean Prince,1610612737,ATL,1,0,1,39.8,65.0,0.0,0.0,0.0,0.0,0.0,0.0,0.0,0.0,0.0,0.0,0.0,0.0,0.0,0.0,0.0,0.0,0.0,Taurean Prince,1610612737,ATL,1,0,1,39.8,39.8,15250.0,2.89,1.47,1.41,4.4,4.6,4.2,2017_18
1627789,Timothe Luwawu-Cabarrot,Timothe,1610612755.0,PHI,23.0,1,1,0,1.0,15.691666666666666,2,7,0.286,2,6,0.333,0,2,0.0,1,1,2,2,3,0,0,0,1,2,6,-7,8.4,0,0,12.0,1,1,1,1,190,148,117,197,33,24,91,149,77,149,54,178,154,90,25,119,73,1,52,88,156,179,211,20,1,172,,116.61,5,65.9,0.381,0.041,87.0,122.36,41,-14.3,197,0.429,87.2,248,87.2,148,123,89,227,117,164,65.9,15.4,23.1,72.7,98,41,197,42,0.216,248,5,2.0,228,-21.3,0.67,0.045,170,0.286,248,198,2,116,68,41,210,7.0,23.3,-21.3,122.36,0.037,0.241,-0.044,40,101.96,197,242,16.0,4.0,20.0,0.0,2.0,3.0,0.125,0.0,0.125,0.0,0.0,1.0,0.0,0.0,0.0,1.0,0.0,0.0,0.0,0.0,1.0,0.0,0.0,0.0,0.0,0.0,0.0,0.0,1.33,27.0,6.0,0.0,0.0,0.6,0.44,1.0,0.0,0.222,20.0,5.0,0.0,0.0,1.0,1.0,1.0,16.1,0.0,0.0,0.4,1.0,0.0,0.0,0.0,0.25,0.25,2.0,4.0,28.7,3.6,0.0,0.4,0.0,1.0,0.143,0.0,0.0,0.0,1.0,1610612755.0,0.0,0.0,0.0,PHI,,0.0,0.0,1.0,1.0,0.143,,,,,,,,,,,,,,0.0,1.0,0.0,1.0,1.0,1.5,0.0,0.143,1.0,1.0,,0.143,1.0,0.714,1.0,0.0,,0.0,1.0,0.0,5.0,0.714,0.2,5.0,0.2,0.3,0,0.0,0.0,0,0.0,1.0,0.0,1,6.0,0.4,0.429,0.0,0.0,0.0,0.0,0.0,0.0,1.0,0.0,0.0,1.0,0.0,0.0,0.0,,0.0,1.0,1.0,0.0,0.0,,1.0,1.0,0.0,1.0,1.0,0.0,,5.0,0.2,0.0,G-F,0.5,0.575,0.5,16.0,8.0,-0.075,0.25,2.0,0.0,0.0,0.5,,0.0,1.0,4.0,0.0,0.0,PHI,0.0,0.0,0.0,1.0,0.0,0.0,0.0,,0.0,0.0,0.0,1.0,,0.0,0.0,0.0,2,2.0,5,0.4,0.6,5.0,2018,20171101,False,21700107,,,,Timothe Luwawu-Cabarrot,1610612755.0,PHI,G-F,23.0,1.0,1.0,1.0,1.0,8.0,0.125,0.44,-0.315,Timothe Luwawu-Cabarrot,1610612755.0,PHI,G-F,23.0,1.0,1.0,0.125,0.0,1.0,0.0,0.382,-0.382,Timothe Luwawu-Cabarrot,1610612755.0,PHI,G-F,23.0,1.0,1.0,0.875,1.0,7.0,0.143,0.498,-0.355,Timothe Luwawu-Cabarrot,1610612755.0,PHI,G-F,23.0,1.0,1.0,0.5,1.0,4.0,0.25,0.549,-0.299,Timothe Luwawu-Cabarrot,1610612755.0,PHI,G-F,23.0,1.0,1.0,0.5,1.0,4.0,0.25,0.508,-0.258,Timothe Luwawu-Cabarrot,1610612755.0,PHI,G-F,23.0,1.0,1.0,0.25,0.0,2.0,0.0,0.391,-0.391,Timothe Luwawu-Cabarrot,1610612755.0,PHI,23.0,1.0,15.7,8.0,6.0,2.0,0.0,0.0,0.0,0.0,0.0,1.0,1.0,0.0,1.0,0.0,4.0,4.0,2.0,0.0,0.0,1.0,0.667,0.0,Timothe Luwawu-Cabarrot,1610612755,PHI,1,1,0,15.7,27.0,0.0,0.0,0.0,0.0,0.0,0.0,0.0,0.0,0.0,0.0,0.0,0.0,0.0,0.0,0.0,0.0,0.0,Timothe Luwawu-Cabarrot,1610612755,PHI,1,1,0,15.7,15.7,7076.0,1.34,0.77,0.57,5.01,5.92,4.82,2017_18
1628416,Tyler Dorsey,Tyler,1610612737.0,ATL,22.0,1,0,1,0.0,0.8416666666666667,0,1,0.0,0,1,0.0,0,0,0.0,0,0,0,1,0,0,0,0,0,0,0,2,1.5,0,0,1.0,1,131,131,131,258,229,240,229,140,157,140,149,156,149,130,225,240,137,175,119,73,1,1,199,239,108,251,20,1,252,,110.64,1,100.0,0.0,0.0,0.0,142.57,1,100.0,1,0.0,0.0,143,0.0,229,6,1,1,240,229,100.0,50.0,0.0,100.0,130,1,1,1,0.5,143,1,0.0,1,100.0,0.0,0.0,1,1.0,220,240,23,137,1,2,225,1.0,0.0,100.0,142.57,0.0,0.5,0.0,1,118.81,239,148,1.0,2.0,2.0,0.0,1.0,0.0,1.0,0.0,1.0,0.0,0.0,0.0,0.0,0.0,0.0,0.0,0.0,0.0,0.0,0.0,0.0,0.0,0.0,0.0,0.0,0.0,0.0,0.0,0.88,2.0,0.0,0.0,0.0,0.0,0.5,0.0,0.0,0.0,2.0,,,,,,,,,,,,,,,,,,,,,,,,,,,,,,,,,,,,,,,,,,,,,,,,,,,,,,,,,,,,,,,,,,,1.0,0.0,0.0,,0.0,0.0,0.0,1.0,1.0,0.0,1.0,0.0,0.0,0,0.0,,0,,0.0,,0,0.0,0.0,0.0,0.0,0.0,0.0,0.0,0.0,0.0,,0.0,0.0,,0.0,,,,0.0,,,0.0,,,,,,0.0,,0.0,,1.0,0.0,,,,,,,,,0.0,1.0,,,0.0,,0.0,0.0,0.0,,0.0,ATL,,,,0.0,0.0,0.0,,,,,0.0,,,,0.0,,0,0.0,1,0.0,0.0,1.0,2018,20171101,False,21700107,,,,,,,,,,,,,,,,,,,,,,,,,,,,,,,,,,,,,,,,,,,,,,,,,,,,,,,,,,,,,,,,,,,,,,,,,,,,,,,,,,,,,,,,,,,,,,,,,,,,,,,,,,,,,Tyler Dorsey,1610612737,ATL,1,0,1,0.9,2.0,0.0,0.0,0.0,0.0,0.0,0.0,0.0,0.0,0.0,0.0,0.0,0.0,0.0,0.0,0.0,0.0,0.0,Tyler Dorsey,1610612737,ATL,1,0,1,0.85,0.85,251.0,0.05,0.03,0.02,0.0,0.0,0.0,2017_18
