PLAYER_ID,PLAYER_NAME,NICKNAME,TEAM_ID,TEAM_ABBREVIATION,AGE,GP,W,L,W_PCT,MIN,FGM,FGA,FG_PCT,FG3M,FG3A,FG3_PCT,FTM,FTA,FT_PCT,OREB,DREB,REB,AST,TOV,STL,BLK,BLKA,PF,PFD,PTS,PLUS_MINUS,NBA_FANTASY_PTS,DD2,TD3,WNBA_FANTASY_PTS,GP_RANK,W_RANK,L_RANK,W_PCT_RANK,MIN_RANK,FGM_RANK,FGA_RANK,FG_PCT_RANK,FG3M_RANK,FG3A_RANK,FG3_PCT_RANK,FTM_RANK,FTA_RANK,FT_PCT_RANK,OREB_RANK,DREB_RANK,REB_RANK,AST_RANK,TOV_RANK,STL_RANK,BLK_RANK,BLKA_RANK,PF_RANK,PFD_RANK,PTS_RANK,PLUS_MINUS_RANK,NBA_FANTASY_PTS_RANK,DD2_RANK,TD3_RANK,WNBA_FANTASY_PTS_RANK,team_poss,E_PACE,PACE_RANK,sp_work_OFF_RATING,TS_PCT,REB_PCT,E_DEF_RATING,PACE,sp_work_DEF_RATING_RANK,E_NET_RATING,sp_work_NET_RATING_RANK,EFG_PCT,sp_work_DEF_RATING,sp_work_OFF_RATING_RANK,DEF_RATING,FGM_PG_RANK,AST_RATIO_RANK,USG_PCT_RANK,TM_TOV_PCT_RANK,FGA_PG_RANK,EFG_PCT_RANK,OFF_RATING,AST_RATIO,TM_TOV_PCT,E_OFF_RATING,OREB_PCT_RANK,DEF_RATING_RANK,NET_RATING_RANK,E_DEF_RATING_RANK,USG_PCT,OFF_RATING_RANK,sp_work_PACE_RANK,FGM_PG,E_TOV_PCT_RANK,NET_RATING,AST_TO,DREB_PCT,E_NET_RATING_RANK,AST_PCT,PIE_RANK,REB_PCT_RANK,E_PACE_RANK,AST_TO_RANK,E_USG_PCT_RANK,POSS,DREB_PCT_RANK,FGA_PG,E_TOV_PCT,sp_work_NET_RATING,sp_work_PACE,OREB_PCT,E_USG_PCT,PIE,AST_PCT_RANK,PACE_PER40,TS_PCT_RANK,E_OFF_RATING_RANK,PASSES_MADE,AST_PTS_CREATED,PASSES_RECEIVED,FT_AST,AST_ADJ,POTENTIAL_AST,AST_TO_PASS_PCT_ADJ,SECONDARY_AST,AST_TO_PASS_PCT,DRIVE_AST,DRIVE_PF_PCT,DRIVES,DRIVE_FGA,DRIVE_PASSES,DRIVE_PTS,DRIVE_TOV_PCT,DRIVE_FTM,DRIVE_FT_PCT,DRIVE_PF,DRIVE_AST_PCT,DRIVE_TOV,DRIVE_PASSES_PCT,DRIVE_FGM,DRIVE_FG_PCT,DRIVE_PTS_PCT,DRIVE_FTA,PTS_PER_POST_TOUCH,PTS_PER_ELBOW_TOUCH,AVG_SEC_PER_TOUCH,TOUCHES,POINTS,PTS_PER_PAINT_TOUCH,POST_TOUCHES,TIME_OF_POSS,AVG_DRIB_PER_TOUCH,PAINT_TOUCHES,ELBOW_TOUCHES,PTS_PER_TOUCH,FRONT_CT_TOUCHES,REB_CHANCES,DREB_CONTEST_PCT,OREB_CONTEST,OREB_CHANCE_PCT,OREB_CHANCES,OREB_CHANCE_PCT_ADJ,AVG_REB_DIST,OREB_CONTEST_PCT,DREB_CHANCE_DEFER,REB_CHANCE_PCT,OREB_UNCONTEST,REB_CHANCE_DEFER,REB_CONTEST,OREB_CHANCE_DEFER,DREB_CHANCE_PCT,DREB_CHANCE_PCT_ADJ,REB_UNCONTEST,DREB_CHANCES,AVG_OREB_DIST,AVG_DREB_DIST,DREB_CONTEST,REB_CHANCE_PCT_ADJ,REB_CONTEST_PCT,DREB_UNCONTEST,very_tight_FGA_FREQUENCY,very_tight_FG3M,very_tight_FG_PCT,very_tight_FGM,G,PLAYER_LAST_TEAM_ID,very_tight_FG2_PCT,very_tight_FG2M,very_tight_FG3A,PLAYER_LAST_TEAM_ABBREVIATION,very_tight_FG3_PCT,very_tight_EFG_PCT,very_tight_FG3A_FREQUENCY,very_tight_FG2A,very_tight_FGA,very_tight_FG2A_FREQUENCY,tight_EFG_PCT,tight_FG2_PCT,tight_FGM,tight_FG2A,tight_FG_PCT,tight_FGA_FREQUENCY,tight_FG3A,tight_FG3A_FREQUENCY,tight_FG2M,tight_FG2A_FREQUENCY,tight_FG3M,tight_FGA,tight_FG3_PCT,open_FG2A,open_FG_PCT,open_FG2M,open_FG3_PCT,open_FGA,open_EFG_PCT,open_FG2A_FREQUENCY,open_FGA_FREQUENCY,open_FG3A,open_FG3M,open_FG2_PCT,open_FG3A_FREQUENCY,open_FGM,wide_open_FG3A_FREQUENCY,wide_open_FGM,wide_open_FG2M,wide_open_FG2_PCT,wide_open_FG2A,wide_open_FG3M,wide_open_FG2A_FREQUENCY,wide_open_FG3A,wide_open_FGA_FREQUENCY,wide_open_FG3_PCT,wide_open_FGA,wide_open_FG_PCT,wide_open_EFG_PCT,PULL_UP_PTS,PULL_UP_FG3M,PULL_UP_EFG_PCT,PULL_UP_FGM,PULL_UP_FG_PCT,PULL_UP_FG3A,PULL_UP_FG3_PCT,PULL_UP_FGA,CATCH_SHOOT_PTS,CATCH_SHOOT_FG_PCT,EFF_FG_PCT,ELBOW_TOUCH_FG_PCT,PAINT_TOUCH_FG_PCT,POST_TOUCH_FG_PCT,POST_TOUCH_PTS,ELBOW_TOUCH_PTS,PAINT_TOUCH_PTS,CORNER_3_FG_PCT,MID_FGA,BACKCOURT_FGM,LEFT_CORNER_3_FG_PCT,MID_FG_PCT,ITP_FG_PCT,ITP_FGM,RIGHT_CORNER_3_FGA,BACKCOURT_FGA,CORNER_3_FGA,LEFT_CORNER_3_FGA,MID_FGM,ITP_FGA,RIGHT_CORNER_3_FG_PCT,LEFT_CORNER_3_FGM,RA_FGA,RA_FGM,ABOVE_BREAK_3_FGM,CORNER_3_FGM,BACKCOURT_FG_PCT,RIGHT_CORNER_3_FGM,ABOVE_BREAK_3_FGA,ABOVE_BREAK_3_FG_PCT,RA_FG_PCT,PLAYER_POSITION,FREQ,NS_LT_06_PCT,LT_06_PCT,FGA_LT_06,FGM_LT_06,PLUSMINUS,FGP_25_29,FGA_20_24,FGA_10_14,FGP_5_9,FGP_20_24,FGP_30_34,FGA_40_PLUS,FGM_25_29,FGA_25_29,FGM_LT_5,FGA_15_19,TEAM_ABBR,FGM_10_14,FGA_5_9,FGA_35_39,FGM_20_24,FGP_40_PLUS,FGM_40_PLUS,FGM_5_9,FGM_30_34,FGP_10_14,FGP_35_39,FGP_15_19,FGA_LT_5,FGA_30_34,FGM_35_39,FGM_15_19,FGP_LT_5,CATCH_SHOOT_FGM,CATCH_SHOOT_FG3M,CATCH_SHOOT_FGA,CATCH_SHOOT_FG3_PCT,CATCH_SHOOT_EFG_PCT,CATCH_SHOOT_FG3A,year,date,playoffs,GAME_ID,index,HTM,VTM,overall_def_FREQ,overall_def_D_FGM,overall_def_D_FGA,overall_def_D_FG_PCT,overall_def_NORMAL_FG_PCT,overall_def_PCT_PLUSMINUS,three_pt_def_FREQ,three_pt_def_FG3M,three_pt_def_FG3A,three_pt_def_FG3_PCT,three_pt_def_NS_FG3_PCT,three_pt_def_PLUSMINUS,two_pt_def_FREQ,two_pt_def_FG2M,two_pt_def_FG2A,two_pt_def_FG2_PCT,two_pt_def_NS_FG2_PCT,two_pt_def_PLUSMINUS,less_6ft_def_FREQ,less_6ft_def_FGM_LT_06,less_6ft_def_FGA_LT_06,less_6ft_def_LT_06_PCT,less_6ft_def_NS_LT_06_PCT,less_6ft_def_PLUSMINUS,less_10ft_def_FREQ,less_10ft_def_FGM_LT_10,less_10ft_def_FGA_LT_10,less_10ft_def_LT_10_PCT,less_10ft_def_NS_LT_10_PCT,less_10ft_def_PLUSMINUS,more_15ft_def_FREQ,more_15ft_def_FGM_GT_15,more_15ft_def_FGA_GT_15,more_15ft_def_GT_15_PCT,more_15ft_def_NS_GT_15_PCT,more_15ft_def_PLUSMINUS,hustle_TEAM_ID,hustle_TEAM_ABBREVIATION,hustle_CONTESTED_SHOTS,hustle_CONTESTED_SHOTS_2PT,hustle_CONTESTED_SHOTS_3PT,hustle_DEFLECTIONS,hustle_CHARGES_DRAWN,hustle_SCREEN_ASSISTS,hustle_SCREEN_AST_PTS,hustle_OFF_LOOSE_BALLS_RECOVERED,hustle_DEF_LOOSE_BALLS_RECOVERED,hustle_LOOSE_BALLS_RECOVERED,hustle_PCT_LOOSE_BALLS_RECOVERED_OFF,hustle_PCT_LOOSE_BALLS_RECOVERED_DEF,hustle_OFF_BOXOUTS,hustle_DEF_BOXOUTS,hustle_BOX_OUTS,hustle_BOX_OUT_PLAYER_TEAM_REBS,hustle_BOX_OUT_PLAYER_REBS,hustle_PCT_BOX_OUTS_OFF,hustle_PCT_BOX_OUTS_DEF,hustle_PCT_BOX_OUTS_TEAM_REB,hustle_PCT_BOX_OUTS_REB,post_touch_TEAM_ID,post_touch_TEAM_ABBREVIATION,post_touch_TOUCHES,post_touch_POST_TOUCHES,post_touch_POST_TOUCH_FGM,post_touch_POST_TOUCH_FGA,post_touch_POST_TOUCH_FG_PCT,post_touch_POST_TOUCH_FTM,post_touch_POST_TOUCH_FTA,post_touch_POST_TOUCH_FT_PCT,post_touch_POST_TOUCH_PTS,post_touch_POST_TOUCH_PTS_PCT,post_touch_POST_TOUCH_PASSES,post_touch_POST_TOUCH_PASSES_PCT,post_touch_POST_TOUCH_AST,post_touch_POST_TOUCH_AST_PCT,post_touch_POST_TOUCH_TOV,post_touch_POST_TOUCH_TOV_PCT,post_touch_POST_TOUCH_FOULS,post_touch_POST_TOUCH_FOULS_PCT,speed_distance_TEAM_ID,speed_distance_TEAM_ABBREVIATION,speed_distance_MIN1,speed_distance_DIST_FEET,speed_distance_DIST_MILES,speed_distance_DIST_MILES_OFF,speed_distance_DIST_MILES_DEF,speed_distance_AVG_SPEED,speed_distance_AVG_SPEED_OFF,speed_distance_AVG_SPEED_DEF,season
1626171,Bobby Portis,Bobby,1610612741,CHI,23.0,1,1,0,1.0,13.201666666666666,3,8,0.375,0,1,0.0,2,2,1.0,1,3,4,1,1,1,0,1,0,2,8,1,16.3,0,0,15.0,1,1,1,1,173,100,93,126,102,123,102,58,67,1,45,84,79,103,65,31,70,135,1,61,108,85,126,14,2,127,,105.8,17,83.3,0.45,0.114,81.5,109.08,19,5.4,85,0.375,80.0,184,80.0,100,131,10,119,93,139,83.3,9.1,9.1,86.9,43,19,85,17,0.313,184,17,3.0,122,3.3,1.0,0.143,77,0.143,36,69,24,65,8,30,96,8.0,9.2,3.3,109.08,0.071,0.332,0.163,76,90.9,138,181,10.0,2.0,16.0,0.0,1.0,2.0,0.1,0.0,0.1,0.0,0.0,0.0,0.0,0.0,0.0,0.0,0.0,0.0,0.0,0.0,0.0,0.0,0.0,0.0,0.0,0.0,0.0,2.0,1.16,21.0,8.0,2.0,1.0,0.4,0.48,3.0,2.0,0.381,16.0,7.0,0.333,1.0,0.333,3.0,0.333,7.9,1.0,0.0,0.571,0.0,0.0,2.0,0.0,0.75,0.75,2.0,4.0,2.0,9.8,1.0,0.571,0.5,2.0,0.286,0.0,0.5,1.0,1.0,1610612741.0,0.5,1.0,0.0,CHI,,0.5,0.0,2.0,2.0,0.286,0.333,0.333,1.0,3.0,0.333,0.429,0.0,0.0,1.0,0.429,0.0,3.0,,,,,,,,,,,,,,,0.143,1.0,1.0,1.0,1.0,0.0,0.143,1.0,0.286,0.0,2.0,0.5,0.5,0,0.0,,0,,0.0,,0,2.0,0.333,0.375,1.0,1.0,0.0,0.0,4.0,6.0,0.0,2.0,0.0,,0.5,0.0,0.0,0.0,0.0,0.0,,1.0,1.0,0.0,,4.0,2.0,0.0,0.0,0.0,0.0,1.0,0.0,0.5,F,0.403,0.603,0.693,75.0,52.0,0.09,0.0,1.0,0.0,0.0,1.0,0.0,0.0,0.0,1.0,2.0,1.0,CHI,0.0,1.0,0.0,1.0,0.0,0.0,0.0,0.0,0.0,0.0,0.0,4.0,0.0,0.0,0.0,0.5,1,0.0,3,0.0,0.333,1.0,2018,20171227,False,21700509,,,,1.0,3.0,7.0,0.429,0.443,-0.015,,,,,,,1.0,3.0,7.0,0.429,0.467,-0.038,0.714,3.0,5.0,0.6,0.585,0.015,0.714,3.0,5.0,0.6,0.541,0.059,0.286,0.0,2.0,0.0,0.346,-0.346,1610612741,CHI,3.0,2.0,1.0,1.0,0.0,1.0,2.0,0.0,0.0,0.0,0.0,0.0,1.0,4.0,5.0,4.0,2.0,0.2,0.8,0.8,0.4,1610612741,CHI,21.0,1.0,0.0,1.0,0.0,0.0,0.0,0.0,0.0,0.0,0.0,0.0,0.0,0.0,0.0,0.0,0.0,0.0,1610612741,CHI,13.2,5273.0,1.0,0.51,0.49,4.57,5.14,4.11,2017_18
201584,Courtney Lee,Courtney,1610612752,NYK,32.0,1,0,1,0.0,34.86666666666667,7,18,0.389,3,8,0.375,0,0,0.0,0,3,3,4,2,1,0,0,3,0,17,-10,27.6,0,0,29.0,1,106,106,106,29,25,13,122,15,9,57,114,120,114,99,84,110,32,23,31,70,1,146,149,39,168,59,14,2,51,,104.93,56,78.7,0.472,0.038,88.3,103.25,45,-8.9,141,0.472,92.0,191,92.0,25,91,32,109,13,112,78.7,16.7,8.3,79.4,99,45,141,33,0.256,191,56,7.0,110,-13.3,2.0,0.073,132,0.25,118,167,30,33,32,75,152,18.0,8.3,-13.3,103.25,0.0,0.262,0.078,42,86.04,132,192,38.0,8.0,52.0,0.0,4.0,4.0,0.105,0.0,0.105,0.0,0.0,4.0,3.0,1.0,4.0,0.0,0.0,0.0,0.0,0.0,0.0,0.25,2.0,0.667,1.0,0.0,0.0,0.0,3.23,60.0,17.0,0.0,0.0,3.2,1.98,0.0,0.0,0.283,44.0,8.0,0.0,0.0,0.0,2.0,0.0,11.7,0.0,0.0,0.375,0.0,0.0,0.0,0.0,0.5,0.5,3.0,6.0,0.0,11.7,0.0,0.375,0.0,3.0,0.111,0.0,0.5,1.0,1.0,1610612752.0,0.5,1.0,0.0,NYK,,0.5,0.0,2.0,2.0,0.111,0.667,1.0,2.0,2.0,0.667,0.167,1.0,0.056,2.0,0.111,0.0,3.0,0.0,4.0,0.375,1.0,0.5,8.0,0.5,0.222,0.444,4.0,2.0,0.25,0.222,3.0,0.167,1.0,0.0,0.0,2.0,1.0,0.111,3.0,0.278,0.333,5.0,0.2,0.3,2,0.0,0.125,1,0.125,3.0,0.0,8,9.0,0.5,0.472,0.0,0.0,0.0,0.0,0.0,0.0,0.5,7.0,0.0,0.5,0.286,0.0,0.0,0.0,0.0,2.0,2.0,2.0,1.0,0.0,1.0,2.0,2.0,2.0,1.0,0.0,0.0,6.0,0.333,1.0,G,0.311,0.6,0.701,107.0,75.0,0.101,0.667,7.0,0.0,0.0,0.143,0.0,0.0,2.0,3.0,2.0,4.0,NYK,0.0,0.0,0.0,1.0,0.0,0.0,0.0,0.0,0.0,0.0,0.5,3.0,1.0,0.0,2.0,0.667,3,3.0,6,0.6,0.75,5.0,2018,20171227,False,21700509,,,,1.0,3.0,12.0,0.25,0.428,-0.178,0.5,3.0,6.0,0.5,0.368,0.132,0.5,0.0,6.0,0.0,0.473,-0.473,0.083,0.0,1.0,0.0,0.662,-0.662,0.167,0.0,2.0,0.0,0.589,-0.589,0.667,3.0,8.0,0.375,0.364,0.012,1610612752,NYK,7.0,3.0,4.0,4.0,0.0,0.0,0.0,1.0,2.0,3.0,0.333,0.667,0.0,0.0,0.0,0.0,0.0,0.0,0.0,0.0,0.0,1610612752,NYK,60.0,0.0,0.0,0.0,0.0,0.0,0.0,0.0,0.0,0.0,0.0,0.0,0.0,0.0,0.0,0.0,0.0,0.0,1610612752,NYK,34.87,13092.0,2.48,1.34,1.14,4.32,4.21,4.06,2017_18
1628021,David Nwaba,David,1610612741,CHI,25.0,1,1,0,1.0,19.08,2,6,0.333,0,2,0.0,1,4,0.25,0,3,3,1,2,1,0,0,0,2,5,-10,11.1,0,0,11.0,1,1,1,1,135,127,119,133,102,99,102,88,38,113,99,84,110,103,23,31,70,1,1,61,142,168,157,14,2,150,,102.94,42,70.0,0.322,0.065,88.0,104.4,30,-15.5,160,0.333,88.4,200,88.4,127,131,43,176,119,148,70.0,9.1,18.2,72.5,99,30,160,32,0.238,200,42,2.0,179,-18.4,0.5,0.115,152,0.111,171,131,50,94,44,40,120,6.0,18.6,-18.4,104.4,0.0,0.246,0.018,96,87.0,172,201,6.0,3.0,14.0,0.0,1.0,4.0,0.167,0.0,0.167,0.0,0.0,2.0,1.0,1.0,0.0,0.0,0.0,0.0,0.0,0.0,0.0,0.5,0.0,0.0,0.0,0.0,0.0,0.0,2.1,18.0,5.0,0.0,0.0,0.6,1.78,3.0,2.0,0.278,12.0,3.0,0.0,0.0,0.0,0.0,0.0,7.5,0.0,0.0,1.0,0.0,0.0,0.0,0.0,1.0,1.0,3.0,3.0,0.0,7.5,0.0,1.0,0.0,3.0,0.167,0.0,1.0,1.0,1.0,1610612741.0,1.0,1.0,0.0,CHI,,1.0,0.0,1.0,1.0,0.167,0.5,0.5,1.0,2.0,0.5,0.333,0.0,0.0,1.0,0.333,0.0,2.0,,1.0,0.0,0.0,,1.0,0.0,0.167,0.167,0.0,0.0,0.0,0.0,0.0,0.333,0.0,0.0,,0.0,0.0,0.0,2.0,0.333,0.0,2.0,0.0,0.0,0,0.0,0.0,0,0.0,0.0,,1,0.0,0.0,0.333,0.0,0.0,0.0,0.0,0.0,0.0,0.0,0.0,0.0,0.0,0.0,0.0,0.0,0.0,0.0,1.0,1.0,0.0,1.0,0.0,0.0,3.0,2.0,0.0,0.0,0.0,0.0,1.0,0.0,0.667,F,0.293,0.594,0.623,61.0,38.0,0.029,0.0,1.0,0.0,0.0,0.0,0.0,0.0,0.0,1.0,2.0,0.0,CHI,0.0,1.0,0.0,0.0,0.0,0.0,0.0,0.0,0.0,0.0,0.0,3.0,0.0,0.0,0.0,0.667,0,0.0,2,0.0,0.0,2.0,2018,20171227,False,21700509,,,,1.0,3.0,11.0,0.273,0.476,-0.203,0.364,0.0,4.0,0.0,0.297,-0.297,0.636,3.0,7.0,0.429,0.497,-0.068,0.273,2.0,3.0,0.667,0.55,0.117,0.364,3.0,4.0,0.75,0.535,0.216,0.455,0.0,5.0,0.0,0.384,-0.384,1610612741,CHI,5.0,3.0,2.0,1.0,0.0,0.0,0.0,0.0,2.0,2.0,0.0,1.0,0.0,2.0,2.0,1.0,0.0,0.0,1.0,0.5,0.0,1610612741,CHI,18.0,0.0,0.0,0.0,0.0,0.0,0.0,0.0,0.0,0.0,0.0,0.0,0.0,0.0,0.0,0.0,0.0,0.0,1610612741,CHI,19.08,7972.0,1.51,0.74,0.77,4.76,4.87,4.65,2017_18
1627756,Denzel Valentine,Denzel,1610612741,CHI,24.0,1,1,0,1.0,28.90833333333333,4,6,0.667,1,2,0.5,0,0,0.0,0,9,9,0,2,1,0,0,2,0,9,13,20.8,0,0,21.0,1,1,1,1,77,76,119,26,55,99,28,114,120,114,99,8,13,156,23,31,70,1,94,149,100,27,94,14,2,82,,102.15,83,100.0,0.75,0.141,83.7,100.46,23,12.4,52,0.75,83.1,127,83.1,76,156,174,194,119,29,100.0,0.0,25.0,96.1,99,23,52,21,0.118,127,83,4.0,194,16.9,0.0,0.3,59,0.0,74,41,61,110,176,62,20,6.0,25.0,16.9,100.46,0.0,0.118,0.121,156,83.71,36,148,27.0,0.0,19.0,0.0,0.0,4.0,0.0,0.0,0.0,0.0,0.0,7.0,3.0,3.0,4.0,0.143,0.0,0.0,0.0,0.0,1.0,0.429,2.0,0.667,0.571,0.0,0.0,2.0,2.72,36.0,9.0,0.0,0.0,1.6,2.08,1.0,1.0,0.25,23.0,13.0,0.111,0.0,0.0,1.0,0.0,4.6,0.0,2.0,0.692,0.0,2.0,1.0,0.0,0.75,0.9,8.0,12.0,0.0,4.6,1.0,0.818,0.111,8.0,,,,,,,,,,,,,,,,,0.0,0.0,0.0,1.0,0.0,0.167,0.0,0.0,0.0,0.167,0.0,1.0,,2.0,1.0,2.0,,2.0,1.0,0.333,0.333,0.0,0.0,1.0,0.0,2.0,0.333,2.0,1.0,1.0,1.0,1.0,0.167,2.0,0.5,0.5,3.0,0.667,0.833,2,0.0,0.5,1,0.5,1.0,0.0,2,5.0,1.0,0.75,1.0,0.0,0.0,0.0,2.0,0.0,0.0,1.0,0.0,0.0,1.0,0.5,1.0,0.0,0.0,0.0,0.0,1.0,2.0,0.0,0.0,1.0,1.0,1.0,0.0,0.0,0.0,2.0,0.5,1.0,F,0.364,0.608,0.657,108.0,71.0,0.049,0.0,1.0,1.0,0.0,1.0,,0.0,0.0,1.0,1.0,1.0,CHI,1.0,1.0,0.0,1.0,0.0,0.0,0.0,,1.0,0.0,1.0,1.0,,0.0,1.0,1.0,2,1.0,2,1.0,1.25,1.0,2018,20171227,False,21700509,,,,1.0,5.0,6.0,0.833,0.443,0.39,0.333,1.0,2.0,0.5,0.413,0.087,0.667,4.0,4.0,1.0,0.451,0.549,0.5,3.0,3.0,1.0,0.538,0.462,0.5,3.0,3.0,1.0,0.498,0.502,0.5,2.0,3.0,0.667,0.385,0.282,1610612741,CHI,4.0,3.0,1.0,2.0,0.0,0.0,0.0,0.0,0.0,0.0,0.0,0.0,0.0,1.0,1.0,1.0,1.0,0.0,1.0,1.0,1.0,1610612741,CHI,36.0,0.0,0.0,0.0,0.0,0.0,0.0,0.0,0.0,0.0,0.0,0.0,0.0,0.0,0.0,0.0,0.0,0.0,1610612741,CHI,28.92,11497.0,2.18,1.2,0.98,4.58,5.21,4.0,2017_18
202683,Enes Freedom,Enes,1610612752,NYK,26.0,1,0,1,0.0,21.846666666666668,2,7,0.286,0,1,0.0,0,0,0.0,1,10,11,1,1,0,0,1,1,0,4,-5,17.7,0,0,16.0,1,106,106,106,115,127,105,161,102,123,102,114,120,114,45,5,7,103,65,96,70,135,39,149,157,136,114,14,2,122,,102.61,78,87.0,0.286,0.25,94.2,101.07,62,-6.6,134,0.286,97.8,176,97.8,127,119,123,130,105,168,87.0,11.1,11.1,87.6,65,62,134,50,0.17,176,78,2.0,133,-10.9,1.0,0.435,122,0.067,101,7,53,65,128,46,6,7.0,11.1,-10.9,101.07,0.048,0.172,0.103,134,84.22,175,179,32.0,2.0,21.0,0.0,1.0,2.0,0.031,0.0,0.031,0.0,0.0,0.0,0.0,0.0,0.0,0.0,0.0,0.0,0.0,0.0,0.0,0.0,0.0,0.0,0.0,0.0,0.333,0.5,1.68,41.0,4.0,0.667,6.0,1.1,0.24,3.0,4.0,0.098,22.0,16.0,0.3,1.0,0.5,2.0,0.5,5.2,1.0,0.0,0.688,0.0,0.0,4.0,0.0,0.714,0.714,7.0,14.0,6.2,5.1,3.0,0.688,0.364,7.0,0.167,0.0,1.0,1.0,1.0,1610612752.0,1.0,1.0,0.0,NYK,,1.0,0.0,1.0,1.0,0.167,0.333,0.333,1.0,3.0,0.333,0.5,0.0,0.0,1.0,0.5,0.0,3.0,,1.0,0.0,0.0,0.0,2.0,0.0,0.167,0.333,1.0,0.0,0.0,0.167,0.0,,,,,,,,,,,,,,0,0.0,,0,,0.0,,0,0.0,0.0,0.286,1.0,0.5,0.2,2.0,2.0,2.0,0.0,1.0,0.0,0.0,0.0,0.5,1.0,,0.0,0.0,0.0,0.0,2.0,,0.0,3.0,1.0,0.0,0.0,0.0,,1.0,0.0,0.333,C,0.409,0.613,0.552,163.0,90.0,-0.061,0.0,0.0,1.0,0.5,0.0,,0.0,0.0,1.0,1.0,0.0,NYK,0.0,2.0,,0.0,0.0,0.0,1.0,,0.0,,0.0,3.0,,,0.0,0.333,0,0.0,1,0.0,0.0,1.0,2018,20171227,False,21700509,,,,1.0,6.0,18.0,0.333,0.471,-0.138,,,,,,,1.0,6.0,18.0,0.333,0.495,-0.161,0.444,5.0,8.0,0.625,0.617,0.008,0.611,5.0,11.0,0.455,0.561,-0.106,0.222,0.0,4.0,0.0,0.364,-0.364,1610612752,NYK,10.0,10.0,0.0,0.0,0.0,3.0,6.0,0.0,0.0,0.0,0.0,0.0,2.0,4.0,6.0,5.0,1.0,0.333,0.667,0.833,0.167,1610612752,NYK,41.0,6.0,1.0,5.0,0.2,0.0,0.0,0.0,2.0,0.333,1.0,0.167,0.0,0.0,0.0,0.0,0.0,0.0,1610612752,NYK,21.85,8012.0,1.52,0.75,0.77,4.13,4.31,4.51,2017_18
1628373,Frank Ntilikina,Frank,1610612752,NYK,19.0,1,0,1,0.0,28.201666666666668,3,10,0.3,0,3,0.0,0,1,0.0,0,5,5,4,1,1,1,0,6,1,6,1,23.0,0,0,19.0,1,106,106,106,79,100,61,156,102,71,102,114,113,114,99,39,62,32,65,31,23,1,207,97,127,85,85,14,2,96,,99.6,122,83.9,0.287,0.076,76.7,97.02,15,5.6,82,0.3,79.3,182,79.3,100,43,114,92,61,166,83.9,26.7,6.7,82.3,99,15,82,10,0.177,182,122,3.0,92,4.6,4.0,0.161,75,0.235,168,115,83,10,115,56,82,10.0,6.5,4.6,97.02,0.0,0.184,0.019,48,80.85,174,189,58.0,10.0,64.0,0.0,4.0,11.0,0.069,0.0,0.069,1.0,0.0,6.0,4.0,1.0,4.0,0.0,0.0,0.0,0.0,0.167,0.0,0.167,2.0,0.5,0.667,0.0,0.0,0.0,5.57,70.0,6.0,0.0,0.0,6.5,5.41,0.0,0.0,0.086,22.0,11.0,0.0,0.0,0.0,0.0,0.0,10.8,0.0,2.0,0.455,0.0,2.0,0.0,0.0,0.455,0.556,5.0,11.0,0.0,10.8,0.0,0.556,0.0,5.0,,,,,,,,,,,,,,,,,0.6,0.6,3.0,5.0,0.6,0.5,0.0,0.0,3.0,0.5,0.0,5.0,,2.0,0.0,0.0,0.0,3.0,0.0,0.2,0.3,1.0,0.0,0.0,0.1,0.0,0.2,0.0,0.0,,0.0,0.0,0.0,2.0,0.2,0.0,2.0,0.0,0.0,2,0.0,0.167,1,0.167,3.0,0.0,6,0.0,0.0,0.3,0.0,0.0,0.0,0.0,0.0,0.0,0.0,2.0,0.0,0.0,0.0,0.5,2.0,0.0,0.0,0.0,0.0,0.0,4.0,0.0,0.0,1.0,1.0,0.0,0.0,0.0,0.0,3.0,0.0,1.0,G,0.378,0.577,0.622,82.0,51.0,0.045,0.0,1.0,2.0,0.5,0.0,0.0,0.0,0.0,3.0,1.0,1.0,NYK,1.0,2.0,0.0,0.0,0.0,0.0,1.0,0.0,0.5,0.0,0.0,1.0,0.0,0.0,0.0,1.0,0,0.0,1,,0.0,0.0,2018,20171227,False,21700509,,,,1.0,3.0,5.0,0.6,0.446,0.154,0.2,1.0,1.0,1.0,0.324,0.676,0.8,2.0,4.0,0.5,0.477,0.023,0.4,1.0,2.0,0.5,0.585,-0.085,0.4,1.0,2.0,0.5,0.543,-0.043,0.4,1.0,2.0,0.5,0.382,0.118,1610612752,NYK,2.0,1.0,1.0,4.0,0.0,0.0,0.0,0.0,0.0,0.0,0.0,0.0,0.0,1.0,1.0,1.0,0.0,0.0,1.0,1.0,0.0,1610612752,NYK,70.0,0.0,0.0,0.0,0.0,0.0,0.0,0.0,0.0,0.0,0.0,0.0,0.0,0.0,0.0,0.0,0.0,0.0,1610612752,NYK,28.2,10796.0,2.04,1.13,0.91,4.26,4.48,4.02,2017_18
101127,Jarrett Jack,Jarrett,1610612752,NYK,34.0,1,0,1,0.0,19.668333333333333,5,8,0.625,0,0,0.0,1,2,0.5,0,4,4,8,3,0,0,0,0,2,11,-4,24.8,0,0,23.0,1,106,106,106,131,56,93,43,102,155,102,88,67,86,99,57,79,7,11,96,70,1,1,61,78,124,73,14,2,73,,105.97,25,90.9,0.619,0.093,101.9,107.38,69,-10.2,127,0.625,100.0,163,100.0,56,15,30,167,93,63,90.9,40.0,15.0,91.7,99,69,127,78,0.261,163,25,5.0,168,-9.1,2.67,0.174,136,0.667,26,90,22,29,34,44,72,8.0,15.1,-9.1,107.38,0.0,0.26,0.183,4,89.48,70,165,46.0,17.0,54.0,0.0,8.0,11.0,0.174,0.0,0.174,0.0,0.0,8.0,2.0,4.0,2.0,0.25,0.0,0.0,0.0,0.0,2.0,0.5,1.0,0.5,0.25,0.0,0.0,0.0,4.7,59.0,11.0,0.0,0.0,4.6,4.32,0.0,0.0,0.186,23.0,5.0,0.0,0.0,0.0,1.0,0.0,9.2,0.0,1.0,0.8,0.0,1.0,0.0,0.0,0.8,1.0,4.0,5.0,0.0,9.2,0.0,1.0,0.0,4.0,0.25,0.0,0.5,1.0,1.0,1610612752.0,0.5,1.0,0.0,NYK,,0.5,0.0,2.0,2.0,0.25,0.333,0.333,1.0,3.0,0.333,0.375,0.0,0.0,1.0,0.375,0.0,3.0,,3.0,1.0,3.0,,3.0,1.0,0.375,0.375,0.0,0.0,1.0,0.0,3.0,,,,,,,,,,,,,,6,,0.75,3,0.75,,,4,0.0,0.0,0.625,0.0,0.0,0.0,0.0,0.0,0.0,0.0,4.0,0.0,0.0,0.75,0.0,0.0,,0.0,0.0,0.0,3.0,1.0,,0.0,3.0,2.0,0.0,0.0,0.0,,0.0,0.0,0.667,G,0.327,0.601,0.563,103.0,58.0,-0.038,0.0,4.0,0.0,0.0,0.75,,0.0,0.0,0.0,2.0,0.0,NYK,0.0,0.0,,3.0,0.0,0.0,0.0,,0.0,,0.0,4.0,,,0.0,0.5,0,,0,,,,2018,20171227,False,21700509,,,,1.0,4.0,10.0,0.4,0.428,-0.028,0.4,2.0,4.0,0.5,0.331,0.169,0.6,2.0,6.0,0.333,0.459,-0.126,,,,,,,0.2,0.0,2.0,0.0,0.476,-0.476,0.7,3.0,7.0,0.429,0.378,0.051,1610612752,NYK,6.0,4.0,2.0,0.0,0.0,0.0,0.0,0.0,0.0,0.0,0.0,0.0,0.0,3.0,3.0,2.0,0.0,0.0,1.0,0.667,0.0,1610612752,NYK,59.0,0.0,0.0,0.0,0.0,0.0,0.0,0.0,0.0,0.0,0.0,0.0,0.0,0.0,0.0,0.0,0.0,0.0,1610612752,NYK,19.67,7570.0,1.43,0.81,0.62,4.29,4.58,3.94,2017_18
1626170,Jerian Grant,Jerian,1610612741,CHI,25.0,1,1,0,1.0,16.0,3,7,0.429,1,4,0.25,0,0,0.0,0,3,3,6,0,0,0,0,3,0,7,6,19.6,0,0,17.0,1,1,1,1,155,100,105,100,55,51,83,114,120,114,99,84,110,21,137,96,70,1,146,149,119,53,102,14,2,115,,105.3,33,114.3,0.5,0.091,93.9,105.0,60,23.7,51,0.5,97.1,69,97.1,100,12,111,1,105,87,114.3,46.2,0.0,117.6,99,60,51,48,0.179,69,33,3.0,1,17.1,0.0,0.167,35,0.429,79,93,28,110,101,35,74,7.0,0.0,17.1,105.0,0.0,0.194,0.119,14,87.5,113,59,29.0,14.0,31.0,0.0,7.0,9.0,0.241,1.0,0.207,1.0,0.0,5.0,2.0,2.0,2.0,0.0,0.0,0.0,0.0,0.2,0.0,0.4,1.0,0.5,0.4,0.0,0.0,0.0,5.49,38.0,7.0,0.0,0.0,3.5,5.39,0.0,0.0,0.184,11.0,6.0,0.0,0.0,0.0,2.0,0.0,6.4,0.0,0.0,0.5,0.0,0.0,0.0,0.0,0.75,0.75,3.0,4.0,0.0,6.4,0.0,0.5,0.0,3.0,,,,,,,,,,,,,,,,,0.0,0.0,0.0,1.0,0.0,0.143,0.0,0.0,0.0,0.143,0.0,1.0,,1.0,0.333,1.0,0.0,3.0,0.333,0.143,0.429,2.0,0.0,1.0,0.286,1.0,0.286,2.0,1.0,1.0,1.0,1.0,0.143,2.0,0.429,0.5,3.0,0.667,0.833,7,1.0,0.5,3,0.429,4.0,0.25,7,0.0,0.0,0.5,0.0,0.0,0.0,0.0,0.0,0.0,0.0,3.0,0.0,0.0,0.667,0.0,0.0,0.0,1.0,0.0,0.0,2.0,0.0,0.0,0.0,0.0,0.0,1.0,0.0,0.0,0.0,3.0,0.333,0.0,G,0.336,0.596,0.613,93.0,57.0,0.016,1.0,3.0,0.0,0.0,0.333,0.0,1.0,1.0,1.0,0.0,2.0,CHI,0.0,0.0,,1.0,0.0,0.0,0.0,0.0,0.0,,0.5,0.0,0.0,,1.0,0.0,0,0.0,0,,,0.0,2018,20171227,False,21700509,,,,1.0,6.0,9.0,0.667,0.461,0.206,0.333,1.0,3.0,0.333,0.375,-0.042,0.667,5.0,6.0,0.833,0.497,0.336,0.333,3.0,3.0,1.0,0.616,0.384,0.444,4.0,4.0,1.0,0.582,0.418,0.444,1.0,4.0,0.25,0.36,-0.11,1610612741,CHI,4.0,2.0,2.0,1.0,0.0,0.0,0.0,1.0,0.0,1.0,1.0,0.0,0.0,0.0,0.0,0.0,0.0,0.0,0.0,0.0,0.0,1610612741,CHI,38.0,0.0,0.0,0.0,0.0,0.0,0.0,0.0,0.0,0.0,0.0,0.0,0.0,0.0,0.0,0.0,0.0,0.0,1610612741,CHI,16.0,5713.0,1.08,0.54,0.55,4.16,4.17,3.46,2017_18
203200,Justin Holiday,Justin,1610612741,CHI,29.0,1,1,0,1.0,37.21666666666667,3,7,0.429,3,4,0.75,2,2,1.0,1,8,9,3,3,1,0,0,1,1,11,6,26.3,0,0,28.0,1,1,1,1,13,100,105,100,15,51,12,58,67,1,45,10,13,49,11,31,70,1,39,97,78,53,66,14,2,56,,104.75,57,91.3,0.698,0.105,84.5,103.18,24,3.3,70,0.643,83.8,161,83.8,100,67,169,190,105,60,91.3,21.4,21.4,87.8,96,24,70,23,0.126,161,57,3.0,190,7.5,1.0,0.195,89,0.12,76,79,32,65,169,80,57,7.0,21.6,7.5,103.18,0.022,0.126,0.121,94,85.98,50,178,27.0,8.0,25.0,0.0,3.0,3.0,0.111,0.0,0.111,1.0,0.0,3.0,2.0,0.0,0.0,0.0,0.0,0.0,0.0,0.333,0.0,0.0,0.0,0.0,0.0,0.0,0.0,0.0,2.04,37.0,11.0,0.0,0.0,1.3,1.7,0.0,0.0,0.297,20.0,11.0,0.0,0.0,1.0,1.0,1.0,9.9,0.0,0.0,0.818,1.0,0.0,0.0,0.0,0.8,0.8,9.0,10.0,48.0,5.2,0.0,0.818,0.0,8.0,,,,,,,,,,,,,,,,,0.75,0.0,1.0,1.0,0.5,0.286,1.0,0.143,0.0,0.143,1.0,2.0,1.0,1.0,0.0,0.0,0.0,2.0,0.0,0.143,0.286,1.0,0.0,0.0,0.143,0.0,0.286,2.0,0.0,0.0,1.0,2.0,0.143,2.0,0.429,1.0,3.0,0.667,1.0,0,0.0,0.0,0,0.0,0.0,,3,9.0,0.75,0.643,0.0,0.0,0.0,0.0,0.0,0.0,0.5,2.0,0.0,0.0,0.0,0.0,0.0,1.0,0.0,2.0,1.0,0.0,1.0,1.0,0.0,0.0,0.0,2.0,1.0,0.0,1.0,2.0,1.0,0.0,G-F,0.349,0.613,0.638,130.0,83.0,0.025,1.0,4.0,2.0,0.0,0.5,0.0,0.0,1.0,1.0,0.0,0.0,CHI,0.0,0.0,0.0,2.0,0.0,0.0,0.0,0.0,0.0,0.0,0.0,0.0,0.0,0.0,0.0,0.0,3,3.0,4,0.75,1.125,4.0,2018,20171227,False,21700509,,,,1.0,2.0,8.0,0.25,0.453,-0.203,0.375,0.0,3.0,0.0,0.401,-0.401,0.625,2.0,5.0,0.4,0.484,-0.084,0.125,1.0,1.0,1.0,0.607,0.393,0.25,2.0,2.0,1.0,0.571,0.429,0.75,0.0,6.0,0.0,0.4,-0.4,1610612741,CHI,5.0,3.0,2.0,1.0,0.0,1.0,3.0,0.0,0.0,0.0,0.0,0.0,0.0,0.0,0.0,0.0,0.0,0.0,0.0,0.0,0.0,1610612741,CHI,37.0,0.0,0.0,0.0,0.0,0.0,0.0,0.0,0.0,0.0,0.0,0.0,0.0,0.0,0.0,0.0,0.0,0.0,1610612741,CHI,37.22,14550.0,2.76,1.47,1.29,4.52,5.16,3.97,2017_18
1627739,Kris Dunn,Kris,1610612741,CHI,24.0,1,1,0,1.0,32.0,6,18,0.333,1,4,0.25,4,4,1.0,0,5,5,5,2,2,1,1,3,5,17,-1,37.5,0,0,34.0,1,1,1,1,47,42,13,133,55,51,83,21,38,1,99,39,62,25,23,9,23,135,146,14,39,100,27,14,2,31,,101.67,65,76.5,0.43,0.065,80.9,102.75,12,-6.6,102,0.361,76.8,194,76.8,42,87,12,102,13,144,76.5,18.5,7.4,74.2,99,12,102,16,0.306,194,65,6.0,104,-0.3,2.5,0.132,123,0.417,51,132,67,31,17,68,105,18.0,7.5,-0.3,102.75,0.0,0.302,0.139,15,85.63,143,198,67.0,15.0,81.0,2.0,8.0,12.0,0.119,1.0,0.075,2.0,0.05,20.0,6.0,8.0,6.0,0.05,2.0,1.0,1.0,0.1,1.0,0.4,2.0,0.333,0.3,2.0,0.0,0.0,4.12,94.0,17.0,0.0,0.0,6.5,3.44,0.0,1.0,0.181,37.0,10.0,0.6,0.0,0.0,3.0,0.0,7.3,0.0,2.0,0.5,0.0,2.0,3.0,0.0,0.714,1.0,2.0,7.0,0.0,7.3,3.0,0.625,0.6,2.0,0.059,0.0,0.0,0.0,1.0,1610612741.0,0.0,0.0,0.0,CHI,,0.0,0.0,1.0,1.0,0.059,0.5,0.5,2.0,4.0,0.5,0.235,0.0,0.0,2.0,0.235,0.0,4.0,,6.0,0.333,2.0,,6.0,0.333,0.353,0.353,0.0,0.0,0.333,0.0,2.0,0.235,2.0,1.0,0.5,2.0,1.0,0.118,4.0,0.353,0.25,6.0,0.333,0.417,6,0.0,0.333,3,0.333,1.0,0.0,9,3.0,0.333,0.361,0.0,0.0,0.0,0.0,0.0,0.0,0.0,7.0,0.0,0.0,0.286,0.25,1.0,0.0,0.0,1.0,1.0,2.0,4.0,0.0,0.0,3.0,2.0,1.0,0.0,0.0,0.0,3.0,0.333,0.667,G,0.383,0.593,0.683,126.0,86.0,0.089,0.333,4.0,1.0,0.0,0.25,,0.0,1.0,3.0,2.0,4.0,CHI,1.0,2.0,0.0,1.0,0.0,0.0,0.0,,1.0,0.0,0.25,4.0,,0.0,1.0,0.5,1,1.0,2,0.5,0.75,2.0,2018,20171227,False,21700509,,,,1.0,4.0,15.0,0.267,0.43,-0.163,0.133,0.0,2.0,0.0,0.361,-0.361,0.867,4.0,13.0,0.308,0.45,-0.142,0.4,1.0,6.0,0.167,0.542,-0.375,0.533,2.0,8.0,0.25,0.497,-0.247,0.333,2.0,5.0,0.4,0.372,0.028,1610612741,CHI,11.0,9.0,2.0,4.0,0.0,0.0,0.0,0.0,0.0,0.0,0.0,0.0,0.0,1.0,1.0,1.0,0.0,0.0,1.0,1.0,0.0,1610612741,CHI,94.0,0.0,0.0,0.0,0.0,0.0,0.0,0.0,0.0,0.0,0.0,0.0,0.0,0.0,0.0,0.0,0.0,0.0,1610612741,CHI,32.0,12694.0,2.4,1.31,1.1,4.51,5.11,3.96,2017_18
204001,Kristaps Porziņģis,Kristaps,1610612752,NYK,22.0,1,0,1,0.0,38.96666666666667,9,22,0.409,1,6,0.167,4,4,1.0,1,5,6,1,0,1,3,1,2,6,23,0,43.7,0,0,39.0,1,106,106,106,8,9,2,111,55,23,98,21,38,1,45,39,47,103,137,31,3,135,94,10,11,94,12,14,2,16,,103.74,62,88.0,0.484,0.066,84.7,102.86,27,4.0,92,0.432,86.9,172,86.9,9,154,21,1,2,122,88.0,4.0,0.0,88.7,94,27,92,25,0.273,172,62,9.0,1,1.0,0.0,0.104,85,0.048,67,130,39,110,24,83,130,22.0,0.0,1.0,102.86,0.023,0.275,0.125,150,85.71,128,174,46.0,3.0,50.0,0.0,2.0,3.0,0.043,1.0,0.022,0.0,0.0,1.0,1.0,0.0,0.0,0.0,0.0,0.0,0.0,0.0,0.0,0.0,0.0,0.0,0.0,0.0,0.471,1.333,1.8,74.0,23.0,1.0,17.0,2.2,0.62,4.0,6.0,0.311,50.0,16.0,0.4,1.0,0.333,3.0,0.333,6.2,1.0,1.0,0.375,0.0,1.0,3.0,0.0,0.385,0.417,3.0,13.0,3.6,6.7,2.0,0.4,0.5,3.0,0.048,0.0,0.0,0.0,1.0,1610612752.0,0.0,0.0,0.0,NYK,,0.0,0.0,1.0,1.0,0.048,0.75,0.75,6.0,8.0,0.75,0.381,0.0,0.0,6.0,0.381,0.0,8.0,,6.0,0.25,2.0,0.0,8.0,0.25,0.286,0.381,2.0,0.0,0.333,0.095,2.0,0.19,1.0,0.0,,0.0,1.0,0.0,4.0,0.19,0.25,4.0,0.25,0.375,2,0.0,0.2,1,0.2,0.0,,5,11.0,0.5,0.432,1.0,0.667,0.333,8.0,8.0,4.0,0.0,10.0,0.0,0.0,0.5,0.333,1.0,0.0,0.0,0.0,0.0,5.0,3.0,0.0,0.0,3.0,2.0,1.0,0.0,0.0,0.0,6.0,0.167,0.667,F-C,0.394,0.607,0.455,165.0,75.0,-0.152,0.2,2.0,3.0,0.0,0.5,,0.0,1.0,5.0,2.0,6.0,NYK,3.0,2.0,0.0,1.0,0.0,0.0,0.0,,1.0,0.0,0.333,4.0,,0.0,2.0,0.5,4,1.0,9,0.167,0.5,6.0,2018,20171227,False,21700509,,,,1.0,6.0,18.0,0.333,0.436,-0.102,0.611,3.0,11.0,0.273,0.355,-0.082,0.389,3.0,7.0,0.429,0.495,-0.066,0.222,2.0,4.0,0.5,0.599,-0.099,0.278,2.0,5.0,0.4,0.56,-0.16,0.722,4.0,13.0,0.308,0.368,-0.06,1610612752,NYK,22.0,11.0,11.0,2.0,0.0,2.0,4.0,1.0,0.0,1.0,1.0,0.0,0.0,2.0,2.0,2.0,0.0,0.0,1.0,1.0,0.0,1610612752,NYK,74.0,17.0,3.0,9.0,0.333,2.0,2.0,1.0,8.0,0.471,6.0,0.353,1.0,0.059,0.0,0.0,1.0,0.059,1610612752,NYK,38.97,14546.0,2.75,1.48,1.27,4.32,4.44,4.19,2017_18
203124,Kyle O'Quinn,Kyle,1610612752,NYK,28.0,1,0,1,0.0,16.816666666666666,4,5,0.8,0,0,0.0,1,2,0.5,2,6,8,1,0,0,0,0,2,1,9,9,20.1,0,0,18.0,1,106,106,106,152,76,139,12,102,155,102,88,67,86,20,25,25,103,137,96,70,1,94,97,100,39,100,14,2,103,,100.02,64,97.1,0.765,0.211,74.1,102.76,7,19.6,31,0.8,67.6,141,67.6,76,100,139,1,139,22,97.1,14.3,0.0,93.6,27,7,31,9,0.154,141,64,4.0,1,29.6,0.0,0.353,44,0.091,8,12,78,110,151,35,11,5.0,0.0,29.6,102.76,0.095,0.15,0.245,110,85.63,30,161,25.0,2.0,14.0,0.0,1.0,1.0,0.04,0.0,0.04,0.0,0.0,0.0,0.0,0.0,0.0,0.0,0.0,0.0,0.0,0.0,0.0,0.0,0.0,0.0,0.0,0.0,0.0,1.333,1.86,31.0,9.0,1.5,0.0,1.0,0.23,4.0,3.0,0.29,16.0,14.0,0.333,1.0,0.286,7.0,0.286,3.4,0.5,1.0,0.571,1.0,1.0,3.0,0.0,0.667,0.75,5.0,9.0,2.6,3.7,2.0,0.615,0.375,4.0,,,,,,,,,,,,,,,,,1.0,1.0,4.0,4.0,1.0,0.8,0.0,0.0,4.0,0.8,0.0,4.0,,,,,,,,,,,,,,,0.0,0.0,0.0,0.0,1.0,0.0,0.2,0.0,0.2,,1.0,0.0,0.0,0,,,0,,,,0,0.0,0.0,0.8,1.0,1.0,0.0,0.0,4.0,6.0,0.0,1.0,0.0,0.0,0.0,1.0,2.0,0.0,0.0,0.0,0.0,0.0,2.0,0.0,0.0,2.0,2.0,0.0,0.0,0.0,0.0,0.0,0.0,1.0,C-F,0.388,0.607,0.5,108.0,54.0,-0.107,0.0,1.0,0.0,0.0,0.0,0.0,0.0,0.0,0.0,4.0,0.0,NYK,0.0,0.0,0.0,0.0,0.0,0.0,0.0,0.0,0.0,0.0,0.0,4.0,0.0,0.0,0.0,1.0,0,,0,,,,2018,20171227,False,21700509,,,,1.0,6.0,10.0,0.6,0.45,0.15,0.2,0.0,2.0,0.0,0.342,-0.342,0.8,6.0,8.0,0.75,0.479,0.271,0.2,1.0,2.0,0.5,0.594,-0.094,0.3,2.0,3.0,0.667,0.586,0.081,0.6,3.0,6.0,0.5,0.373,0.127,1610612752,NYK,5.0,4.0,1.0,0.0,0.0,2.0,6.0,0.0,0.0,0.0,0.0,0.0,3.0,2.0,5.0,4.0,2.0,0.6,0.4,0.8,0.4,1610612752,NYK,31.0,0.0,0.0,0.0,0.0,0.0,0.0,0.0,0.0,0.0,0.0,0.0,0.0,0.0,0.0,0.0,0.0,0.0,1610612752,NYK,16.82,6547.0,1.24,0.64,0.6,4.3,4.12,4.49,2017_18
202498,Lance Thomas,Lance,1610612752,NYK,30.0,1,0,1,0.0,28.15833333333333,3,6,0.5,0,1,0.0,2,2,1.0,2,1,3,0,1,1,1,1,2,1,8,-4,16.6,0,0,15.0,1,106,106,106,80,100,119,70,102,123,102,58,67,1,20,151,110,156,65,31,23,135,94,97,108,124,122,14,2,127,,102.79,44,90.0,0.581,0.045,96.0,103.98,53,-6.3,112,0.5,93.5,167,93.5,100,156,173,143,119,87,90.0,0.0,12.5,89.7,58,53,112,56,0.119,167,44,3.0,151,-3.5,0.0,0.034,120,0.0,144,158,51,110,175,60,180,6.0,12.7,-3.5,103.98,0.053,0.119,0.05,156,86.65,80,173,15.0,0.0,13.0,0.0,0.0,0.0,0.0,0.0,0.0,0.0,0.0,0.0,0.0,0.0,0.0,0.0,0.0,0.0,0.0,0.0,0.0,0.0,0.0,0.0,0.0,0.0,0.0,2.0,1.99,24.0,8.0,1.2,0.0,0.8,0.21,5.0,1.0,0.333,20.0,7.0,0.0,2.0,0.5,4.0,0.5,6.3,1.0,0.0,0.429,0.0,0.0,2.0,0.0,0.333,0.333,1.0,3.0,4.4,10.1,0.0,0.429,0.667,1.0,0.2,0.0,0.0,0.0,1.0,1610612752.0,0.0,0.0,0.0,NYK,,0.0,0.0,1.0,1.0,0.2,1.0,1.0,1.0,1.0,1.0,0.2,0.0,0.0,1.0,0.2,0.0,1.0,,2.0,1.0,2.0,,2.0,1.0,0.4,0.4,0.0,0.0,1.0,0.0,2.0,0.2,0.0,0.0,,0.0,0.0,0.0,1.0,0.2,0.0,1.0,0.0,0.0,0,0.0,,0,,0.0,,0,0.0,0.0,0.5,1.0,0.6,0.0,0.0,2.0,6.0,0.0,0.0,0.0,0.0,0.0,0.0,0.0,1.0,0.0,1.0,0.0,0.0,0.0,0.0,0.0,5.0,3.0,0.0,0.0,0.0,0.0,0.0,0.0,0.6,F,0.273,0.602,0.591,44.0,26.0,-0.011,0.0,1.0,0.0,0.0,0.0,0.0,0.0,0.0,0.0,3.0,0.0,NYK,0.0,0.0,0.0,0.0,0.0,0.0,0.0,0.0,0.0,0.0,0.0,5.0,0.0,0.0,0.0,0.6,0,0.0,1,0.0,0.0,1.0,2018,20171227,False,21700509,,,,1.0,4.0,5.0,0.8,0.454,0.346,,,,,,,1.0,4.0,5.0,0.8,0.515,0.285,0.4,2.0,2.0,1.0,0.588,0.413,0.6,2.0,3.0,0.667,0.571,0.096,0.4,2.0,2.0,1.0,0.385,0.615,1610612752,NYK,2.0,2.0,0.0,1.0,0.0,0.0,0.0,0.0,0.0,0.0,0.0,0.0,3.0,5.0,8.0,7.0,2.0,0.375,0.625,0.875,0.25,1610612752,NYK,24.0,0.0,0.0,0.0,0.0,0.0,0.0,0.0,0.0,0.0,0.0,0.0,0.0,0.0,0.0,0.0,0.0,0.0,1610612752,NYK,28.17,11135.0,2.11,1.11,1.0,4.5,4.38,4.63,2017_18
1628374,Lauri Markkanen,Lauri,1610612741,CHI,21.0,1,1,0,1.0,28.05,5,15,0.333,2,8,0.25,0,1,0.0,0,2,2,1,1,1,1,1,1,2,12,15,20.9,0,0,21.0,1,1,1,1,81,56,23,133,32,9,83,114,113,114,99,119,135,103,65,31,23,135,39,61,72,23,93,14,2,82,,103.36,73,105.1,0.389,0.032,80.5,101.82,14,18.9,34,0.4,78.3,111,78.3,56,153,39,85,23,128,105.1,5.9,5.9,99.4,99,14,34,15,0.246,111,72,5.0,85,26.8,1.0,0.069,46,0.053,162,172,46,65,39,59,155,15.0,5.7,26.8,101.82,0.0,0.251,0.034,145,84.85,158,135,43.0,2.0,36.0,0.0,1.0,1.0,0.023,0.0,0.023,0.0,0.0,6.0,3.0,2.0,4.0,0.167,0.0,0.0,0.0,0.0,1.0,0.333,2.0,0.667,0.667,0.0,0.0,2.0,1.65,61.0,12.0,0.0,2.0,1.7,0.67,0.0,1.0,0.197,33.0,5.0,0.0,0.0,0.0,3.0,0.0,4.1,0.0,0.0,0.4,0.0,0.0,0.0,0.0,1.0,1.0,2.0,2.0,0.0,4.1,0.0,0.4,0.0,2.0,0.143,0.0,0.5,1.0,1.0,1610612741.0,0.5,1.0,0.0,CHI,,0.5,0.0,2.0,2.0,0.143,0.5,1.0,1.0,1.0,0.5,0.143,1.0,0.071,1.0,0.071,0.0,2.0,0.0,2.0,0.167,1.0,0.0,6.0,0.167,0.143,0.429,4.0,0.0,0.5,0.286,1.0,0.214,2.0,0.0,0.0,1.0,2.0,0.071,3.0,0.286,0.667,4.0,0.5,0.75,0,0.0,0.0,0,0.0,0.0,,2,6.0,0.25,0.4,1.0,0.0,0.0,0.0,2.0,0.0,0.0,2.0,0.0,0.0,0.0,0.0,0.0,0.0,0.0,1.0,1.0,0.0,1.0,0.0,0.0,4.0,3.0,2.0,0.0,0.0,0.0,7.0,0.286,0.75,F,0.386,0.612,0.579,133.0,77.0,-0.033,0.25,4.0,0.0,0.0,0.25,,0.0,1.0,4.0,3.0,2.0,CHI,0.0,1.0,0.0,1.0,0.0,0.0,0.0,,0.0,0.0,0.0,4.0,,0.0,0.0,0.75,2,2.0,8,0.25,0.375,8.0,2018,20171227,False,21700509,,,,1.0,6.0,16.0,0.375,0.447,-0.072,0.063,0.0,1.0,0.0,0.395,-0.395,0.938,6.0,15.0,0.4,0.466,-0.066,0.125,1.0,2.0,0.5,0.612,-0.112,0.25,2.0,4.0,0.5,0.543,-0.043,0.375,2.0,6.0,0.333,0.399,-0.065,1610612741,CHI,17.0,15.0,2.0,2.0,0.0,1.0,2.0,0.0,1.0,1.0,0.0,1.0,0.0,2.0,2.0,2.0,0.0,0.0,1.0,1.0,0.0,1610612741,CHI,61.0,2.0,0.0,1.0,0.0,0.0,0.0,0.0,0.0,0.0,1.0,0.5,0.0,0.0,0.0,0.0,0.0,0.0,1610612741,CHI,28.05,11128.0,2.11,1.18,0.93,4.5,5.5,3.62,2017_18
201563,Michael Beasley,Michael,1610612752,NYK,29.0,1,0,1,0.0,14.758333333333333,3,9,0.333,0,1,0.0,0,0,0.0,0,5,5,1,2,2,0,0,0,1,6,-5,17.5,0,0,16.0,1,106,106,106,166,100,77,133,102,123,102,114,120,114,99,39,62,103,23,9,70,1,1,97,127,136,118,14,2,122,,105.44,19,73.5,0.333,0.135,95.2,108.96,38,-20.1,158,0.333,90.9,198,90.9,100,140,20,169,77,148,73.5,8.3,16.7,75.0,99,38,158,53,0.282,198,19,3.0,170,-17.4,0.5,0.313,163,0.111,56,45,27,94,21,34,19,9.0,16.7,-17.4,108.96,0.0,0.287,0.133,96,90.8,168,196,28.0,2.0,22.0,0.0,1.0,7.0,0.036,0.0,0.036,0.0,0.0,3.0,2.0,0.0,2.0,0.333,0.0,0.0,0.0,0.0,1.0,0.0,1.0,0.5,0.667,0.0,0.2,0.0,2.27,40.0,6.0,1.0,10.0,1.5,0.85,2.0,3.0,0.15,24.0,6.0,0.2,0.0,0.0,0.0,0.0,3.9,0.0,0.0,0.833,0.0,0.0,1.0,0.0,0.833,0.833,4.0,6.0,0.0,3.9,1.0,0.833,0.2,4.0,0.111,0.0,0.0,0.0,1.0,1610612752.0,0.0,0.0,0.0,NYK,,0.0,0.0,1.0,1.0,0.111,0.429,0.429,3.0,7.0,0.429,0.778,0.0,0.0,3.0,0.778,0.0,7.0,,0.0,0.0,0.0,0.0,1.0,0.0,0.0,0.111,1.0,0.0,,0.111,0.0,,,,,,,,,,,,,,0,0.0,0.0,0,0.0,0.0,,3,0.0,0.0,0.333,0.0,0.5,0.2,2.0,0.0,2.0,0.0,2.0,0.0,,0.0,0.5,2.0,0.0,0.0,0.0,,0.0,4.0,0.0,,2.0,1.0,0.0,0.0,0.0,0.0,1.0,0.0,0.5,F,0.369,0.598,0.585,65.0,38.0,-0.013,0.0,0.0,1.0,1.0,0.0,0.0,0.0,0.0,1.0,2.0,2.0,NYK,0.0,1.0,0.0,0.0,0.0,0.0,1.0,0.0,0.0,0.0,0.0,4.0,0.0,0.0,0.0,0.5,0,0.0,0,,,0.0,2018,20171227,False,21700509,,,,1.0,3.0,7.0,0.429,0.443,-0.015,0.429,1.0,3.0,0.333,0.34,-0.006,0.571,2.0,4.0,0.5,0.51,-0.01,0.429,2.0,3.0,0.667,0.54,0.127,0.429,2.0,3.0,0.667,0.532,0.135,0.571,1.0,4.0,0.25,0.361,-0.111,1610612752,NYK,6.0,4.0,2.0,4.0,0.0,0.0,0.0,0.0,0.0,0.0,0.0,0.0,1.0,2.0,3.0,3.0,0.0,0.333,0.667,1.0,0.0,1610612752,NYK,40.0,10.0,1.0,5.0,0.2,0.0,0.0,0.0,2.0,0.2,3.0,0.3,0.0,0.0,1.0,0.1,0.0,0.0,1610612752,NYK,14.77,5672.0,1.07,0.61,0.46,4.49,4.4,4.6,2017_18
201600,Omer Asik,Omer,1610612741,CHI,31.0,1,1,0,1.0,3.25,0,0,0.0,0,0,0.0,0,2,0.0,0,0,0,0,0,0,0,0,1,1,0,-17,0.0,0,0,0.0,1,1,1,1,203,185,201,185,102,155,102,114,67,114,99,188,193,156,137,96,70,1,39,97,192,191,204,14,2,204,,90.98,197,0.0,0.0,0.0,264.0,88.62,209,-264.0,209,0.0,283.3,206,283.3,185,156,127,1,201,185,0.0,0.0,0.0,0.0,99,209,209,209,0.167,206,197,0.0,1,-283.3,0.0,0.0,209,0.0,207,193,164,110,150,6,188,0.0,0.0,-283.3,88.62,0.0,0.15,-0.2,156,73.85,192,206,5.0,0.0,4.0,0.0,0.0,1.0,0.0,0.0,0.0,0.0,0.0,0.0,0.0,0.0,0.0,0.0,0.0,0.0,0.0,0.0,0.0,0.0,0.0,0.0,0.0,0.0,0.0,0.0,1.95,7.0,0.0,0.0,0.0,0.2,0.86,2.0,1.0,0.0,4.0,,,,,,,,,,,,,,,,,,,,,,,,,,,,,,,,,,,,,,,,,,,,,,,,,,,,,,,,,,,,,,,,,,,,,,,,,,,,,,,,0,,,0,,,,0,0.0,0.0,0.0,0.0,0.0,0.0,0.0,0.0,0.0,0.0,0.0,,0.0,0.0,0.0,0.0,,,0.0,0.0,0.0,0.0,,0.0,0.0,0.0,0.0,0.0,,,0.0,0.0,0.0,C,0.434,0.6,0.565,23.0,13.0,-0.035,0.0,0.0,0.0,,0.0,,,0.0,0.0,0.0,0.0,CHI,0.0,,,0.0,,,,,0.0,,0.0,0.0,,,0.0,0.0,0,,0,,,,2018,20171227,False,21700509,,,,1.0,2.0,2.0,1.0,0.511,0.489,0.5,1.0,1.0,1.0,0.333,0.667,0.5,1.0,1.0,1.0,0.476,0.524,0.5,1.0,1.0,1.0,0.572,0.428,0.5,1.0,1.0,1.0,0.538,0.462,0.5,1.0,1.0,1.0,0.308,0.692,1610612741,CHI,0.0,0.0,0.0,0.0,0.0,0.0,0.0,0.0,0.0,0.0,0.0,0.0,0.0,2.0,2.0,0.0,0.0,0.0,1.0,0.0,0.0,1610612741,CHI,7.0,0.0,0.0,0.0,0.0,0.0,0.0,0.0,0.0,0.0,0.0,0.0,0.0,0.0,0.0,0.0,0.0,0.0,1610612741,CHI,3.25,1079.0,0.2,0.14,0.07,3.68,2.89,5.04,2017_18
1627835,Paul Zipser,Paul,1610612741,CHI,24.0,1,1,0,1.0,10.783333333333331,3,3,1.0,2,2,1.0,0,0,0.0,0,1,1,0,1,1,0,0,0,0,8,-1,11.2,0,0,13.0,1,1,1,1,185,100,167,1,32,99,1,114,120,114,99,151,163,156,65,31,70,1,1,149,108,100,154,14,2,139,,96.42,112,86.4,1.333,0.042,89.1,97.93,38,1.9,115,1.333,90.9,179,90.9,100,156,118,194,167,3,86.4,0.0,25.0,91.0,99,38,115,36,0.174,179,112,3.0,194,-4.5,0.0,0.067,95,0.0,10,161,115,110,119,22,157,3.0,25.0,-4.5,97.93,0.0,0.183,0.243,156,81.61,3,169,12.0,0.0,9.0,0.0,0.0,0.0,0.0,0.0,0.0,0.0,0.0,1.0,0.0,0.0,0.0,1.0,0.0,0.0,0.0,0.0,1.0,0.0,0.0,0.0,0.0,0.0,0.0,0.0,2.34,16.0,8.0,0.0,0.0,0.6,1.0,0.0,0.0,0.5,13.0,2.0,0.0,0.0,0.0,1.0,0.0,6.7,0.0,1.0,0.5,0.0,1.0,0.0,0.0,0.5,1.0,1.0,2.0,0.0,6.7,0.0,1.0,0.0,1.0,,,,,,,,,,,,,,,,,1.5,,1.0,0.0,1.0,0.333,1.0,0.333,0.0,0.0,1.0,1.0,1.0,0.0,1.0,0.0,1.0,1.0,1.5,0.0,0.333,1.0,1.0,,0.333,1.0,0.0,1.0,1.0,1.0,1.0,0.0,0.333,0.0,0.333,,1.0,1.0,1.0,2,0.0,1.0,1,1.0,0.0,,1,6.0,1.0,1.333,0.0,0.0,0.0,0.0,0.0,0.0,,1.0,,,1.0,0.0,0.0,,,,,1.0,0.0,,,0.0,0.0,2.0,,,,2.0,1.0,0.0,F,0.422,0.608,0.593,86.0,51.0,-0.015,1.0,0.0,0.0,0.0,0.0,,0.0,2.0,2.0,0.0,1.0,CHI,0.0,0.0,0.0,0.0,0.0,0.0,0.0,,0.0,0.0,1.0,0.0,,0.0,1.0,0.0,2,2.0,2,1.0,1.5,2.0,2018,20171227,False,21700509,,,,1.0,0.0,4.0,0.0,0.45,-0.45,0.75,0.0,3.0,0.0,0.387,-0.387,0.25,0.0,1.0,0.0,0.52,-0.52,0.25,0.0,1.0,0.0,0.616,-0.616,0.25,0.0,1.0,0.0,0.582,-0.582,0.75,0.0,3.0,0.0,0.361,-0.361,1610612741,CHI,3.0,1.0,2.0,1.0,0.0,0.0,0.0,0.0,0.0,0.0,0.0,0.0,0.0,0.0,0.0,0.0,0.0,0.0,0.0,0.0,0.0,1610612741,CHI,16.0,0.0,0.0,0.0,0.0,0.0,0.0,0.0,0.0,0.0,0.0,0.0,0.0,0.0,0.0,0.0,0.0,0.0,1610612741,CHI,10.78,4387.0,0.83,0.43,0.4,4.51,4.77,4.27,2017_18
201577,Robin Lopez,Robin,1610612741,CHI,30.0,1,1,0,1.0,29.51,4,12,0.333,0,0,0.0,3,3,1.0,2,4,6,4,2,1,1,1,0,3,11,-7,28.2,0,0,25.0,1,1,1,1,70,76,37,133,102,155,102,38,55,1,20,57,47,32,23,31,23,135,1,33,78,154,58,14,2,65,,101.69,81,84.1,0.413,0.1,97.5,100.85,65,-14.1,146,0.333,98.4,180,98.4,76,71,56,127,37,148,84.1,21.1,10.5,83.4,54,65,146,62,0.224,180,81,4.0,127,-14.2,2.0,0.148,148,0.25,96,81,65,33,56,63,91,12.0,10.4,-14.2,100.85,0.061,0.234,0.106,42,84.04,153,187,26.0,11.0,34.0,0.0,4.0,6.0,0.154,0.0,0.154,0.0,0.0,4.0,3.0,0.0,2.0,0.25,0.0,0.0,0.0,0.0,1.0,0.0,1.0,0.333,0.5,0.0,0.0,0.444,1.68,42.0,11.0,0.2,2.0,1.2,0.74,10.0,9.0,0.262,35.0,15.0,0.5,1.0,0.286,7.0,0.286,4.9,0.5,2.0,0.4,1.0,2.0,3.0,0.0,0.5,0.667,3.0,8.0,3.3,5.6,2.0,0.462,0.5,2.0,0.273,0.0,0.667,2.0,1.0,1610612741.0,0.667,2.0,0.0,CHI,,0.667,0.0,3.0,3.0,0.273,0.4,0.4,2.0,5.0,0.4,0.455,0.0,0.0,2.0,0.455,0.0,5.0,,1.0,0.0,0.0,,1.0,0.0,0.091,0.091,0.0,0.0,0.0,0.0,0.0,0.0,0.0,0.0,0.0,2.0,0.0,0.182,0.0,0.182,,2.0,0.0,0.0,0,,,0,,,,0,0.0,0.0,0.333,0.5,0.0,0.0,0.0,4.0,2.0,0.0,3.0,0.0,0.0,0.0,0.0,0.0,0.0,0.0,0.0,0.0,0.0,5.0,0.0,0.0,4.0,4.0,0.0,0.0,0.0,0.0,0.0,0.0,1.0,C,0.375,0.611,0.568,206.0,117.0,-0.043,0.0,1.0,1.0,0.0,0.0,,0.0,0.0,0.0,4.0,1.0,CHI,0.0,4.0,,0.0,0.0,0.0,0.0,,0.0,,0.0,5.0,,,0.0,0.8,0,,3,,0.0,,2018,20171227,False,21700509,,,,1.0,7.0,15.0,0.467,0.503,-0.036,0.133,1.0,2.0,0.5,0.4,0.101,0.867,6.0,13.0,0.462,0.521,-0.06,0.4,3.0,6.0,0.5,0.583,-0.083,0.6,4.0,9.0,0.444,0.565,-0.121,0.267,2.0,4.0,0.5,0.405,0.095,1610612741,CHI,12.0,11.0,1.0,0.0,0.0,6.0,14.0,0.0,0.0,0.0,0.0,0.0,5.0,9.0,14.0,11.0,1.0,0.357,0.643,0.786,0.071,1610612741,CHI,42.0,2.0,0.0,1.0,0.0,0.0,0.0,0.0,0.0,0.0,0.0,0.0,0.0,0.0,1.0,0.5,0.0,0.0,1610612741,CHI,29.52,10985.0,2.08,1.16,0.92,4.28,4.92,3.64,2017_18
