PLAYER_ID,PLAYER_NAME,NICKNAME,TEAM_ID,TEAM_ABBREVIATION,AGE,GP,W,L,W_PCT,MIN,FGM,FGA,FG_PCT,FG3M,FG3A,FG3_PCT,FTM,FTA,FT_PCT,OREB,DREB,REB,AST,TOV,STL,BLK,BLKA,PF,PFD,PTS,PLUS_MINUS,NBA_FANTASY_PTS,DD2,TD3,WNBA_FANTASY_PTS,GP_RANK,W_RANK,L_RANK,W_PCT_RANK,MIN_RANK,FGM_RANK,FGA_RANK,FG_PCT_RANK,FG3M_RANK,FG3A_RANK,FG3_PCT_RANK,FTM_RANK,FTA_RANK,FT_PCT_RANK,OREB_RANK,DREB_RANK,REB_RANK,AST_RANK,TOV_RANK,STL_RANK,BLK_RANK,BLKA_RANK,PF_RANK,PFD_RANK,PTS_RANK,PLUS_MINUS_RANK,NBA_FANTASY_PTS_RANK,DD2_RANK,TD3_RANK,WNBA_FANTASY_PTS_RANK,DEF_RATING_RANK,PIE,FGM_PG,FGA_PG,E_OFF_RATING,DREB_PCT_RANK,E_DEF_RATING,PACE_RANK,PACE,E_NET_RATING_RANK,EFG_PCT,sp_work_OFF_RATING,OFF_RATING_RANK,sp_work_NET_RATING,USG_PCT_RANK,AST_PCT_RANK,POSS,sp_work_PACE_RANK,sp_work_NET_RATING_RANK,DEF_RATING,sp_work_DEF_RATING_RANK,DREB_PCT,E_TOV_PCT_RANK,sp_work_PACE,sp_work_DEF_RATING,REB_PCT,USG_PCT,AST_RATIO,NET_RATING,AST_TO_RANK,E_PACE,EFG_PCT_RANK,FGM_PG_RANK,REB_PCT_RANK,E_TOV_PCT,AST_RATIO_RANK,PACE_PER40,PIE_RANK,AST_PCT,OREB_PCT,TM_TOV_PCT_RANK,TS_PCT_RANK,AST_TO,OFF_RATING,E_USG_PCT_RANK,E_USG_PCT,E_DEF_RATING_RANK,OREB_PCT_RANK,NET_RATING_RANK,E_PACE_RANK,TS_PCT,sp_work_OFF_RATING_RANK,TM_TOV_PCT,FGA_PG_RANK,E_NET_RATING,E_OFF_RATING_RANK,BACKCOURT_FG_PCT,LEFT_CORNER_3_FG_PCT,MID_FGM,RA_FG_PCT,CORNER_3_FGA,RA_FGA,ITP_FGA,MID_FGA,ABOVE_BREAK_3_FGM,ABOVE_BREAK_3_FGA,MID_FG_PCT,CORNER_3_FG_PCT,RA_FGM,RIGHT_CORNER_3_FG_PCT,BACKCOURT_FGA,RIGHT_CORNER_3_FGM,CORNER_3_FGM,BACKCOURT_FGM,ITP_FG_PCT,ITP_FGM,ABOVE_BREAK_3_FG_PCT,RIGHT_CORNER_3_FGA,LEFT_CORNER_3_FGM,LEFT_CORNER_3_FGA,FGM_35_39,FGM_10_14,FGP_20_24,FGA_15_19,FGM_20_24,FGM_40_PLUS,FGP_15_19,FGP_35_39,FGP_25_29,FGA_30_34,FGM_LT_5,FGA_LT_5,FGA_20_24,FGP_30_34,TEAM_ABBR,FGM_30_34,FGP_LT_5,FGM_15_19,FGP_40_PLUS,FGA_10_14,FGA_25_29,FGP_10_14,FGA_5_9,FGA_35_39,FGP_5_9,FGA_40_PLUS,FGM_5_9,FGM_25_29,year,date,PASSES_MADE,AST_TO_PASS_PCT,PASSES_RECEIVED,FT_AST,AST_PTS_CREATED,POTENTIAL_AST,AST_TO_PASS_PCT_ADJ,SECONDARY_AST,AST_ADJ,DRIVE_TOV_PCT,DRIVE_PF,DRIVE_FTM,DRIVES,DRIVE_PASSES_PCT,DRIVE_TOV,DRIVE_AST_PCT,DRIVE_FT_PCT,DRIVE_PF_PCT,DRIVE_FG_PCT,DRIVE_FGM,DRIVE_PASSES,DRIVE_FGA,DRIVE_FTA,DRIVE_PTS,DRIVE_AST,DRIVE_PTS_PCT,TOUCHES,PTS_PER_POST_TOUCH,FRONT_CT_TOUCHES,ELBOW_TOUCHES,POINTS,PAINT_TOUCHES,PTS_PER_PAINT_TOUCH,AVG_DRIB_PER_TOUCH,PTS_PER_ELBOW_TOUCH,AVG_SEC_PER_TOUCH,POST_TOUCHES,TIME_OF_POSS,PTS_PER_TOUCH,REB_CHANCE_PCT,OREB_CONTEST,AVG_OREB_DIST,OREB_CONTEST_PCT,OREB_CHANCES,REB_CONTEST_PCT,REB_CHANCE_DEFER,DREB_CONTEST_PCT,DREB_CHANCE_PCT,AVG_REB_DIST,AVG_DREB_DIST,REB_CONTEST,DREB_CHANCE_PCT_ADJ,DREB_CHANCE_DEFER,REB_UNCONTEST,DREB_CONTEST,OREB_CHANCE_PCT,OREB_CHANCE_DEFER,DREB_CHANCES,OREB_UNCONTEST,REB_CHANCE_PCT_ADJ,OREB_CHANCE_PCT_ADJ,DREB_UNCONTEST,REB_CHANCES,very_tight_FG2A_FREQUENCY,very_tight_EFG_PCT,very_tight_FG3A_FREQUENCY,very_tight_FG3A,very_tight_FGM,very_tight_FG2_PCT,PLAYER_LAST_TEAM_ABBREVIATION,very_tight_FGA,very_tight_FG3_PCT,very_tight_FG3M,very_tight_FG2M,G,PLAYER_LAST_TEAM_ID,very_tight_FG2A,very_tight_FGA_FREQUENCY,very_tight_FG_PCT,tight_FGA,tight_FGA_FREQUENCY,tight_FG2_PCT,tight_FG2A_FREQUENCY,tight_FG2A,tight_EFG_PCT,tight_FG3A,tight_FG3_PCT,tight_FGM,tight_FG3M,tight_FG_PCT,tight_FG3A_FREQUENCY,tight_FG2M,open_FGA_FREQUENCY,open_FG3A,open_FGA,open_FG2M,open_EFG_PCT,open_FG2A,open_FG3A_FREQUENCY,open_FG_PCT,open_FG3_PCT,open_FG2_PCT,open_FGM,open_FG3M,open_FG2A_FREQUENCY,wide_open_FG2A,wide_open_FG_PCT,wide_open_FG3A,wide_open_EFG_PCT,wide_open_FG2M,wide_open_FG3M,wide_open_FG2A_FREQUENCY,wide_open_FG3A_FREQUENCY,wide_open_FGM,wide_open_FGA_FREQUENCY,wide_open_FG3_PCT,wide_open_FGA,wide_open_FG2_PCT,PULL_UP_FG3M,PULL_UP_FGM,PULL_UP_FG3A,PULL_UP_FG3_PCT,PULL_UP_PTS,PULL_UP_FG_PCT,PULL_UP_FGA,PULL_UP_EFG_PCT,EFF_FG_PCT,CATCH_SHOOT_FG_PCT,POST_TOUCH_FG_PCT,ELBOW_TOUCH_FG_PCT,POST_TOUCH_PTS,PAINT_TOUCH_FG_PCT,ELBOW_TOUCH_PTS,PAINT_TOUCH_PTS,CATCH_SHOOT_PTS,PLUSMINUS,FGA_LT_06,NS_LT_06_PCT,LT_06_PCT,FGM_LT_06,PLAYER_POSITION,FREQ,CATCH_SHOOT_FGA,CATCH_SHOOT_FG3M,CATCH_SHOOT_EFG_PCT,CATCH_SHOOT_FG3A,CATCH_SHOOT_FGM,CATCH_SHOOT_FG3_PCT,HTM,VTM,opp_team,team,opp_id,series_key,GAME_ID,overall_def_PLAYER_NAME,overall_def_PLAYER_LAST_TEAM_ID,overall_def_PLAYER_LAST_TEAM_ABBREVIATION,overall_def_PLAYER_POSITION,overall_def_AGE,overall_def_GP,overall_def_G,overall_def_FREQ,overall_def_D_FGM,overall_def_D_FGA,overall_def_D_FG_PCT,overall_def_NORMAL_FG_PCT,overall_def_PCT_PLUSMINUS,three_pt_def_PLAYER_NAME,three_pt_def_PLAYER_LAST_TEAM_ID,three_pt_def_PLAYER_LAST_TEAM_ABBREVIATION,three_pt_def_PLAYER_POSITION,three_pt_def_AGE,three_pt_def_GP,three_pt_def_G,three_pt_def_FREQ,three_pt_def_FG3M,three_pt_def_FG3A,three_pt_def_FG3_PCT,three_pt_def_NS_FG3_PCT,three_pt_def_PLUSMINUS,two_pt_def_PLAYER_NAME,two_pt_def_PLAYER_LAST_TEAM_ID,two_pt_def_PLAYER_LAST_TEAM_ABBREVIATION,two_pt_def_PLAYER_POSITION,two_pt_def_AGE,two_pt_def_GP,two_pt_def_G,two_pt_def_FREQ,two_pt_def_FG2M,two_pt_def_FG2A,two_pt_def_FG2_PCT,two_pt_def_NS_FG2_PCT,two_pt_def_PLUSMINUS,less_6ft_def_PLAYER_NAME,less_6ft_def_PLAYER_LAST_TEAM_ID,less_6ft_def_PLAYER_LAST_TEAM_ABBREVIATION,less_6ft_def_PLAYER_POSITION,less_6ft_def_AGE,less_6ft_def_GP,less_6ft_def_G,less_6ft_def_FREQ,less_6ft_def_FGM_LT_06,less_6ft_def_FGA_LT_06,less_6ft_def_LT_06_PCT,less_6ft_def_NS_LT_06_PCT,less_6ft_def_PLUSMINUS,less_10ft_def_PLAYER_NAME,less_10ft_def_PLAYER_LAST_TEAM_ID,less_10ft_def_PLAYER_LAST_TEAM_ABBREVIATION,less_10ft_def_PLAYER_POSITION,less_10ft_def_AGE,less_10ft_def_GP,less_10ft_def_G,less_10ft_def_FREQ,less_10ft_def_FGM_LT_10,less_10ft_def_FGA_LT_10,less_10ft_def_LT_10_PCT,less_10ft_def_NS_LT_10_PCT,less_10ft_def_PLUSMINUS,more_15ft_def_PLAYER_NAME,more_15ft_def_PLAYER_LAST_TEAM_ID,more_15ft_def_PLAYER_LAST_TEAM_ABBREVIATION,more_15ft_def_PLAYER_POSITION,more_15ft_def_AGE,more_15ft_def_GP,more_15ft_def_G,more_15ft_def_FREQ,more_15ft_def_FGM_GT_15,more_15ft_def_FGA_GT_15,more_15ft_def_GT_15_PCT,more_15ft_def_NS_GT_15_PCT,more_15ft_def_PLUSMINUS,hustle_PLAYER_NAME,hustle_TEAM_ID,hustle_TEAM_ABBREVIATION,hustle_AGE,hustle_G,hustle_MIN,hustle_CONTESTED_SHOTS,hustle_CONTESTED_SHOTS_2PT,hustle_CONTESTED_SHOTS_3PT,hustle_DEFLECTIONS,hustle_CHARGES_DRAWN,hustle_SCREEN_ASSISTS,hustle_SCREEN_AST_PTS,hustle_OFF_LOOSE_BALLS_RECOVERED,hustle_DEF_LOOSE_BALLS_RECOVERED,hustle_LOOSE_BALLS_RECOVERED,hustle_PCT_LOOSE_BALLS_RECOVERED_OFF,hustle_PCT_LOOSE_BALLS_RECOVERED_DEF,hustle_OFF_BOXOUTS,hustle_DEF_BOXOUTS,hustle_BOX_OUTS,hustle_BOX_OUT_PLAYER_TEAM_REBS,hustle_BOX_OUT_PLAYER_REBS,hustle_PCT_BOX_OUTS_OFF,hustle_PCT_BOX_OUTS_DEF,hustle_PCT_BOX_OUTS_TEAM_REB,hustle_PCT_BOX_OUTS_REB,post_touch_PLAYER_NAME,post_touch_TEAM_ID,post_touch_TEAM_ABBREVIATION,post_touch_GP,post_touch_W,post_touch_L,post_touch_MIN,post_touch_TOUCHES,post_touch_POST_TOUCHES,post_touch_POST_TOUCH_FGM,post_touch_POST_TOUCH_FGA,post_touch_POST_TOUCH_FG_PCT,post_touch_POST_TOUCH_FTM,post_touch_POST_TOUCH_FTA,post_touch_POST_TOUCH_FT_PCT,post_touch_POST_TOUCH_PTS,post_touch_POST_TOUCH_PTS_PCT,post_touch_POST_TOUCH_PASSES,post_touch_POST_TOUCH_PASSES_PCT,post_touch_POST_TOUCH_AST,post_touch_POST_TOUCH_AST_PCT,post_touch_POST_TOUCH_TOV,post_touch_POST_TOUCH_TOV_PCT,post_touch_POST_TOUCH_FOULS,post_touch_POST_TOUCH_FOULS_PCT,speed_distance_PLAYER_NAME,speed_distance_TEAM_ID,speed_distance_TEAM_ABBREVIATION,speed_distance_GP,speed_distance_W,speed_distance_L,speed_distance_MIN,speed_distance_MIN1,speed_distance_DIST_FEET,speed_distance_DIST_MILES,speed_distance_DIST_MILES_OFF,speed_distance_DIST_MILES_DEF,speed_distance_AVG_SPEED,speed_distance_AVG_SPEED_OFF,speed_distance_AVG_SPEED_DEF,season
1626179,Terry Rozier,Terry,1610612738,BOS,23.0,1,0,1,0.0,18.116666666666667,2,5,0.4,2,4,0.5,0,0,0.0,0,1,1,3,3,0,0,0,0,0,6,-5,8.7,0,0,12.0,1,14,14,14,12,13,13,16,4,6,5,13,13,13,14,16,19,5,2,11,7,1,1,16,15,16,20,2,1,14,11,0.06,2.0,5.0,87.7,20,107.8,10,103.33,16,0.6,94.9,17,-12.8,17,7,39,10,14,107.7,11,0.053,24,103.33,107.7,0.026,0.17,27.3,-12.8,7,107.52,9,13,23,27.3,8,86.11,17,0.231,0.0,24,10,1.0,94.9,16,0.169,13,14,14,5,0.6,17,27.3,13,-20.1,19,0.0,0.0,0.0,0.0,1.0,0.0,0.0,1.0,1.0,3.0,0.0,1.0,0.0,1.0,0.0,1.0,1.0,0.0,0.0,0.0,0.333,1.0,0.0,0.0,,0.0,1.0,1.0,2.0,0.0,0.0,,0.0,0.0,0.0,0.0,2.0,0.0,BOS,0.0,0.0,0.0,0.0,0.0,2.0,0.0,0.0,,0.0,0.0,0.0,0.0,2017,20170519,34.0,0.088,40.0,0.0,6.0,6.0,0.088,0.0,3.0,0.25,0.0,0.0,4.0,0.25,1.0,0.25,0.0,0.0,0.0,0.0,1.0,0.0,0.0,0.0,1.0,0.0,43.0,0.0,18.0,1.0,6.0,0.0,0.0,3.44,0.0,3.78,0.0,2.7,0.14,0.167,0.0,0.0,0.0,3.0,0.0,0.0,0.0,0.333,7.9,7.9,0.0,0.333,0.0,1.0,0.0,0.0,0.0,3.0,0.0,0.167,0.0,1.0,6.0,,,,,,,,,,,,,,,,,1.0,0.2,0.0,0.2,1.0,0.0,0.0,,0.0,0.0,0.0,0.0,0.0,0.2,1.0,1.0,0.0,0.0,0.0,0.2,0.0,0.0,,0.0,0.0,0.0,0.0,0.667,3.0,1.0,0.0,2.0,0.0,0.6,2.0,0.6,0.667,3.0,,1.0,1.0,1.0,1.0,3.0,0.5,2.0,0.75,0.6,0.333,0.0,0.0,0.0,0.0,0.0,0.0,3.0,0.01,22.0,0.581,0.591,13.0,G,0.272,3.0,1.0,0.5,3.0,1.0,0.333,,,CLE,BOS,1610612739,BOS_CLE_2017,41600302,Terry Rozier,1610612738,BOS,G,23.0,1,1,1.0,4.0,8.0,0.5,0.447,0.053,Terry Rozier,1610612738.0,BOS,G,23.0,1.0,1.0,0.375,1.0,3.0,0.333,0.372,-0.038,Terry Rozier,1610612738.0,BOS,G,23.0,1.0,1.0,0.625,3.0,5.0,0.6,0.523,0.077,Terry Rozier,1610612738.0,BOS,G,23.0,1.0,1.0,0.375,2.0,3.0,0.667,0.538,0.129,Terry Rozier,1610612738.0,BOS,G,23.0,1.0,1.0,0.375,2.0,3.0,0.667,0.499,0.167,Terry Rozier,1610612738.0,BOS,G,23.0,1.0,1.0,0.625,2.0,5.0,0.4,0.394,0.006,Terry Rozier,1610612738,BOS,23.0,1,18.1,5.0,3.0,2.0,0.0,0.0,0.0,0.0,0.0,0.0,0.0,0.0,0.0,0.0,0.0,0.0,0.0,0.0,0.0,0.0,0.0,0.0,Terry Rozier,1610612738,BOS,1,0,1,18.1,43.0,0.0,0.0,0.0,0.0,0.0,0.0,0.0,0.0,0.0,0.0,0.0,0.0,0.0,0.0,0.0,0.0,0.0,Terry Rozier,1610612738,BOS,1,0,1,18.12,18.12,7124.0,1.35,0.7,0.65,4.31,4.91,4.4,2016_17
1627759,Jaylen Brown,Jaylen,1610612738,BOS,20.0,1,0,1,0.0,23.766666666666666,7,11,0.636,0,2,0.0,5,5,1.0,1,3,4,1,3,2,0,0,5,5,19,-14,28.3,0,0,28.0,1,14,14,14,9,3,4,6,14,11,14,1,1,1,6,8,8,12,2,2,7,1,26,1,4,19,4,2,1,4,17,0.146,7.0,11.0,90.4,10,124.4,13,101.99,17,0.636,94.1,18,-29.9,3,16,51,13,18,124.0,17,0.143,17,101.99,124.0,0.085,0.262,5.9,-29.9,14,103.93,8,3,12,17.4,18,84.99,6,0.083,0.038,17,6,0.33,94.1,3,0.274,17,12,18,9,0.72,18,17.6,4,-34.0,17,0.0,0.0,2.0,0.833,1.0,6.0,0.0,3.0,0.0,1.0,0.667,0.0,5.0,0.0,0.0,0.0,0.0,0.0,0.0,0.0,0.0,1.0,0.0,0.0,,1.0,0.5,1.0,1.0,0.0,0.0,,0.0,0.0,5.0,6.0,2.0,0.0,BOS,0.0,0.833,0.0,0.0,1.0,1.0,1.0,0.0,,0.0,0.0,0.0,0.0,2017,20170519,24.0,0.042,29.0,0.0,2.0,4.0,0.042,0.0,1.0,0.167,1.0,2.0,6.0,0.167,1.0,0.0,1.0,0.167,0.667,2.0,1.0,3.0,2.0,6.0,0.0,1.0,42.0,1.0,28.0,2.0,19.0,1.0,0.0,1.9,0.0,2.62,2.0,1.8,0.452,0.444,0.0,16.0,0.0,2.0,0.0,1.0,0.0,0.429,11.3,9.7,0.0,0.5,1.0,4.0,0.0,0.5,0.0,7.0,1.0,0.5,0.5,3.0,9.0,0.182,0.5,0.0,0.0,1.0,0.5,BOS,2.0,,0.0,1.0,1.0,1610612738.0,2.0,0.182,0.5,4.0,0.364,1.0,0.364,4.0,1.0,0.0,,4.0,0.0,1.0,0.0,4.0,0.273,1.0,3.0,1.0,0.333,2.0,0.091,0.333,0.0,0.5,1.0,0.0,0.182,1.0,0.5,1.0,0.5,1.0,0.0,0.091,0.091,1.0,0.182,0.0,2.0,1.0,0.0,1.0,1.0,0.0,2.0,0.5,2.0,0.5,0.636,0.0,0.5,0.0,2.0,0.0,0.0,0.0,0.0,0.148,13.0,0.622,0.769,10.0,F,0.232,1.0,0.0,0.0,1.0,0.0,0.0,,,CLE,BOS,1610612739,BOS_CLE_2017,41600302,Jaylen Brown,1610612738,BOS,F,20.0,1,1,1.0,4.0,8.0,0.5,0.462,0.038,Jaylen Brown,1610612738.0,BOS,F,20.0,1.0,1.0,0.375,0.0,3.0,0.0,0.427,-0.427,Jaylen Brown,1610612738.0,BOS,F,20.0,1.0,1.0,0.625,4.0,5.0,0.8,0.542,0.258,Jaylen Brown,1610612738.0,BOS,F,20.0,1.0,1.0,0.25,2.0,2.0,1.0,0.625,0.375,Jaylen Brown,1610612738.0,BOS,F,20.0,1.0,1.0,0.5,3.0,4.0,0.75,0.609,0.141,Jaylen Brown,1610612738.0,BOS,F,20.0,1.0,1.0,0.5,1.0,4.0,0.25,0.422,-0.172,Jaylen Brown,1610612738,BOS,20.0,1,23.8,4.0,2.0,2.0,4.0,0.0,0.0,0.0,0.0,0.0,4.0,0.0,0.0,0.0,0.0,0.0,0.0,0.0,0.0,0.0,0.0,0.0,Jaylen Brown,1610612738,BOS,1,0,1,23.8,42.0,2.0,1.0,2.0,0.5,0.0,0.0,0.0,2.0,1.0,0.0,0.0,0.0,0.0,0.0,0.0,0.0,0.0,Jaylen Brown,1610612738,BOS,1,0,1,23.77,23.77,9050.0,1.71,0.94,0.77,4.3,4.78,3.87,2016_17
201973,Jonas Jerebko,Jonas,1610612738,BOS,30.0,1,0,1,0.0,16.151666666666667,2,4,0.5,0,1,0.0,0,0,0.0,1,1,2,2,0,0,0,0,0,2,4,-14,9.4,0,0,8.0,1,14,14,14,15,13,17,8,14,16,14,13,13,13,6,16,16,9,20,11,7,1,1,6,17,19,17,2,1,20,18,0.074,2.0,4.0,87.8,17,127.4,3,104.01,18,0.5,91.2,19,-33.8,24,8,34,3,19,125.0,18,0.067,1,104.01,125.0,0.063,0.103,33.3,-33.8,15,104.97,15,13,16,0.0,5,86.68,14,0.182,0.059,1,15,0.0,91.2,24,0.102,18,8,19,7,0.5,19,0.0,17,-39.6,18,,0.0,0.0,1.0,0.0,2.0,1.0,0.0,0.0,1.0,0.0,0.0,2.0,0.0,,0.0,0.0,,0.0,0.0,0.0,0.0,0.0,0.0,,0.0,0.0,0.0,0.0,,0.0,,0.0,,2.0,3.0,1.0,,BOS,,0.667,0.0,,0.0,0.0,0.0,0.0,,0.0,,0.0,0.0,2017,20170519,19.0,0.105,15.0,0.0,6.0,1.0,0.105,0.0,2.0,0.0,0.0,0.0,2.0,0.0,0.0,0.5,0.0,0.0,0.0,0.0,0.0,1.0,0.0,0.0,1.0,0.0,23.0,0.0,15.0,0.0,4.0,2.0,2.0,0.61,0.0,1.34,0.0,0.5,0.174,0.286,0.0,20.4,0.0,5.0,0.0,0.0,0.0,0.5,17.1,13.8,0.0,0.5,0.0,2.0,0.0,0.2,0.0,2.0,1.0,0.286,0.2,1.0,7.0,,,,,,,,,,,,,,,,,3.0,0.75,0.667,0.75,3.0,0.667,0.0,,2.0,0.0,0.667,0.0,2.0,,,,,,,,,,,,,,0.0,0.0,1.0,0.0,0.0,0.0,0.0,0.25,0.0,0.25,0.0,1.0,,0.0,0.0,0.0,,0.0,,0.0,,0.5,0.0,0.0,0.0,0.0,1.0,0.0,4.0,0.0,0.27,6.0,0.564,0.833,5.0,F,0.182,1.0,0.0,0.0,1.0,0.0,0.0,,,CLE,BOS,1610612739,BOS_CLE_2017,41600302,Jonas Jerebko,1610612738,BOS,F,30.0,1,1,1.0,4.0,7.0,0.571,0.453,0.118,Jonas Jerebko,1610612738.0,BOS,F,30.0,1.0,1.0,0.571,2.0,4.0,0.5,0.336,0.164,Jonas Jerebko,1610612738.0,BOS,F,30.0,1.0,1.0,0.429,2.0,3.0,0.667,0.535,0.132,,,,,,,,,,,,,,Jonas Jerebko,1610612738.0,BOS,F,30.0,1.0,1.0,0.143,1.0,1.0,1.0,0.504,0.496,Jonas Jerebko,1610612738.0,BOS,F,30.0,1.0,1.0,0.857,3.0,6.0,0.5,0.348,0.152,Jonas Jerebko,1610612738,BOS,30.0,1,16.2,6.0,3.0,3.0,0.0,0.0,0.0,0.0,0.0,0.0,1.0,0.0,0.0,0.0,0.0,0.0,0.0,0.0,0.0,0.0,0.0,0.0,Jonas Jerebko,1610612738,BOS,1,0,1,16.2,23.0,0.0,0.0,0.0,0.0,0.0,0.0,0.0,0.0,0.0,0.0,0.0,0.0,0.0,0.0,0.0,0.0,0.0,Jonas Jerebko,1610612738,BOS,1,0,1,16.15,16.15,6140.0,1.16,0.63,0.53,4.46,4.66,3.56,2016_17
1626175,Jordan Mickey,Jordan,1610612738,BOS,22.0,1,0,1,0.0,9.5,1,3,0.333,0,0,0.0,0,0,0.0,0,5,5,0,1,0,0,0,1,1,2,4,7.0,0,0,7.0,1,14,14,14,22,20,22,19,14,22,14,13,13,13,14,3,3,19,8,11,7,1,8,13,21,10,21,2,1,22,10,0.07,1.0,3.0,117.4,1,100.6,5,103.58,11,0.333,120.0,10,24.8,14,19,20,5,9,95.2,10,0.5,22,103.58,95.2,0.278,0.174,0.0,24.8,15,101.86,20,20,1,25.0,19,86.32,16,0.0,0.0,22,20,0.0,120.0,15,0.171,10,14,9,11,0.333,10,25.0,22,16.8,10,,0.0,0.0,0.5,0.0,2.0,1.0,0.0,0.0,0.0,0.0,0.0,1.0,0.0,,0.0,0.0,,0.0,0.0,0.0,0.0,0.0,0.0,,,0.0,0.0,0.0,,0.0,,0.0,,1.0,2.0,0.0,,BOS,,0.5,0.0,,,0.0,,1.0,,0.0,,0.0,0.0,2017,20170519,14.0,0.0,9.0,0.0,0.0,0.0,0.0,0.0,0.0,0.0,0.0,0.0,3.0,0.333,0.0,0.0,0.0,0.0,0.5,1.0,1.0,2.0,0.0,2.0,0.0,0.667,18.0,0.0,8.0,1.0,2.0,2.0,0.0,1.17,2.0,1.9,1.0,0.6,0.111,0.714,0.0,0.0,0.0,0.0,0.0,1.0,0.0,0.714,4.1,4.1,0.0,0.833,1.0,5.0,0.0,0.0,0.0,7.0,0.0,0.833,0.0,5.0,7.0,0.667,0.5,0.0,0.0,1.0,0.5,BOS,2.0,,0.0,1.0,1.0,1610612738.0,2.0,0.667,0.5,1.0,0.333,0.0,0.333,1.0,0.0,0.0,,0.0,0.0,0.0,0.0,0.0,,,,,,,,,,,,,,,,,,,,,,,,,,,,0.0,,,0.0,,0.0,,0.333,0.0,0.0,1.0,0.0,0.0,2.0,0.0,0.0,,,,,,,,0.0,,,,0.0,,,,CLE,BOS,1610612739,BOS_CLE_2017,41600302,Jordan Mickey,1610612738,BOS,F,22.0,1,1,1.0,0.0,1.0,0.0,0.448,-0.448,Jordan Mickey,1610612738.0,BOS,F,22.0,1.0,1.0,1.0,0.0,1.0,0.0,0.324,-0.324,,,,,,,,,,,,,,,,,,,,,,,,,,,,,,,,,,,,,,,,Jordan Mickey,1610612738.0,BOS,F,22.0,1.0,1.0,1.0,0.0,1.0,0.0,0.362,-0.362,Jordan Mickey,1610612738,BOS,22.0,1,9.5,3.0,2.0,1.0,0.0,0.0,0.0,0.0,0.0,0.0,1.0,0.0,0.0,0.0,0.0,0.0,0.0,0.0,0.0,0.0,0.0,0.0,Jordan Mickey,1610612738,BOS,1,0,1,9.5,18.0,1.0,0.0,0.0,0.0,0.0,0.0,0.0,0.0,0.0,0.0,0.0,0.0,0.0,1.0,1.0,0.0,0.0,Jordan Mickey,1610612738,BOS,1,0,1,9.5,9.5,3330.0,0.63,0.31,0.32,3.79,4.49,3.28,2016_17
203482,Kelly Olynyk,Kelly,1610612738,BOS,26.0,1,0,1,0.0,7.883333333333334,0,2,0.0,0,1,0.0,0,0,0.0,0,0,0,0,1,1,0,0,1,0,0,-6,2.0,0,0,2.0,1,14,14,14,25,22,23,22,14,16,14,13,13,13,14,24,25,19,8,6,7,1,8,16,24,18,25,2,1,25,19,-0.107,0.0,2.0,83.9,24,129.6,8,103.51,20,0.0,83.3,20,-47.9,19,19,18,8,20,131.3,19,0.0,25,103.51,131.3,0.0,0.15,0.0,-47.9,15,103.75,22,22,25,33.3,19,86.26,25,0.0,0.0,25,24,0.0,83.3,18,0.159,19,14,20,10,0.0,20,33.3,23,-45.7,20,0.0,0.0,0.0,0.0,0.0,0.0,1.0,0.0,0.0,1.0,0.0,0.0,0.0,,0.0,,0.0,0.0,0.0,0.0,0.0,,0.0,0.0,,0.0,0.0,0.0,0.0,0.0,0.0,,0.0,,0.0,1.0,0.0,,BOS,,0.0,0.0,0.0,0.0,1.0,0.0,,,,0.0,,0.0,2017,20170519,11.0,0.0,7.0,0.0,0.0,1.0,0.0,0.0,0.0,0.0,0.0,0.0,0.0,0.0,0.0,0.0,0.0,0.0,0.0,0.0,0.0,0.0,0.0,0.0,0.0,0.0,14.0,0.0,7.0,1.0,0.0,0.0,0.0,0.71,0.0,1.69,2.0,0.4,0.0,,,,,,,,,,,,,,,,,,,,,,,,,,,,,,,,,,,,,,,,,1.0,0.5,0.0,0.5,1.0,0.0,0.0,,0.0,0.0,0.0,0.0,0.0,,,,,,,,,,,,,,0.0,0.0,1.0,0.0,0.0,0.0,0.0,0.5,0.0,0.5,0.0,1.0,,0.0,0.0,0.0,,0.0,,0.0,,0.0,0.0,0.0,0.0,0.0,0.0,0.0,0.0,0.0,0.025,56.0,0.6,0.625,35.0,C-F,0.459,1.0,0.0,0.0,1.0,0.0,0.0,,,CLE,BOS,1610612739,BOS_CLE_2017,41600302,Kelly Olynyk,1610612738,BOS,C-F,26.0,1,1,1.0,2.0,3.0,0.667,0.47,0.197,Kelly Olynyk,1610612738.0,BOS,C-F,26.0,1.0,1.0,0.667,1.0,2.0,0.5,0.39,0.11,Kelly Olynyk,1610612738.0,BOS,C-F,26.0,1.0,1.0,0.333,1.0,1.0,1.0,0.614,0.386,,,,,,,,,,,,,,,,,,,,,,,,,,,Kelly Olynyk,1610612738.0,BOS,C-F,26.0,1.0,1.0,1.0,2.0,3.0,0.667,0.383,0.284,Kelly Olynyk,1610612738,BOS,26.0,1,7.9,3.0,0.0,3.0,1.0,0.0,1.0,2.0,0.0,0.0,1.0,0.0,0.0,0.0,0.0,0.0,0.0,0.0,0.0,0.0,0.0,0.0,Kelly Olynyk,1610612738,BOS,1,0,1,7.9,14.0,2.0,0.0,1.0,0.0,0.0,0.0,0.0,0.0,0.0,0.0,0.0,0.0,0.0,1.0,0.5,0.0,0.0,Kelly Olynyk,1610612738,BOS,1,0,1,7.88,7.88,2833.0,0.54,0.27,0.26,3.81,4.79,4.37,2016_17
203935,Marcus Smart,Marcus,1610612738,BOS,23.0,1,0,1,0.0,24.9,0,6,0.0,0,1,0.0,4,4,1.0,2,3,5,7,3,1,1,1,4,2,4,-24,23.5,0,0,20.0,1,14,14,14,8,22,9,22,14,16,14,2,3,1,2,8,3,1,2,6,4,21,25,6,17,22,5,2,1,8,20,0.038,0.0,6.0,78.9,10,131.3,15,99.28,21,0.0,82.7,21,-48.7,12,2,52,15,21,131.4,20,0.143,16,99.28,131.4,0.104,0.183,38.9,-48.7,5,101.74,22,22,9,16.9,4,82.73,20,0.438,0.074,15,21,2.33,82.7,14,0.181,20,6,21,14,0.258,21,16.7,9,-52.4,22,0.0,0.0,0.0,0.0,0.0,4.0,0.0,1.0,0.0,1.0,0.0,0.0,0.0,0.0,0.0,0.0,0.0,0.0,0.0,0.0,0.0,0.0,0.0,0.0,,0.0,0.0,0.0,0.0,0.0,0.0,,0.0,,0.0,4.0,1.0,,BOS,,0.0,0.0,0.0,0.0,1.0,0.0,0.0,,0.0,0.0,0.0,0.0,2017,20170519,45.0,0.156,44.0,0.0,16.0,7.0,0.156,0.0,7.0,0.125,0.0,0.0,8.0,0.125,1.0,0.375,0.0,0.0,0.0,0.0,1.0,3.0,0.0,0.0,3.0,0.0,57.0,0.5,20.0,0.0,4.0,3.0,1.333,3.14,0.0,4.06,4.0,3.9,0.07,0.5,1.0,5.4,0.5,6.0,0.4,1.0,0.333,0.75,9.0,11.4,2.0,1.0,1.0,3.0,1.0,0.333,0.0,4.0,1.0,0.556,0.333,2.0,10.0,0.6,0.0,0.0,0.0,0.0,0.0,BOS,3.0,,0.0,0.0,1.0,1610612738.0,3.0,0.6,0.0,,,,,,,,,,,,,,0.4,1.0,2.0,0.0,0.0,1.0,0.2,0.0,0.0,0.0,0.0,0.0,0.2,,,,,,,,,,,,,,0.0,0.0,0.0,,0.0,0.0,1.0,0.0,0.0,0.0,0.0,0.0,2.0,0.0,0.0,4.0,0.0,0.035,41.0,0.599,0.634,26.0,G,0.293,1.0,0.0,0.0,1.0,0.0,0.0,,,CLE,BOS,1610612739,BOS_CLE_2017,41600302,Marcus Smart,1610612738,BOS,G,23.0,1,1,1.0,7.0,12.0,0.583,0.485,0.099,Marcus Smart,1610612738.0,BOS,G,23.0,1.0,1.0,0.667,3.0,8.0,0.375,0.407,-0.032,Marcus Smart,1610612738.0,BOS,G,23.0,1.0,1.0,0.333,4.0,4.0,1.0,0.511,0.49,Marcus Smart,1610612738.0,BOS,G,23.0,1.0,1.0,0.167,2.0,2.0,1.0,0.596,0.405,Marcus Smart,1610612738.0,BOS,G,23.0,1.0,1.0,0.167,2.0,2.0,1.0,0.557,0.443,Marcus Smart,1610612738.0,BOS,G,23.0,1.0,1.0,0.75,4.0,9.0,0.444,0.409,0.035,Marcus Smart,1610612738,BOS,23.0,1,24.9,8.0,3.0,5.0,2.0,0.0,2.0,6.0,0.0,0.0,2.0,0.0,0.0,0.0,0.0,0.0,0.0,0.0,0.0,0.0,0.0,0.0,Marcus Smart,1610612738,BOS,1,0,1,24.9,57.0,4.0,0.0,1.0,0.0,2.0,2.0,1.0,2.0,0.5,0.0,0.0,2.0,0.5,0.0,0.0,1.0,0.25,Marcus Smart,1610612738,BOS,1,0,1,24.9,24.9,8787.0,1.66,0.93,0.74,4.11,4.48,3.28,2016_17
203109,Jae Crowder,Jae,1610612738,BOS,26.0,1,0,1,0.0,22.633333333333333,3,9,0.333,1,4,0.25,2,2,1.0,0,4,4,1,1,1,0,0,1,1,9,-28,17.3,0,0,17.0,1,14,14,14,10,9,6,19,10,6,12,5,7,1,14,4,8,12,8,6,7,1,8,13,8,23,11,2,1,9,22,0.076,3.0,9.0,75.8,5,138.6,18,96.49,22,0.389,78.3,24,-64.0,9,14,46,18,23,142.2,22,0.222,11,96.49,142.2,0.089,0.212,8.3,-64.0,7,99.34,18,9,11,8.4,17,80.41,13,0.111,0.0,11,18,1.0,78.3,10,0.211,22,14,23,18,0.455,24,8.3,6,-62.9,24,0.0,0.0,0.0,0.667,0.0,3.0,0.0,2.0,1.0,4.0,0.0,0.0,2.0,0.0,0.0,0.0,0.0,0.0,0.0,0.0,0.25,0.0,0.0,0.0,,0.0,0.0,0.0,0.0,0.0,0.0,,0.25,,2.0,3.0,1.0,,BOS,,0.667,0.0,0.0,1.0,4.0,0.0,0.0,,0.0,0.0,0.0,1.0,2017,20170519,29.0,0.034,25.0,1.0,5.0,4.0,0.103,1.0,3.0,0.0,1.0,2.0,3.0,0.0,0.0,0.0,1.0,0.333,0.5,1.0,0.0,2.0,2.0,4.0,0.0,1.333,40.0,0.0,26.0,1.0,9.0,2.0,1.0,0.73,0.0,1.64,0.0,1.1,0.225,0.5,0.0,0.0,0.0,3.0,0.0,0.0,0.0,0.8,4.8,4.8,0.0,0.8,0.0,4.0,0.0,0.0,0.0,5.0,0.0,0.5,0.0,4.0,8.0,,,,,,,,,,,,,,,,,4.0,0.444,0.5,0.444,4.0,0.5,0.0,,2.0,0.0,0.5,0.0,2.0,0.111,1.0,1.0,0.0,0.0,0.0,0.111,0.0,0.0,,0.0,0.0,0.0,1.0,0.25,3.0,0.375,0.0,1.0,0.111,0.333,1.0,0.444,0.333,4.0,0.0,0.0,0.0,1.0,0.0,0.0,0.0,1.0,0.0,0.389,0.25,0.0,0.0,0.0,1.0,0.0,2.0,3.0,-0.057,44.0,0.625,0.568,25.0,F,0.286,4.0,1.0,0.375,3.0,1.0,0.333,,,CLE,BOS,1610612739,BOS_CLE_2017,41600302,Jae Crowder,1610612738,BOS,F,26.0,1,1,1.0,3.0,9.0,0.333,0.507,-0.174,Jae Crowder,1610612738.0,BOS,F,26.0,1.0,1.0,0.333,1.0,3.0,0.333,0.379,-0.046,Jae Crowder,1610612738.0,BOS,F,26.0,1.0,1.0,0.667,2.0,6.0,0.333,0.543,-0.21,Jae Crowder,1610612738.0,BOS,F,26.0,1.0,1.0,0.111,0.0,1.0,0.0,0.748,-0.748,Jae Crowder,1610612738.0,BOS,F,26.0,1.0,1.0,0.667,2.0,6.0,0.333,0.596,-0.262,Jae Crowder,1610612738.0,BOS,F,26.0,1.0,1.0,0.333,1.0,3.0,0.333,0.374,-0.041,Jae Crowder,1610612738,BOS,26.0,1,22.6,4.0,1.0,3.0,4.0,0.0,0.0,0.0,0.0,0.0,0.0,0.0,0.0,0.0,0.0,0.0,0.0,0.0,0.0,0.0,0.0,0.0,Jae Crowder,1610612738,BOS,1,0,1,22.6,40.0,0.0,0.0,0.0,0.0,0.0,0.0,0.0,0.0,0.0,0.0,0.0,0.0,0.0,0.0,0.0,0.0,0.0,Jae Crowder,1610612738,BOS,1,0,1,22.63,22.63,8353.0,1.58,0.88,0.7,4.25,4.54,3.93,2016_17
101161,Amir Johnson,Amir,1610612738,BOS,30.0,1,0,1,0.0,11.865,1,4,0.25,0,0,0.0,0,0,0.0,1,2,3,1,1,2,0,2,1,1,2,-5,12.1,0,0,10.0,1,14,14,14,21,20,17,21,14,22,14,13,13,13,6,13,12,12,8,2,7,24,8,13,21,16,15,2,1,18,21,0.056,1.0,4.0,97.6,5,137.7,26,93.05,19,0.25,113.0,11,-21.7,15,12,23,26,15,134.8,21,0.222,15,93.05,134.8,0.125,0.172,16.7,-21.7,7,99.44,21,20,7,16.7,11,77.54,19,0.125,0.067,15,22,1.0,113.0,17,0.169,21,7,15,17,0.25,11,16.7,17,-40.1,16,0.0,0.0,0.0,0.0,0.0,3.0,1.0,0.0,0.0,0.0,0.0,0.0,0.0,0.0,0.0,0.0,0.0,0.0,1.0,1.0,0.0,0.0,0.0,0.0,,0.0,0.0,0.0,0.0,0.0,0.0,,0.0,0.0,1.0,4.0,0.0,0.0,BOS,0.0,0.25,0.0,0.0,0.0,0.0,0.0,0.0,,0.0,0.0,0.0,0.0,2017,20170519,12.0,0.083,7.0,0.0,3.0,2.0,0.083,0.0,1.0,0.0,0.0,0.0,1.0,0.0,0.0,0.0,0.0,0.0,0.0,0.0,0.0,1.0,0.0,0.0,0.0,0.0,16.0,0.0,9.0,2.0,2.0,4.0,0.5,0.5,0.0,1.46,0.0,0.4,0.125,0.375,1.0,1.9,1.0,5.0,0.333,0.0,0.0,0.667,2.5,2.8,1.0,0.667,0.0,2.0,0.0,0.2,0.0,3.0,0.0,0.375,0.2,2.0,8.0,,,,,,,,,,,,,,,,,2.0,1.0,0.5,1.0,2.0,0.5,0.0,,1.0,0.0,0.5,0.0,1.0,,,,,,,,,,,,,,,,,,,,,,,,,,,,0.0,,,0.0,,0.0,,0.25,0.0,0.0,0.0,0.0,0.333,0.0,2.0,0.0,-0.106,36.0,0.606,0.5,18.0,F,0.514,0.0,,,,0.0,,,,CLE,BOS,1610612739,BOS_CLE_2017,41600302,Amir Johnson,1610612738,BOS,F,30.0,1,1,1.0,1.0,4.0,0.25,0.498,-0.248,Amir Johnson,1610612738.0,BOS,F,30.0,1.0,1.0,0.5,1.0,2.0,0.5,0.397,0.103,Amir Johnson,1610612738.0,BOS,F,30.0,1.0,1.0,0.5,0.0,2.0,0.0,0.483,-0.483,Amir Johnson,1610612738.0,BOS,F,30.0,1.0,1.0,0.25,0.0,1.0,0.0,0.655,-0.655,Amir Johnson,1610612738.0,BOS,F,30.0,1.0,1.0,0.25,0.0,1.0,0.0,0.61,-0.61,Amir Johnson,1610612738.0,BOS,F,30.0,1.0,1.0,0.5,1.0,2.0,0.5,0.403,0.097,Amir Johnson,1610612738,BOS,30.0,1,11.9,2.0,2.0,0.0,1.0,0.0,1.0,2.0,0.0,0.0,2.0,0.0,0.0,0.0,0.0,0.0,0.0,0.0,0.0,0.0,0.0,0.0,Amir Johnson,1610612738,BOS,1,0,1,11.9,16.0,0.0,0.0,0.0,0.0,0.0,0.0,0.0,0.0,0.0,0.0,0.0,0.0,0.0,0.0,0.0,0.0,0.0,Amir Johnson,1610612738,BOS,1,0,1,11.87,11.87,4151.0,0.79,0.42,0.36,4.05,3.89,4.23,2016_17
202738,Isaiah Thomas,Isaiah,1610612738,BOS,28.0,1,0,1,0.0,17.583333333333332,0,6,0.0,0,2,0.0,2,2,1.0,0,3,3,6,1,0,0,0,0,3,2,-32,13.6,0,0,11.0,1,14,14,14,13,22,9,22,14,11,14,5,7,1,14,8,12,3,8,11,7,1,1,4,21,24,14,2,1,16,25,0.058,0.0,6.0,57.1,7,146.1,16,98.27,26,0.0,58.3,26,-88.9,11,1,36,16,26,147.2,25,0.2,10,98.27,147.2,0.079,0.195,42.9,-88.9,2,99.69,22,22,13,7.2,2,81.9,18,0.857,0.0,10,23,6.0,58.3,11,0.203,24,14,26,16,0.145,26,7.1,9,-89.0,26,0.0,0.0,0.0,0.0,0.0,1.0,1.0,2.0,0.0,2.0,0.0,0.0,0.0,0.0,0.0,0.0,0.0,0.0,0.0,0.0,0.0,0.0,0.0,0.0,,0.0,0.0,0.0,0.0,0.0,0.0,,0.0,,0.0,1.0,3.0,,BOS,,0.0,0.0,0.0,0.0,1.0,0.0,1.0,,0.0,0.0,0.0,0.0,2017,20170519,36.0,0.167,36.0,0.0,12.0,10.0,0.167,1.0,6.0,0.125,1.0,2.0,8.0,0.25,1.0,0.375,1.0,0.125,0.0,0.0,2.0,1.0,2.0,2.0,3.0,0.25,46.0,0.0,17.0,0.0,2.0,0.0,0.0,5.59,0.0,5.45,0.0,4.2,0.043,0.75,0.0,0.0,0.0,1.0,0.0,1.0,0.0,1.0,13.1,13.1,0.0,1.0,0.0,3.0,0.0,0.0,1.0,3.0,0.0,1.0,0.0,3.0,4.0,0.167,0.0,0.0,0.0,0.0,0.0,BOS,1.0,,0.0,0.0,1.0,1610612738.0,1.0,0.167,0.0,4.0,0.667,0.0,0.333,2.0,0.0,2.0,0.0,0.0,0.0,0.0,0.333,0.0,0.167,0.0,1.0,0.0,0.0,1.0,0.0,0.0,,0.0,0.0,0.0,0.167,,,,,,,,,,,,,,0.0,0.0,2.0,0.0,0.0,0.0,4.0,0.0,0.0,0.0,0.0,0.0,0.0,0.0,0.0,0.0,0.0,0.025,38.0,0.607,0.632,24.0,G,0.253,0.0,0.0,,0.0,0.0,,,,CLE,BOS,1610612739,BOS_CLE_2017,41600302,Isaiah Thomas,1610612738,BOS,G,28.0,1,1,1.0,4.0,5.0,0.8,0.502,0.298,Isaiah Thomas,1610612738.0,BOS,G,28.0,1.0,1.0,0.4,1.0,2.0,0.5,0.385,0.116,Isaiah Thomas,1610612738.0,BOS,G,28.0,1.0,1.0,0.6,3.0,3.0,1.0,0.531,0.469,Isaiah Thomas,1610612738.0,BOS,G,28.0,1.0,1.0,0.6,3.0,3.0,1.0,0.685,0.315,Isaiah Thomas,1610612738.0,BOS,G,28.0,1.0,1.0,0.6,3.0,3.0,1.0,0.619,0.381,Isaiah Thomas,1610612738.0,BOS,G,28.0,1.0,1.0,0.4,1.0,2.0,0.5,0.393,0.107,Isaiah Thomas,1610612738,BOS,28.0,1,17.6,2.0,1.0,1.0,0.0,0.0,0.0,0.0,0.0,0.0,2.0,0.0,0.0,0.0,0.0,0.0,0.0,0.0,0.0,0.0,0.0,0.0,Isaiah Thomas,1610612738,BOS,1,0,1,17.6,46.0,0.0,0.0,0.0,0.0,0.0,0.0,0.0,0.0,0.0,0.0,0.0,0.0,0.0,0.0,0.0,0.0,0.0,Isaiah Thomas,1610612738,BOS,1,0,1,17.58,17.58,6164.0,1.17,0.69,0.48,4.1,4.53,3.63,2016_17
202340,Avery Bradley,Avery,1610612738,BOS,26.0,1,0,1,0.0,31.866666666666667,6,17,0.353,1,5,0.2,0,0,0.0,2,1,3,0,0,0,0,3,3,0,13,-42,16.6,0,0,17.0,1,14,14,14,2,5,2,18,10,4,13,13,13,13,2,16,12,19,20,11,7,26,23,16,5,26,12,2,1,9,26,0.008,6.0,17.0,76.8,21,147.2,23,95.65,24,0.382,79.7,23,-67.9,5,19,64,23,24,147.6,26,0.042,1,95.65,147.6,0.048,0.233,0.0,-67.9,15,97.58,19,5,19,0.0,19,79.71,24,0.0,0.053,1,19,0.0,79.7,5,0.238,26,10,24,21,0.382,23,0.0,2,-70.4,23,0.0,0.0,1.0,0.375,0.0,8.0,1.0,3.0,1.0,4.0,0.333,0.0,3.0,0.0,1.0,0.0,0.0,0.0,1.0,1.0,0.25,0.0,0.0,0.0,,0.0,0.5,1.0,1.0,0.0,0.0,,0.25,,3.0,8.0,2.0,,BOS,,0.375,0.0,0.0,0.0,4.0,0.0,1.0,,1.0,1.0,1.0,1.0,2017,20170519,18.0,0.0,32.0,0.0,0.0,3.0,0.056,1.0,1.0,0.0,0.0,0.0,3.0,0.333,0.0,0.0,0.0,0.0,1.0,2.0,1.0,2.0,0.0,4.0,0.0,1.333,37.0,0.0,33.0,5.0,13.0,6.0,0.667,1.24,0.4,1.82,0.0,1.1,0.351,0.3,1.0,13.6,0.5,4.0,0.333,0.0,0.0,0.167,10.8,5.2,1.0,0.167,0.0,2.0,0.0,0.5,0.0,6.0,1.0,0.3,0.5,1.0,10.0,0.286,0.75,0.0,0.0,3.0,0.75,BOS,4.0,,0.0,3.0,1.0,1610612738.0,4.0,0.286,0.75,2.0,0.143,0.5,0.143,2.0,0.5,0.0,,1.0,0.0,0.5,0.0,1.0,0.143,1.0,2.0,1.0,0.5,1.0,0.071,0.5,0.0,1.0,1.0,0.0,0.071,2.0,0.167,4.0,0.25,0.0,1.0,0.143,0.286,1.0,0.429,0.25,6.0,0.0,0.0,0.0,1.0,0.0,0.0,0.0,1.0,0.0,0.382,0.286,0.0,0.333,0.0,0.4,2.0,4.0,5.0,0.111,54.0,0.611,0.722,39.0,G,0.367,7.0,1.0,0.357,4.0,2.0,0.25,,,CLE,BOS,1610612739,BOS_CLE_2017,41600302,Avery Bradley,1610612738,BOS,G,26.0,1,1,1.0,6.0,6.0,1.0,0.478,0.522,Avery Bradley,1610612738.0,BOS,G,26.0,1.0,1.0,0.5,3.0,3.0,1.0,0.393,0.607,Avery Bradley,1610612738.0,BOS,G,26.0,1.0,1.0,0.5,3.0,3.0,1.0,0.542,0.458,Avery Bradley,1610612738.0,BOS,G,26.0,1.0,1.0,0.333,2.0,2.0,1.0,0.67,0.331,Avery Bradley,1610612738.0,BOS,G,26.0,1.0,1.0,0.333,2.0,2.0,1.0,0.624,0.376,Avery Bradley,1610612738.0,BOS,G,26.0,1.0,1.0,0.667,4.0,4.0,1.0,0.413,0.587,Avery Bradley,1610612738,BOS,26.0,1,31.9,0.0,0.0,0.0,2.0,0.0,0.0,0.0,0.0,0.0,2.0,0.0,0.0,0.0,0.0,0.0,0.0,0.0,0.0,0.0,0.0,0.0,Avery Bradley,1610612738,BOS,1,0,1,31.9,37.0,0.0,0.0,0.0,0.0,0.0,0.0,0.0,0.0,0.0,0.0,0.0,0.0,0.0,0.0,0.0,0.0,0.0,Avery Bradley,1610612738,BOS,1,0,1,31.87,31.87,12128.0,2.3,1.24,1.06,4.34,4.39,4.27,2016_17
101123,Gerald Green,Gerald,1610612738,BOS,31.0,1,0,1,0.0,14.2,2,4,0.5,2,3,0.667,0,0,0.0,0,0,0,0,1,0,0,0,1,0,6,-19,5.0,0,0,8.0,1,14,14,14,17,13,17,8,4,10,3,13,13,13,14,24,25,19,8,11,7,1,8,16,15,21,23,2,1,20,23,0.034,2.0,4.0,70.9,24,141.8,17,98.03,25,0.75,70.0,25,-72.9,20,19,30,17,25,142.9,23,0.0,19,98.03,142.9,0.0,0.147,0.0,-72.9,15,97.76,5,13,25,20.0,19,81.69,22,0.0,0.0,18,5,0.0,70.0,20,0.153,23,14,25,20,0.75,25,20.0,17,-71.0,25,,0.667,0.0,0.0,3.0,0.0,0.0,1.0,0.0,0.0,0.0,0.667,0.0,0.0,,0.0,2.0,,0.0,0.0,0.0,0.0,2.0,3.0,,0.0,0.667,0.0,2.0,,0.0,,0.0,0.0,0.0,0.0,3.0,0.0,BOS,0.0,0.0,0.0,,1.0,0.0,0.0,0.0,,0.0,,0.0,0.0,2017,20170519,7.0,0.0,10.0,0.0,0.0,0.0,0.0,0.0,0.0,0.5,0.0,0.0,2.0,0.5,1.0,0.0,0.0,0.0,0.0,0.0,1.0,0.0,0.0,0.0,0.0,0.0,14.0,0.0,11.0,0.0,6.0,1.0,0.0,1.0,0.0,2.03,0.0,0.5,0.429,,,,,,,,,,,,,,,,,,,,,,,,,,,,,,,,,,,,,,,,,1.0,0.25,,0.0,0.0,1.5,1.0,1.0,1.0,1.0,1.0,0.25,0.0,0.5,1.0,2.0,0.0,0.0,1.0,0.25,0.0,0.0,0.0,0.0,0.0,0.25,0.0,1.0,1.0,1.5,0.0,1.0,0.0,0.25,1.0,0.25,1.0,1.0,,0.0,0.0,0.0,,0.0,0.0,1.0,0.0,0.75,0.667,0.0,0.0,0.0,0.0,0.0,0.0,6.0,0.003,15.0,0.597,0.6,9.0,F,0.259,3.0,2.0,1.0,3.0,2.0,0.667,,,CLE,BOS,1610612739,BOS_CLE_2017,41600302,Gerald Green,1610612738,BOS,F,31.0,1,1,1.0,4.0,8.0,0.5,0.469,0.031,Gerald Green,1610612738.0,BOS,F,31.0,1.0,1.0,0.625,3.0,5.0,0.6,0.393,0.207,Gerald Green,1610612738.0,BOS,F,31.0,1.0,1.0,0.375,1.0,3.0,0.333,0.574,-0.24,Gerald Green,1610612738.0,BOS,F,31.0,1.0,1.0,0.125,1.0,1.0,1.0,0.591,0.409,Gerald Green,1610612738.0,BOS,F,31.0,1.0,1.0,0.25,1.0,2.0,0.5,0.575,-0.075,Gerald Green,1610612738.0,BOS,F,31.0,1.0,1.0,0.75,3.0,6.0,0.5,0.395,0.105,Gerald Green,1610612738,BOS,31.0,1,14.2,5.0,2.0,3.0,0.0,0.0,0.0,0.0,0.0,0.0,0.0,0.0,0.0,0.0,0.0,0.0,0.0,0.0,0.0,0.0,0.0,0.0,Gerald Green,1610612738,BOS,1,0,1,14.2,14.0,0.0,0.0,0.0,0.0,0.0,0.0,0.0,0.0,0.0,0.0,0.0,0.0,0.0,0.0,0.0,0.0,0.0,Gerald Green,1610612738,BOS,1,0,1,14.2,14.2,5292.0,1.0,0.57,0.43,4.24,4.7,3.69,2016_17
201143,Al Horford,Al,1610612738,BOS,31.0,1,0,1,0.0,27.3,4,9,0.444,2,4,0.5,1,2,0.5,1,4,5,2,3,0,2,0,1,2,11,-34,23.0,0,0,24.0,1,14,14,14,4,6,6,14,4,6,5,10,7,8,6,4,3,9,2,11,2,1,8,6,6,25,6,2,1,5,24,0.073,4.0,9.0,79.4,7,146.4,24,94.95,23,0.556,81.5,22,-63.0,10,8,54,24,22,144.4,24,0.2,20,94.95,144.4,0.096,0.197,14.3,-63.0,12,95.54,14,6,10,20.2,13,79.12,15,0.182,0.031,20,14,0.67,81.5,9,0.213,25,13,22,26,0.557,22,21.4,6,-67.0,21,0.0,1.0,0.0,1.0,1.0,1.0,3.0,1.0,1.0,3.0,0.0,1.0,1.0,0.0,0.0,0.0,1.0,0.0,0.333,1.0,0.333,0.0,1.0,1.0,,0.0,0.5,1.0,2.0,0.0,0.0,,0.0,,2.0,4.0,4.0,,BOS,,0.5,0.0,0.0,0.0,0.0,0.0,0.0,,0.0,0.0,0.0,0.0,2017,20170519,48.0,0.042,44.0,0.0,6.0,7.0,0.063,0.0,3.0,0.0,0.0,0.0,1.0,0.0,0.0,0.0,0.0,0.0,1.0,1.0,0.0,1.0,0.0,3.0,0.0,3.0,61.0,0.0,38.0,6.0,11.0,3.0,0.667,0.79,0.667,1.69,3.0,1.7,0.18,0.455,1.0,3.5,1.0,5.0,0.4,0.0,0.25,0.667,7.4,8.4,2.0,0.667,0.0,3.0,1.0,0.2,0.0,6.0,0.0,0.455,0.2,3.0,11.0,0.111,1.0,0.0,0.0,1.0,1.0,BOS,1.0,,0.0,1.0,1.0,1610612738.0,1.0,0.111,1.0,3.0,0.333,0.333,0.333,3.0,0.333,0.0,,1.0,0.0,0.333,0.0,1.0,0.222,1.0,2.0,0.0,0.0,1.0,0.111,0.0,0.0,0.0,0.0,0.0,0.111,0.0,0.667,3.0,1.0,0.0,2.0,0.0,0.333,2.0,0.333,0.667,3.0,,1.0,1.0,1.0,1.0,3.0,1.0,1.0,1.5,0.556,0.25,0.0,0.5,0.0,0.5,4.0,2.0,3.0,0.02,95.0,0.611,0.632,60.0,C,0.413,4.0,1.0,0.375,3.0,1.0,0.333,,,CLE,BOS,1610612739,BOS_CLE_2017,41600302,Al Horford,1610612738,BOS,C,31.0,1,1,1.0,6.0,6.0,1.0,0.49,0.51,Al Horford,1610612738.0,BOS,C,31.0,1.0,1.0,0.167,1.0,1.0,1.0,0.39,0.61,Al Horford,1610612738.0,BOS,C,31.0,1.0,1.0,0.833,5.0,5.0,1.0,0.531,0.469,Al Horford,1610612738.0,BOS,C,31.0,1.0,1.0,0.333,2.0,2.0,1.0,0.702,0.299,Al Horford,1610612738.0,BOS,C,31.0,1.0,1.0,0.333,2.0,2.0,1.0,0.659,0.341,Al Horford,1610612738.0,BOS,C,31.0,1.0,1.0,0.667,4.0,4.0,1.0,0.381,0.619,Al Horford,1610612738,BOS,31.0,1,27.3,6.0,6.0,0.0,0.0,0.0,1.0,2.0,0.0,0.0,1.0,0.0,0.0,0.0,0.0,0.0,0.0,0.0,0.0,0.0,0.0,0.0,Al Horford,1610612738,BOS,1,0,1,27.3,61.0,3.0,0.0,1.0,0.0,0.0,0.0,0.0,0.0,0.0,1.0,0.333,0.0,0.0,1.0,0.333,0.0,0.0,Al Horford,1610612738,BOS,1,0,1,27.3,27.3,9629.0,1.82,1.01,0.81,3.97,4.27,3.63,2016_17
203092,Tyler Zeller,Tyler,1610612738,BOS,27.0,1,0,1,0.0,14.233333333333333,4,6,0.667,0,0,0.0,0,0,0.0,2,2,4,0,2,0,1,0,1,0,8,-1,13.8,0,0,14.0,1,14,14,14,16,6,9,4,14,22,14,13,13,13,2,13,8,19,6,11,4,1,8,16,10,12,13,2,1,13,13,0.108,4.0,6.0,102.5,10,114.2,11,102.86,13,0.667,110.0,12,0.3,6,19,30,11,12,109.7,13,0.143,22,102.86,109.7,0.138,0.222,0.0,0.3,15,104.48,6,6,6,25.0,19,85.71,10,0.0,0.133,22,8,0.0,110.0,8,0.221,14,2,12,8,0.667,12,25.0,9,-11.8,13,,0.0,0.0,1.0,0.0,4.0,1.0,1.0,0.0,0.0,0.0,0.0,4.0,0.0,,0.0,0.0,,0.0,0.0,0.0,0.0,0.0,0.0,,0.0,0.0,1.0,0.0,,0.0,,0.0,0.0,4.0,4.0,0.0,0.0,BOS,0.0,1.0,0.0,,0.0,0.0,0.0,1.0,,0.0,,0.0,0.0,2017,20170519,16.0,0.0,15.0,0.0,0.0,3.0,0.0,0.0,0.0,0.0,0.0,0.0,1.0,0.0,0.0,0.0,0.0,0.0,1.0,1.0,0.0,1.0,0.0,2.0,0.0,2.0,24.0,0.0,17.0,0.0,8.0,4.0,1.5,0.46,0.0,1.88,1.0,0.8,0.333,0.5,2.0,2.4,1.0,5.0,0.5,0.0,0.0,0.667,4.4,6.5,2.0,0.667,0.0,2.0,0.0,0.4,0.0,3.0,0.0,0.5,0.4,2.0,8.0,0.333,0.5,0.0,0.0,1.0,0.5,BOS,2.0,,0.0,1.0,1.0,1610612738.0,2.0,0.333,0.5,2.0,0.333,1.0,0.333,2.0,1.0,0.0,,2.0,0.0,1.0,0.0,2.0,0.167,0.0,1.0,1.0,1.0,1.0,0.0,1.0,,1.0,1.0,0.0,0.167,1.0,0.0,0.0,0.0,0.0,0.0,0.167,0.0,0.0,0.167,,1.0,0.0,,0.0,,,0.0,,0.0,,0.667,0.0,0.0,0.0,0.0,1.0,0.0,6.0,0.0,-0.128,11.0,0.582,0.455,5.0,C,0.379,1.0,,0.0,,0.0,,,,CLE,BOS,1610612739,BOS_CLE_2017,41600302,Tyler Zeller,1610612738,BOS,C,27.0,1,1,1.0,3.0,8.0,0.375,0.455,-0.08,Tyler Zeller,1610612738.0,BOS,C,27.0,1.0,1.0,0.25,2.0,2.0,1.0,0.374,0.627,Tyler Zeller,1610612738.0,BOS,C,27.0,1.0,1.0,0.75,1.0,6.0,0.167,0.54,-0.374,Tyler Zeller,1610612738.0,BOS,C,27.0,1.0,1.0,0.25,1.0,2.0,0.5,0.543,-0.043,Tyler Zeller,1610612738.0,BOS,C,27.0,1.0,1.0,0.5,1.0,4.0,0.25,0.547,-0.297,Tyler Zeller,1610612738.0,BOS,C,27.0,1.0,1.0,0.5,2.0,4.0,0.5,0.411,0.09,Tyler Zeller,1610612738,BOS,27.0,1,14.2,7.0,5.0,2.0,0.0,0.0,1.0,2.0,0.0,0.0,0.0,0.0,0.0,0.0,0.0,0.0,0.0,0.0,0.0,0.0,0.0,0.0,Tyler Zeller,1610612738,BOS,1,0,1,14.2,24.0,1.0,0.0,1.0,0.0,0.0,0.0,0.0,0.0,0.0,0.0,0.0,0.0,0.0,0.0,0.0,0.0,0.0,Tyler Zeller,1610612738,BOS,1,0,1,14.23,14.23,5208.0,0.99,0.52,0.47,4.22,4.33,4.11,2016_17
202684,Tristan Thompson,Tristan,1610612739,CLE,26.0,1,1,0,1.0,25.43,3,5,0.6,0,0,0.0,1,2,0.5,1,1,2,1,2,0,0,0,2,2,7,19,8.9,0,0,10.0,1,1,1,1,7,9,13,7,14,22,14,10,7,8,6,16,16,12,6,11,7,1,17,6,12,7,19,2,1,18,9,0.024,3.0,5.0,135.5,22,89.5,25,94.38,8,0.6,134.7,6,42.5,18,18,49,25,8,92.2,9,0.036,21,94.38,92.2,0.043,0.151,11.1,42.5,13,95.55,9,9,20,22.5,14,78.65,23,0.048,0.056,21,11,0.5,134.7,21,0.149,9,9,8,25,0.595,6,22.2,13,46.0,6,0.0,0.0,0.0,0.667,0.0,3.0,2.0,0.0,0.0,0.0,0.0,0.0,2.0,0.0,0.0,0.0,0.0,0.0,0.5,1.0,0.0,0.0,0.0,0.0,,0.0,0.0,0.0,0.0,0.0,0.0,,0.0,,2.0,4.0,0.0,,CLE,,0.5,0.0,0.0,0.0,0.0,0.0,1.0,,1.0,0.0,1.0,0.0,2017,20170519,20.0,0.05,17.0,0.0,2.0,1.0,0.05,0.0,1.0,0.0,0.0,0.0,0.0,0.0,0.0,0.0,0.0,0.0,0.0,0.0,0.0,0.0,0.0,0.0,0.0,0.0,28.0,0.0,18.0,5.0,7.0,6.0,0.833,0.43,0.6,1.4,1.0,0.7,0.25,0.182,1.0,1.6,1.0,3.0,0.5,1.0,0.0,0.125,7.2,12.9,1.0,0.143,1.0,1.0,0.0,0.333,0.0,8.0,0.0,0.2,0.333,1.0,11.0,0.2,0.0,0.0,0.0,0.0,0.0,CLE,1.0,,0.0,0.0,1.0,1610612739.0,1.0,0.2,0.0,3.0,0.6,0.667,0.6,3.0,0.667,0.0,,2.0,0.0,0.667,0.0,2.0,,,,,,,,,,,,,,1.0,1.0,0.0,1.0,1.0,0.0,0.2,0.0,1.0,0.2,,1.0,1.0,,0.0,,,0.0,,0.0,,0.6,0.0,0.0,1.0,0.0,0.5,3.0,5.0,0.0,-0.054,59.0,0.614,0.559,33.0,C,0.371,0.0,,,,0.0,,,,BOS,CLE,1610612738,CLE_BOS_2017,41600302,Tristan Thompson,1610612739,CLE,C,26.0,1,1,1.0,7.0,15.0,0.467,0.468,-0.002,Tristan Thompson,1610612739.0,CLE,C,26.0,1.0,1.0,0.467,2.0,7.0,0.286,0.378,-0.093,Tristan Thompson,1610612739.0,CLE,C,26.0,1.0,1.0,0.533,5.0,8.0,0.625,0.522,0.103,Tristan Thompson,1610612739.0,CLE,C,26.0,1.0,1.0,0.133,2.0,2.0,1.0,0.624,0.376,Tristan Thompson,1610612739.0,CLE,C,26.0,1.0,1.0,0.333,4.0,5.0,0.8,0.599,0.201,Tristan Thompson,1610612739.0,CLE,C,26.0,1.0,1.0,0.667,3.0,10.0,0.3,0.387,-0.087,Tristan Thompson,1610612739,CLE,26.0,1,25.4,7.0,5.0,2.0,0.0,0.0,1.0,3.0,0.0,0.0,0.0,0.0,0.0,0.0,0.0,0.0,0.0,0.0,0.0,0.0,0.0,0.0,Tristan Thompson,1610612739,CLE,1,1,0,25.4,28.0,1.0,0.0,1.0,0.0,0.0,0.0,0.0,0.0,0.0,0.0,0.0,0.0,0.0,0.0,0.0,0.0,0.0,Tristan Thompson,1610612739,CLE,1,1,0,25.43,25.43,9486.0,1.8,0.9,0.9,4.25,4.32,4.18,2016_17
2210,Richard Jefferson,Richard,1610612739,CLE,37.0,1,1,0,1.0,19.216666666666665,3,7,0.429,2,4,0.5,2,4,0.5,2,3,5,1,1,0,2,1,0,2,10,6,22.5,0,0,22.0,1,1,1,1,11,9,8,15,4,6,5,5,3,8,2,8,3,12,8,11,2,21,1,6,7,9,8,2,1,6,8,0.131,3.0,7.0,105.0,13,81.9,1,104.91,10,0.571,102.4,14,14.3,6,17,42,1,11,88.1,8,0.136,12,104.91,88.1,0.119,0.222,9.1,14.3,7,107.61,13,9,8,9.3,16,87.42,8,0.077,0.1,12,13,1.0,102.4,7,0.222,7,3,11,4,0.571,14,9.1,8,23.1,12,0.0,0.0,0.0,0.5,1.0,2.0,0.0,1.0,2.0,3.0,0.0,0.0,1.0,0.0,0.0,0.0,0.0,0.0,0.0,0.0,0.667,0.0,0.0,1.0,,0.0,0.0,1.0,0.0,0.0,0.0,,1.0,0.0,1.0,2.0,2.0,0.0,CLE,0.0,0.5,0.0,0.0,0.0,2.0,0.0,0.0,,0.0,0.0,0.0,2.0,2017,20170519,22.0,0.045,23.0,0.0,3.0,4.0,0.091,1.0,2.0,0.0,2.0,2.0,6.0,0.167,0.0,0.167,0.5,0.333,0.5,1.0,1.0,2.0,4.0,4.0,1.0,0.667,33.0,0.0,20.0,2.0,10.0,2.0,0.0,2.09,0.0,3.25,0.0,1.8,0.303,0.625,2.0,6.3,1.0,2.0,0.6,1.0,0.333,0.5,6.7,6.9,3.0,0.6,1.0,2.0,1.0,1.0,0.0,6.0,0.0,0.714,1.0,2.0,8.0,,,,,,,,,,,,,,,,,2.0,0.333,0.5,0.333,2.0,0.5,0.0,,1.0,0.0,0.5,0.0,1.0,0.667,4.0,4.0,0.0,0.75,0.0,0.667,0.5,0.5,,2.0,2.0,0.0,,,,,,,,,,,,,,1.0,1.0,1.0,1.0,3.0,0.5,2.0,0.75,0.571,0.333,0.0,0.0,0.0,0.0,0.0,0.0,3.0,-0.043,7.0,0.614,0.571,4.0,F,0.28,3.0,1.0,0.5,3.0,1.0,0.333,,,BOS,CLE,1610612738,CLE_BOS_2017,41600302,Richard Jefferson,1610612739,CLE,F,37.0,1,1,1.0,1.0,4.0,0.25,0.436,-0.186,,,,,,,,,,,,,,Richard Jefferson,1610612739.0,CLE,F,37.0,1.0,1.0,1.0,1.0,4.0,0.25,0.48,-0.23,Richard Jefferson,1610612739.0,CLE,F,37.0,1.0,1.0,0.75,1.0,3.0,0.333,0.584,-0.251,Richard Jefferson,1610612739.0,CLE,F,37.0,1.0,1.0,1.0,1.0,4.0,0.25,0.511,-0.261,,,,,,,,,,,,,,Richard Jefferson,1610612739,CLE,37.0,1,19.2,3.0,3.0,0.0,0.0,0.0,1.0,2.0,0.0,0.0,2.0,0.0,0.0,0.0,0.0,0.0,0.0,0.0,0.0,0.0,0.0,0.0,Richard Jefferson,1610612739,CLE,1,1,0,19.2,33.0,0.0,0.0,0.0,0.0,0.0,0.0,0.0,0.0,0.0,0.0,0.0,0.0,0.0,0.0,0.0,0.0,0.0,Richard Jefferson,1610612739,CLE,1,1,0,19.22,19.22,6824.0,1.29,0.69,0.6,4.06,4.11,4.0,2016_17
2544,LeBron James,LeBron,1610612739,CLE,32.0,1,1,0,1.0,32.8,12,18,0.667,4,6,0.667,2,4,0.5,0,4,4,7,1,4,3,1,1,4,30,46,65.3,0,0,59.0,1,1,1,1,1,1,1,4,1,2,3,5,3,8,14,4,8,1,8,1,1,21,8,2,1,1,1,2,1,1,4,0.273,12.0,18.0,146.2,16,75.7,22,95.85,2,0.778,149.2,2,72.0,2,5,65,22,2,77.3,4,0.105,8,95.85,77.3,0.063,0.278,25.9,72.0,1,97.87,4,1,15,3.6,9,79.88,2,0.304,0.0,8,4,7.0,149.2,2,0.283,4,14,2,19,0.759,2,3.7,1,70.5,2,0.0,1.0,2.0,0.714,1.0,7.0,2.0,3.0,3.0,5.0,0.667,1.0,5.0,0.0,0.0,0.0,1.0,0.0,0.5,1.0,0.6,0.0,1.0,1.0,,0.0,1.0,1.0,3.0,0.0,0.0,,0.6,,6.0,8.0,3.0,,CLE,,0.75,0.0,0.0,1.0,5.0,0.0,0.0,,0.0,0.0,0.0,3.0,2017,20170519,61.0,0.115,67.0,2.0,20.0,17.0,0.148,0.0,9.0,0.0,1.0,1.0,4.0,0.25,0.0,0.0,0.5,0.25,0.5,1.0,1.0,2.0,2.0,3.0,0.0,0.75,83.0,2.0,40.0,3.0,30.0,4.0,0.5,2.63,0.0,3.9,1.0,5.4,0.361,0.444,0.0,0.0,0.0,2.0,0.25,1.0,0.25,0.571,2.5,2.5,1.0,0.667,1.0,3.0,1.0,0.0,0.0,7.0,0.0,0.5,0.0,3.0,9.0,0.176,1.0,0.0,0.0,3.0,1.0,CLE,3.0,,0.0,3.0,1.0,1610612739.0,3.0,0.176,1.0,6.0,0.353,0.5,0.235,4.0,0.833,2.0,1.0,4.0,2.0,0.667,0.118,2.0,0.353,3.0,6.0,2.0,0.583,3.0,0.176,0.5,0.333,0.667,3.0,1.0,0.176,1.0,1.0,1.0,1.25,1.0,1.0,0.059,0.059,2.0,0.118,1.0,2.0,1.0,3.0,6.0,3.0,1.0,15.0,0.75,8.0,0.938,0.778,0.333,1.0,0.0,2.0,0.5,0.0,2.0,3.0,-0.255,44.0,0.619,0.364,16.0,F,0.364,3.0,1.0,0.5,3.0,1.0,0.333,,,BOS,CLE,1610612738,CLE_BOS_2017,41600302,LeBron James,1610612739,CLE,F,32.0,1,1,1.0,0.0,5.0,0.0,0.434,-0.434,LeBron James,1610612739.0,CLE,F,32.0,1.0,1.0,0.4,0.0,2.0,0.0,0.325,-0.325,LeBron James,1610612739.0,CLE,F,32.0,1.0,1.0,0.6,0.0,3.0,0.0,0.505,-0.505,LeBron James,1610612739.0,CLE,F,32.0,1.0,1.0,0.6,0.0,3.0,0.0,0.621,-0.621,LeBron James,1610612739.0,CLE,F,32.0,1.0,1.0,0.6,0.0,3.0,0.0,0.573,-0.573,LeBron James,1610612739.0,CLE,F,32.0,1.0,1.0,0.4,0.0,2.0,0.0,0.341,-0.341,LeBron James,1610612739,CLE,32.0,1,32.8,2.0,1.0,1.0,5.0,0.0,0.0,0.0,0.0,0.0,3.0,0.0,0.0,0.0,0.0,0.0,0.0,0.0,0.0,0.0,0.0,0.0,LeBron James,1610612739,CLE,1,1,0,32.8,83.0,1.0,1.0,1.0,1.0,0.0,0.0,0.0,2.0,2.0,0.0,0.0,0.0,0.0,0.0,0.0,0.0,0.0,LeBron James,1610612739,CLE,1,1,0,32.8,32.8,11002.0,2.08,1.09,1.0,3.85,4.14,3.57,2016_17
202681,Kyrie Irving,Kyrie,1610612739,CLE,25.0,1,1,0,1.0,29.7,8,11,0.727,3,6,0.5,4,5,0.8,0,1,1,3,4,1,1,0,2,3,23,37,30.7,0,0,34.0,1,1,1,1,3,2,4,3,3,2,5,2,1,6,14,16,19,5,1,6,4,1,17,4,2,2,3,2,1,3,5,0.148,8.0,11.0,145.4,23,79.6,20,96.16,4,0.864,145.8,4,64.1,4,12,59,20,5,81.7,5,0.029,18,96.16,81.7,0.017,0.262,15.0,64.1,11,97.52,3,2,24,19.8,12,80.13,5,0.125,0.0,18,3,0.75,145.8,4,0.264,5,14,5,22,0.871,4,20.0,4,65.7,3,0.0,1.0,1.0,1.0,2.0,3.0,1.0,1.0,2.0,4.0,1.0,0.5,3.0,0.0,0.0,0.0,1.0,0.0,1.0,1.0,0.5,1.0,1.0,1.0,,0.0,0.333,1.0,1.0,0.0,1.0,,0.667,,3.0,3.0,3.0,,CLE,,1.0,1.0,0.0,0.0,3.0,0.0,1.0,,1.0,0.0,1.0,2.0,2017,20170519,33.0,0.091,49.0,1.0,8.0,8.0,0.152,1.0,5.0,0.0,0.0,0.0,3.0,0.333,0.0,0.0,0.0,0.0,1.0,2.0,1.0,2.0,0.0,4.0,0.0,1.333,54.0,0.0,25.0,0.0,23.0,2.0,0.0,5.0,0.0,5.09,0.0,4.6,0.426,0.333,0.0,0.0,0.0,0.0,0.0,0.0,0.0,0.333,12.0,12.0,0.0,0.333,0.0,1.0,0.0,0.0,0.0,3.0,0.0,0.333,0.0,1.0,3.0,,,,,,,,,,,,,,,,,8.0,0.727,1.0,0.455,5.0,0.813,3.0,0.333,6.0,1.0,0.75,0.273,5.0,0.182,2.0,2.0,0.0,1.5,0.0,0.182,1.0,1.0,,2.0,2.0,0.0,0.0,0.0,1.0,0.0,0.0,0.0,0.0,0.091,0.0,0.091,0.0,1.0,,2.0,3.0,5.0,0.4,8.0,0.5,6.0,0.667,0.864,1.0,0.0,0.0,0.0,0.0,0.0,0.0,3.0,0.026,17.0,0.621,0.647,11.0,G,0.177,1.0,1.0,1.5,1.0,1.0,1.0,,,BOS,CLE,1610612738,CLE_BOS_2017,41600302,Kyrie Irving,1610612739,CLE,G,25.0,1,1,1.0,1.0,9.0,0.111,0.463,-0.352,Kyrie Irving,1610612739.0,CLE,G,25.0,1.0,1.0,0.667,1.0,6.0,0.167,0.38,-0.213,Kyrie Irving,1610612739.0,CLE,G,25.0,1.0,1.0,0.333,0.0,3.0,0.0,0.505,-0.505,Kyrie Irving,1610612739.0,CLE,G,25.0,1.0,1.0,0.222,0.0,2.0,0.0,0.64,-0.64,Kyrie Irving,1610612739.0,CLE,G,25.0,1.0,1.0,0.222,0.0,2.0,0.0,0.596,-0.596,Kyrie Irving,1610612739.0,CLE,G,25.0,1.0,1.0,0.778,1.0,7.0,0.143,0.378,-0.236,Kyrie Irving,1610612739,CLE,25.0,1,29.7,4.0,1.0,3.0,2.0,0.0,2.0,6.0,0.0,0.0,0.0,0.0,0.0,0.0,0.0,0.0,0.0,0.0,0.0,0.0,0.0,0.0,Kyrie Irving,1610612739,CLE,1,1,0,29.7,54.0,0.0,0.0,0.0,0.0,0.0,0.0,0.0,0.0,0.0,0.0,0.0,0.0,0.0,0.0,0.0,0.0,0.0,Kyrie Irving,1610612739,CLE,1,1,0,29.7,29.7,10522.0,1.99,1.03,0.96,4.04,4.14,3.95,2016_17
2594,Kyle Korver,Kyle,1610612739,CLE,36.0,1,1,0,1.0,12.37,2,5,0.4,2,5,0.4,2,2,1.0,0,1,1,0,0,0,0,0,1,0,8,16,9.2,0,0,11.0,1,1,1,1,19,13,13,16,4,4,11,5,7,1,14,16,19,19,20,11,7,1,8,16,10,8,18,2,1,16,2,0.116,2.0,5.0,129.2,17,66.3,12,102.83,5,0.6,134.6,7,64.2,15,19,26,12,4,70.4,2,0.067,1,102.83,70.4,0.038,0.172,0.0,64.2,15,108.11,9,13,21,0.0,19,85.69,9,0.0,0.0,1,7,0.0,134.6,12,0.195,2,14,4,3,0.68,7,0.0,13,62.9,8,0.0,0.0,0.0,0.0,4.0,0.0,0.0,0.0,1.0,1.0,0.0,0.25,0.0,0.333,0.0,1.0,1.0,0.0,0.0,0.0,1.0,3.0,0.0,1.0,,0.0,0.4,0.0,2.0,0.0,0.0,,0.0,0.0,0.0,0.0,5.0,0.0,CLE,0.0,0.0,0.0,0.0,0.0,0.0,0.0,0.0,,0.0,0.0,0.0,0.0,2017,20170519,6.0,0.0,9.0,0.0,0.0,0.0,0.0,0.0,0.0,0.0,0.0,0.0,1.0,1.0,0.0,0.0,0.0,0.0,0.0,0.0,1.0,0.0,0.0,0.0,0.0,0.0,11.0,0.0,8.0,0.0,8.0,0.0,0.0,0.36,0.0,1.2,0.0,0.2,0.727,0.25,0.0,0.0,0.0,0.0,1.0,0.0,1.0,0.25,3.3,3.3,1.0,0.25,0.0,0.0,1.0,0.0,0.0,4.0,0.0,0.25,0.0,0.0,4.0,,,,,,,,,,,,,,,,,2.0,0.4,,0.0,0.0,0.75,2.0,0.5,1.0,1.0,0.5,0.4,0.0,,,,,,,,,,,,,,0.0,0.333,3.0,0.5,0.0,1.0,0.0,0.6,1.0,0.6,0.333,3.0,,0.0,0.0,0.0,,0.0,,0.0,,0.6,0.4,0.0,0.0,0.0,0.0,0.0,0.0,6.0,-0.024,17.0,0.613,0.588,10.0,G,0.315,5.0,2.0,0.6,5.0,2.0,0.4,,,BOS,CLE,1610612738,CLE_BOS_2017,41600302,Kyle Korver,1610612739,CLE,G,36.0,1,1,1.0,1.0,3.0,0.333,0.513,-0.18,,,,,,,,,,,,,,Kyle Korver,1610612739.0,CLE,G,36.0,1.0,1.0,1.0,1.0,3.0,0.333,0.579,-0.246,Kyle Korver,1610612739.0,CLE,G,36.0,1.0,1.0,0.667,0.0,2.0,0.0,0.687,-0.687,Kyle Korver,1610612739.0,CLE,G,36.0,1.0,1.0,1.0,1.0,3.0,0.333,0.637,-0.304,,,,,,,,,,,,,,Kyle Korver,1610612739,CLE,36.0,1,12.4,4.0,3.0,1.0,0.0,0.0,0.0,0.0,0.0,0.0,0.0,0.0,0.0,0.0,0.0,0.0,0.0,0.0,0.0,0.0,0.0,0.0,Kyle Korver,1610612739,CLE,1,1,0,12.4,11.0,0.0,0.0,0.0,0.0,0.0,0.0,0.0,0.0,0.0,0.0,0.0,0.0,0.0,0.0,0.0,0.0,0.0,Kyle Korver,1610612739,CLE,1,1,0,12.37,12.37,4417.0,0.84,0.4,0.44,3.89,3.93,3.86,2016_17
201567,Kevin Love,Kevin,1610612739,CLE,28.0,1,1,0,1.0,26.766666666666666,7,14,0.5,4,9,0.444,3,4,0.75,3,9,12,2,1,1,0,2,2,4,21,35,40.4,1,0,41.0,1,1,1,1,5,3,3,8,1,1,10,4,3,7,1,1,1,9,8,6,7,24,17,2,3,3,2,1,1,2,6,0.204,7.0,14.0,150.5,3,81.2,21,95.94,3,0.643,150.9,1,67.6,1,15,53,21,3,83.3,6,0.281,9,95.94,83.3,0.226,0.288,10.5,67.6,6,97.34,7,3,2,5.3,15,79.95,3,0.091,0.143,9,9,2.0,150.9,1,0.283,6,1,3,23,0.666,1,5.3,3,69.3,1,0.0,0.333,1.0,0.5,3.0,2.0,1.0,2.0,3.0,6.0,0.5,0.333,1.0,0.0,0.0,0.0,1.0,0.0,1.0,1.0,0.5,0.0,1.0,3.0,,1.0,0.5,0.0,2.0,0.0,0.0,,0.4,,1.0,2.0,4.0,,CLE,,0.5,0.0,0.0,2.0,5.0,0.5,1.0,,1.0,0.0,1.0,2.0,2017,20170519,35.0,0.057,30.0,0.0,5.0,2.0,0.057,0.0,2.0,0.0,0.0,0.0,1.0,0.0,0.0,0.0,0.0,0.0,0.0,0.0,0.0,1.0,0.0,0.0,0.0,0.0,55.0,1.333,32.0,1.0,21.0,5.0,1.4,0.44,2.0,1.64,3.0,1.5,0.382,0.632,2.0,12.2,0.667,5.0,0.333,1.0,0.222,0.643,6.3,4.3,4.0,0.692,1.0,8.0,2.0,0.6,0.0,14.0,1.0,0.667,0.6,7.0,19.0,0.083,1.0,0.0,0.0,1.0,1.0,CLE,1.0,,0.0,1.0,1.0,1610612739.0,1.0,0.083,1.0,,,,,,,,,,,,,,0.417,4.0,5.0,1.0,0.8,1.0,0.333,0.6,0.5,1.0,3.0,2.0,0.083,1.0,0.5,5.0,0.667,1.0,2.0,0.083,0.417,3.0,0.5,0.4,6.0,1.0,0.0,1.0,1.0,0.0,2.0,0.5,2.0,0.5,0.643,0.5,0.667,1.0,4.0,1.0,2.0,7.0,12.0,-0.001,49.0,0.634,0.633,31.0,F,0.36,8.0,4.0,0.75,8.0,4.0,0.5,,,BOS,CLE,1610612738,CLE_BOS_2017,41600302,Kevin Love,1610612739,CLE,F,28.0,1,1,1.0,5.0,10.0,0.5,0.46,0.04,Kevin Love,1610612739.0,CLE,F,28.0,1.0,1.0,0.1,1.0,1.0,1.0,0.39,0.61,Kevin Love,1610612739.0,CLE,F,28.0,1.0,1.0,0.9,4.0,9.0,0.444,0.511,-0.067,Kevin Love,1610612739.0,CLE,F,28.0,1.0,1.0,0.7,4.0,7.0,0.571,0.621,-0.05,Kevin Love,1610612739.0,CLE,F,28.0,1.0,1.0,0.8,4.0,8.0,0.5,0.578,-0.078,Kevin Love,1610612739.0,CLE,F,28.0,1.0,1.0,0.2,1.0,2.0,0.5,0.39,0.11,Kevin Love,1610612739,CLE,28.0,1,26.8,7.0,6.0,1.0,2.0,0.0,1.0,2.0,0.0,0.0,2.0,0.0,0.0,0.0,0.0,0.0,0.0,0.0,0.0,0.0,0.0,0.0,Kevin Love,1610612739,CLE,1,1,0,26.8,55.0,3.0,2.0,3.0,0.667,0.0,0.0,0.0,4.0,1.333,0.0,0.0,0.0,0.0,0.0,0.0,0.0,0.0,Kevin Love,1610612739,CLE,1,1,0,26.77,26.77,9500.0,1.8,0.89,0.9,4.04,4.26,3.84,2016_17
2592,James Jones,James,1610612739,CLE,36.0,1,1,0,1.0,9.5,0,2,0.0,0,1,0.0,0,0,0.0,0,1,1,0,1,0,0,0,3,0,0,-4,0.2,0,0,1.0,1,1,1,1,22,22,23,22,14,16,14,13,13,13,14,16,19,19,8,11,7,1,23,16,24,14,26,2,1,26,15,-0.116,0.0,2.0,100.6,15,117.4,5,103.58,14,0.0,95.2,15,-24.8,23,19,21,5,16,120.0,15,0.125,25,103.58,120.0,0.056,0.136,0.0,-24.8,15,101.86,22,22,17,33.3,19,86.32,26,0.0,0.0,25,24,0.0,95.2,22,0.144,15,14,16,11,0.0,15,33.3,23,-16.8,14,,0.0,0.0,0.0,0.0,0.0,1.0,0.0,0.0,1.0,0.0,0.0,0.0,0.0,,0.0,0.0,,0.0,0.0,0.0,0.0,0.0,0.0,,,0.0,0.0,0.0,,0.0,,0.0,,0.0,1.0,1.0,,CLE,,0.0,0.0,,,0.0,,0.0,,0.0,,0.0,0.0,2017,20170519,10.0,0.0,4.0,0.0,0.0,0.0,0.0,0.0,0.0,0.0,0.0,0.0,0.0,0.0,0.0,0.0,0.0,0.0,0.0,0.0,0.0,0.0,0.0,0.0,0.0,0.0,12.0,0.0,4.0,0.0,0.0,0.0,0.0,0.33,0.0,1.27,1.0,0.3,0.0,0.333,0.0,0.0,0.0,0.0,0.0,0.0,0.0,0.333,9.0,9.0,0.0,0.333,0.0,1.0,0.0,0.0,0.0,3.0,0.0,0.333,0.0,1.0,3.0,0.5,0.0,0.0,0.0,0.0,0.0,CLE,1.0,,0.0,0.0,1.0,1610612739.0,1.0,0.5,0.0,,,,,,,,,,,,,,,,,,,,,,,,,,,0.0,0.0,1.0,0.0,0.0,0.0,0.0,0.5,0.0,0.5,0.0,1.0,,0.0,0.0,1.0,0.0,0.0,0.0,1.0,0.0,0.0,0.0,0.0,0.0,0.0,0.0,0.0,0.0,0.0,0.225,10.0,0.575,0.8,8.0,G-F,1.0,0.0,0.0,,0.0,0.0,,,,BOS,CLE,1610612738,CLE_BOS_2017,41600302,James Jones,1610612739,CLE,G-F,36.0,1,1,1.0,7.0,8.0,0.875,0.463,0.413,,,,,,,,,,,,,,James Jones,1610612739.0,CLE,G-F,36.0,1.0,1.0,1.0,7.0,8.0,0.875,0.498,0.377,James Jones,1610612739.0,CLE,G-F,36.0,1.0,1.0,1.0,7.0,8.0,0.875,0.569,0.306,James Jones,1610612739.0,CLE,G-F,36.0,1.0,1.0,1.0,7.0,8.0,0.875,0.542,0.333,,,,,,,,,,,,,,James Jones,1610612739,CLE,36.0,1,9.5,3.0,3.0,0.0,0.0,0.0,0.0,0.0,0.0,0.0,0.0,0.0,0.0,0.0,0.0,0.0,0.0,0.0,0.0,0.0,0.0,0.0,James Jones,1610612739,CLE,1,1,0,9.5,12.0,1.0,0.0,1.0,0.0,0.0,0.0,0.0,0.0,0.0,0.0,0.0,0.0,0.0,0.0,0.0,0.0,0.0,James Jones,1610612739,CLE,1,1,0,9.5,9.5,3716.0,0.7,0.39,0.31,4.42,4.37,4.48,2016_17
2747,JR Smith,JR,1610612739,CLE,31.0,1,1,0,1.0,26.2,4,5,0.8,1,1,1.0,0,0,0.0,1,6,7,0,0,0,0,0,0,2,9,28,17.4,0,0,17.0,1,1,1,1,6,6,13,2,10,16,1,13,13,13,6,2,2,19,20,11,7,1,1,6,8,4,10,2,1,9,7,0.136,4.0,5.0,140.0,7,85.7,19,96.18,7,0.9,140.4,5,55.5,26,19,52,19,7,84.9,7,0.2,1,96.18,84.9,0.14,0.088,0.0,55.5,15,95.89,2,6,5,0.0,19,80.15,7,0.0,0.05,1,2,0.0,140.4,26,0.087,8,11,7,24,0.9,5,0.0,13,54.3,5,0.0,0.0,2.0,1.0,1.0,1.0,1.0,2.0,0.0,0.0,1.0,1.0,1.0,1.0,0.0,1.0,1.0,0.0,0.0,0.0,0.0,1.0,0.0,0.0,,1.0,1.0,1.0,1.0,0.0,1.0,,0.0,,1.0,2.0,1.0,,CLE,,0.5,1.0,0.0,1.0,0.0,1.0,0.0,,0.0,0.0,0.0,0.0,2017,20170519,25.0,0.0,18.0,1.0,2.0,1.0,0.12,2.0,3.0,0.0,0.0,0.0,2.0,0.5,0.0,0.0,0.0,0.0,0.0,0.0,1.0,1.0,0.0,0.0,0.0,0.0,31.0,0.0,15.0,0.0,9.0,1.0,2.0,0.94,0.0,1.74,0.0,0.9,0.29,0.778,0.0,13.0,0.0,1.0,0.0,1.0,0.0,0.75,6.1,5.0,0.0,0.857,1.0,7.0,0.0,1.0,0.0,8.0,1.0,0.875,1.0,6.0,9.0,,,,,,,,,,,,,,,,,1.0,0.2,1.0,0.2,1.0,1.0,0.0,,1.0,0.0,1.0,0.0,1.0,0.6,1.0,3.0,2.0,1.167,2.0,0.2,1.0,1.0,1.0,3.0,1.0,0.4,1.0,0.0,0.0,0.0,0.0,0.0,0.2,0.0,0.0,0.2,,1.0,0.0,0.0,1.0,0.0,,2.0,0.5,2.0,0.5,0.9,1.0,0.0,0.0,0.0,1.0,0.0,2.0,5.0,0.1,11.0,0.628,0.727,8.0,G,0.141,2.0,1.0,1.25,1.0,2.0,1.0,,,BOS,CLE,1610612738,CLE_BOS_2017,41600302,JR Smith,1610612739,CLE,G,31.0,1,1,1.0,3.0,8.0,0.375,0.458,-0.083,JR Smith,1610612739.0,CLE,G,31.0,1.0,1.0,0.5,2.0,4.0,0.5,0.385,0.116,JR Smith,1610612739.0,CLE,G,31.0,1.0,1.0,0.5,1.0,4.0,0.25,0.511,-0.261,JR Smith,1610612739.0,CLE,G,31.0,1.0,1.0,0.125,1.0,1.0,1.0,0.621,0.379,JR Smith,1610612739.0,CLE,G,31.0,1.0,1.0,0.25,1.0,2.0,0.5,0.625,-0.125,JR Smith,1610612739.0,CLE,G,31.0,1.0,1.0,0.75,2.0,6.0,0.333,0.39,-0.056,JR Smith,1610612739,CLE,31.0,1,26.2,8.0,3.0,5.0,1.0,0.0,1.0,2.0,0.0,0.0,1.0,0.0,0.0,0.0,0.0,0.0,0.0,0.0,0.0,0.0,0.0,0.0,JR Smith,1610612739,CLE,1,1,0,26.2,31.0,0.0,0.0,0.0,0.0,0.0,0.0,0.0,0.0,0.0,0.0,0.0,0.0,0.0,0.0,0.0,0.0,0.0,JR Smith,1610612739,CLE,1,1,0,26.2,26.2,9196.0,1.74,0.89,0.86,3.9,4.24,4.02,2016_17
202697,Iman Shumpert,Iman,1610612739,CLE,27.0,1,1,0,1.0,12.3,2,2,1.0,2,2,1.0,1,2,0.5,1,4,5,3,1,2,0,0,2,2,7,20,22.5,0,0,21.0,1,1,1,1,20,13,23,1,4,11,1,10,7,8,6,4,3,5,8,2,7,1,17,6,12,5,8,2,1,7,1,0.278,2.0,2.0,141.9,4,55.5,14,101.46,1,1.5,148.0,3,85.0,21,6,25,14,1,63.0,1,0.235,14,101.46,63.0,0.179,0.143,42.9,85.0,3,110.67,1,13,4,14.5,2,84.55,1,0.273,0.091,14,1,3.0,148.0,23,0.133,1,5,1,1,1.215,3,14.3,23,86.4,4,0.0,1.0,0.0,0.0,2.0,0.0,0.0,0.0,0.0,0.0,0.0,1.0,0.0,1.0,0.0,1.0,2.0,0.0,0.0,0.0,0.0,1.0,1.0,1.0,,0.0,1.0,0.0,2.0,0.0,0.0,,0.0,0.0,0.0,0.0,2.0,0.0,CLE,0.0,0.0,0.0,0.0,0.0,0.0,0.0,0.0,,0.0,0.0,0.0,0.0,2017,20170519,13.0,0.231,9.0,0.0,8.0,3.0,0.231,0.0,3.0,0.0,0.0,0.0,0.0,0.0,0.0,0.0,0.0,0.0,0.0,0.0,0.0,0.0,0.0,0.0,0.0,0.0,17.0,0.0,7.0,0.0,7.0,1.0,0.0,2.41,0.0,3.05,0.0,0.9,0.412,0.625,0.0,8.6,0.0,1.0,0.2,0.0,0.25,0.571,9.6,9.9,1.0,0.571,0.0,4.0,1.0,1.0,0.0,7.0,1.0,0.625,1.0,3.0,8.0,,,,,,,,,,,,,,,,,,,,,,,,,,,,,,,,,,,,,,,,,,,0.0,1.0,2.0,1.5,0.0,2.0,0.0,1.0,2.0,1.0,1.0,2.0,,0.0,0.0,0.0,,0.0,,0.0,,1.5,1.0,0.0,0.0,0.0,0.0,0.0,0.0,6.0,-0.147,9.0,0.591,0.444,4.0,G,0.164,2.0,2.0,1.5,2.0,2.0,1.0,,,BOS,CLE,1610612738,CLE_BOS_2017,41600302,Iman Shumpert,1610612739,CLE,G,27.0,1,1,1.0,1.0,4.0,0.25,0.457,-0.207,,,,,,,,,,,,,,Iman Shumpert,1610612739.0,CLE,G,27.0,1.0,1.0,1.0,1.0,4.0,0.25,0.524,-0.274,Iman Shumpert,1610612739.0,CLE,G,27.0,1.0,1.0,0.25,1.0,1.0,1.0,0.7,0.3,Iman Shumpert,1610612739.0,CLE,G,27.0,1.0,1.0,0.75,1.0,3.0,0.333,0.578,-0.244,Iman Shumpert,1610612739.0,CLE,G,27.0,1.0,1.0,0.25,0.0,1.0,0.0,0.298,-0.298,Iman Shumpert,1610612739,CLE,27.0,1,12.3,1.0,1.0,0.0,2.0,0.0,2.0,5.0,0.0,0.0,2.0,0.0,0.0,0.0,0.0,0.0,0.0,0.0,0.0,0.0,0.0,0.0,Iman Shumpert,1610612739,CLE,1,1,0,12.3,17.0,0.0,0.0,0.0,0.0,0.0,0.0,0.0,0.0,0.0,0.0,0.0,0.0,0.0,0.0,0.0,0.0,0.0,Iman Shumpert,1610612739,CLE,1,1,0,12.3,12.3,4699.0,0.89,0.44,0.45,4.4,4.16,3.68,2016_17
202682,Derrick Williams,Derrick,1610612739,CLE,26.0,1,1,0,1.0,9.5,2,4,0.5,0,1,0.0,0,0,0.0,1,0,1,1,0,0,0,0,0,0,4,-4,6.7,0,0,6.0,1,1,1,1,22,13,17,8,14,16,14,13,13,13,6,24,19,12,20,11,7,1,1,16,17,14,22,2,1,23,15,0.081,2.0,4.0,100.6,24,117.4,5,103.58,14,0.5,95.2,15,-24.8,13,10,21,5,16,120.0,15,0.0,1,103.58,120.0,0.056,0.182,20.0,-24.8,15,101.86,15,13,17,0.0,10,86.32,12,0.167,0.1,1,15,0.0,95.2,13,0.192,15,3,16,11,0.5,15,0.0,17,-16.8,14,,0.0,1.0,1.0,0.0,1.0,1.0,1.0,0.0,1.0,1.0,0.0,1.0,0.0,,0.0,0.0,,0.0,0.0,0.0,0.0,0.0,0.0,,,0.0,1.0,0.0,,1.0,,0.0,,1.0,2.0,0.0,,CLE,,0.5,1.0,,,1.0,,0.0,,0.0,,0.0,0.0,2017,20170519,11.0,0.091,14.0,0.0,2.0,0.0,0.091,0.0,1.0,0.0,0.0,0.0,2.0,0.5,0.0,0.0,0.0,0.0,0.0,0.0,1.0,1.0,0.0,0.0,0.0,0.0,15.0,0.0,7.0,0.0,4.0,0.0,0.0,3.0,0.0,3.97,0.0,1.0,0.267,1.0,0.0,15.9,0.0,1.0,0.0,0.0,0.0,0.0,15.9,0.0,0.0,0.0,0.0,1.0,0.0,1.0,0.0,0.0,1.0,1.0,1.0,0.0,1.0,,,,,,,,,,,,,,,,,,,,,,,,,,,,,,0.75,0.0,3.0,2.0,0.667,3.0,0.0,0.667,,0.667,2.0,0.0,0.75,0.0,0.0,1.0,0.0,0.0,0.0,0.0,0.25,0.0,0.25,0.0,1.0,,0.0,1.0,0.0,,2.0,1.0,1.0,1.0,0.5,0.0,0.0,0.0,0.0,0.0,0.0,0.0,0.0,-0.617,1.0,0.617,0.0,0.0,F,0.167,1.0,0.0,0.0,1.0,0.0,0.0,,,BOS,CLE,1610612738,CLE_BOS_2017,41600302,Derrick Williams,1610612739,CLE,F,26.0,1,1,1.0,0.0,2.0,0.0,0.405,-0.405,Derrick Williams,1610612739.0,CLE,F,26.0,1.0,1.0,0.5,0.0,1.0,0.0,0.327,-0.327,Derrick Williams,1610612739.0,CLE,F,26.0,1.0,1.0,0.5,0.0,1.0,0.0,0.447,-0.447,,,,,,,,,,,,,,Derrick Williams,1610612739.0,CLE,F,26.0,1.0,1.0,0.5,0.0,1.0,0.0,0.484,-0.484,Derrick Williams,1610612739.0,CLE,F,26.0,1.0,1.0,0.5,0.0,1.0,0.0,0.34,-0.34,Derrick Williams,1610612739,CLE,26.0,1,9.5,1.0,1.0,0.0,0.0,0.0,0.0,0.0,0.0,0.0,2.0,0.0,0.0,0.0,0.0,0.0,0.0,0.0,0.0,0.0,0.0,0.0,Derrick Williams,1610612739,CLE,1,1,0,9.5,15.0,0.0,0.0,0.0,0.0,0.0,0.0,0.0,0.0,0.0,0.0,0.0,0.0,0.0,0.0,0.0,0.0,0.0,Derrick Williams,1610612739,CLE,1,1,0,9.5,9.5,3506.0,0.66,0.36,0.3,4.42,4.37,4.49,2016_17
101114,Deron Williams,Deron,1610612739,CLE,33.0,1,1,0,1.0,16.633333333333333,2,4,0.5,0,2,0.0,0,0,0.0,0,3,3,6,0,2,0,0,2,0,4,20,22.6,0,0,17.0,1,1,1,1,14,13,17,8,14,11,14,13,13,13,14,8,12,3,20,2,7,1,17,16,17,5,7,2,1,9,3,0.182,2.0,4.0,126.0,13,67.3,4,103.89,6,0.5,127.8,8,55.6,24,3,36,4,6,72.2,3,0.136,1,103.89,72.2,0.079,0.103,60.0,55.6,15,108.45,15,13,13,0.0,1,86.57,4,0.4,0.0,1,15,0.0,127.8,25,0.101,3,14,6,2,0.5,8,0.0,17,58.7,9,0.0,0.0,1.0,1.0,0.0,1.0,0.0,1.0,0.0,2.0,1.0,0.0,1.0,0.0,0.0,0.0,0.0,0.0,0.0,0.0,0.0,0.0,0.0,0.0,,0.0,0.0,1.0,0.0,0.0,1.0,,0.0,0.0,1.0,1.0,0.0,0.0,CLE,0.0,1.0,1.0,0.0,0.0,2.0,0.0,0.0,,0.0,0.0,0.0,0.0,2017,20170519,35.0,0.171,29.0,0.0,15.0,11.0,0.171,0.0,6.0,0.0,0.0,0.0,3.0,0.667,0.0,0.333,0.0,0.0,0.0,0.0,2.0,0.0,0.0,0.0,1.0,0.0,40.0,0.0,14.0,0.0,4.0,0.0,0.0,3.73,0.0,3.88,0.0,2.6,0.1,0.375,0.0,0.0,0.0,1.0,0.0,2.0,0.0,0.429,9.9,9.9,0.0,0.6,2.0,3.0,0.0,0.0,0.0,7.0,0.0,0.5,0.0,3.0,8.0,,,,,,,,,,,,,,,,,,,,,,,,,,,,,,0.25,0.0,1.0,1.0,1.0,1.0,0.0,1.0,,1.0,1.0,0.0,0.25,1.0,0.333,2.0,0.333,1.0,0.0,0.25,0.5,1.0,0.75,0.0,3.0,1.0,0.0,1.0,0.0,,2.0,1.0,1.0,1.0,0.5,0.0,0.0,0.0,0.0,0.0,0.0,0.0,0.0,0.123,13.0,0.57,0.692,9.0,G,0.295,2.0,0.0,0.0,2.0,0.0,0.0,,,BOS,CLE,1610612738,CLE_BOS_2017,41600302,Deron Williams,1610612739,CLE,G,33.0,1,1,1.0,2.0,6.0,0.333,0.412,-0.079,Deron Williams,1610612739.0,CLE,G,33.0,1.0,1.0,0.333,2.0,2.0,1.0,0.327,0.673,Deron Williams,1610612739.0,CLE,G,33.0,1.0,1.0,0.667,0.0,4.0,0.0,0.495,-0.495,Deron Williams,1610612739.0,CLE,G,33.0,1.0,1.0,0.167,0.0,1.0,0.0,0.621,-0.621,Deron Williams,1610612739.0,CLE,G,33.0,1.0,1.0,0.333,0.0,2.0,0.0,0.553,-0.553,Deron Williams,1610612739.0,CLE,G,33.0,1.0,1.0,0.667,2.0,4.0,0.5,0.35,0.15,Deron Williams,1610612739,CLE,33.0,1,16.6,3.0,3.0,0.0,2.0,0.0,1.0,2.0,0.0,0.0,3.0,0.0,0.0,0.0,0.0,0.0,0.0,0.0,0.0,0.0,0.0,0.0,Deron Williams,1610612739,CLE,1,1,0,16.6,40.0,0.0,0.0,0.0,0.0,0.0,0.0,0.0,0.0,0.0,0.0,0.0,0.0,0.0,0.0,0.0,0.0,0.0,Deron Williams,1610612739,CLE,1,1,0,16.63,16.63,6153.0,1.17,0.62,0.55,4.36,4.57,3.48,2016_17
2563,Dahntay Jones,Dahntay,1610612739,CLE,36.0,1,1,0,1.0,5.8,0,2,0.0,0,0,0.0,0,0,0.0,0,2,2,1,0,0,0,0,0,0,0,3,3.9,0,0,3.0,1,1,1,1,26,22,23,22,14,22,14,13,13,13,14,13,16,12,20,11,7,1,1,16,24,11,24,2,1,24,12,0.034,0.0,2.0,134.7,2,104.5,9,103.45,9,0.0,123.1,9,14.7,21,10,13,9,10,108.3,12,0.4,1,103.45,108.3,0.182,0.143,33.3,14.7,15,100.63,22,22,3,0.0,5,86.21,21,0.167,0.0,1,24,0.0,123.1,19,0.155,12,14,10,15,0.0,9,0.0,23,30.2,7,,,0.0,0.0,0.0,1.0,1.0,0.0,0.0,0.0,0.0,0.0,0.0,0.0,,0.0,0.0,,0.0,0.0,0.0,0.0,,,,,0.0,0.0,0.0,,0.0,,0.0,,0.0,2.0,0.0,,CLE,,0.0,0.0,,,0.0,,0.0,,0.0,,0.0,0.0,2017,20170519,5.0,0.2,5.0,0.0,2.0,1.0,0.2,0.0,1.0,0.0,0.0,0.0,0.0,0.0,0.0,0.0,0.0,0.0,0.0,0.0,0.0,0.0,0.0,0.0,0.0,0.0,8.0,0.0,5.0,0.0,0.0,0.0,0.0,1.0,0.0,4.82,2.0,0.6,0.0,0.667,0.0,0.0,0.0,1.0,0.5,0.0,0.5,1.0,5.1,5.1,1.0,1.0,0.0,1.0,1.0,0.0,0.0,2.0,0.0,0.667,0.0,1.0,3.0,0.5,0.0,0.0,0.0,0.0,0.0,CLE,1.0,,0.0,0.0,1.0,1610612739.0,1.0,0.5,0.0,1.0,0.5,0.0,0.5,1.0,0.0,0.0,,0.0,0.0,0.0,0.0,0.0,,,,,,,,,,,,,,,,,,,,,,,,,,,,0.0,,,0.0,,0.0,,0.0,0.0,0.0,0.0,0.0,0.0,0.0,0.0,0.0,,,,,,,,0.0,,,,0.0,,,,BOS,CLE,1610612738,CLE_BOS_2017,41600302,Dahntay Jones,1610612739,CLE,G-F,36.0,1,1,1.0,0.0,2.0,0.0,0.415,-0.415,Dahntay Jones,1610612739.0,CLE,G-F,36.0,1.0,1.0,1.0,0.0,2.0,0.0,0.325,-0.325,,,,,,,,,,,,,,,,,,,,,,,,,,,,,,,,,,,,,,,,Dahntay Jones,1610612739.0,CLE,G-F,36.0,1.0,1.0,1.0,0.0,2.0,0.0,0.319,-0.319,Dahntay Jones,1610612739,CLE,36.0,1,5.8,0.0,0.0,0.0,0.0,0.0,1.0,3.0,0.0,0.0,0.0,0.0,0.0,0.0,0.0,0.0,0.0,0.0,0.0,0.0,0.0,0.0,Dahntay Jones,1610612739,CLE,1,1,0,5.8,8.0,2.0,0.0,1.0,0.0,0.0,0.0,0.0,0.0,0.0,1.0,0.5,0.0,0.0,0.0,0.0,0.0,0.0,Dahntay Jones,1610612739,CLE,1,1,0,5.8,5.8,1883.0,0.36,0.18,0.18,4.14,3.53,4.98,2016_17
101112,Channing Frye,Channing,1610612739,CLE,34.0,1,1,0,1.0,13.783333333333331,3,6,0.5,1,2,0.5,0,0,0.0,0,1,1,3,1,0,0,0,2,0,7,-2,11.7,0,0,12.0,1,1,1,1,18,9,9,8,10,11,5,13,13,13,14,16,19,5,8,11,7,1,17,16,12,13,16,2,1,14,14,0.088,3.0,6.0,107.8,17,102.5,2,104.47,12,0.583,103.3,13,-6.7,8,4,30,2,13,110.0,14,0.067,13,104.47,110.0,0.034,0.219,30.0,-6.7,3,106.15,12,9,22,10.0,7,87.06,11,0.333,0.0,13,12,3.0,103.3,6,0.228,11,14,13,6,0.583,13,10.0,9,5.3,11,,0.0,1.0,1.0,1.0,1.0,0.0,3.0,0.0,1.0,0.333,1.0,1.0,1.0,,1.0,1.0,,0.0,0.0,0.0,1.0,0.0,0.0,,0.0,0.5,0.0,2.0,,0.0,,0.0,0.0,1.0,1.0,4.0,0.0,CLE,0.0,1.0,0.0,,0.0,1.0,0.0,0.0,,0.0,,0.0,0.0,2017,20170519,17.0,0.176,19.0,0.0,8.0,3.0,0.176,0.0,3.0,0.0,0.0,0.0,0.0,0.0,0.0,0.0,0.0,0.0,0.0,0.0,0.0,0.0,0.0,0.0,0.0,0.0,25.0,0.0,19.0,1.0,7.0,1.0,2.0,0.32,0.0,1.27,0.0,0.5,0.28,0.2,0.0,0.0,0.0,2.0,0.0,1.0,0.0,0.333,7.6,7.6,0.0,0.333,0.0,1.0,0.0,0.0,1.0,3.0,0.0,0.25,0.0,1.0,5.0,,,,,,,,,,,,,,,,,1.0,0.167,1.0,0.167,1.0,1.0,0.0,,1.0,0.0,1.0,0.0,1.0,0.5,1.0,3.0,1.0,0.833,2.0,0.167,0.667,1.0,0.5,2.0,1.0,0.333,1.0,0.0,1.0,0.0,0.0,0.0,0.167,0.167,0.0,0.333,0.0,2.0,0.0,0.0,0.0,0.0,,0.0,,0.0,,0.583,0.4,0.0,0.0,0.0,1.0,0.0,2.0,5.0,0.071,33.0,0.626,0.697,23.0,F,0.379,5.0,1.0,0.5,2.0,2.0,0.5,,,BOS,CLE,1610612738,CLE_BOS_2017,41600302,Channing Frye,1610612739,CLE,F,34.0,1,1,1.0,4.0,10.0,0.4,0.462,-0.062,Channing Frye,1610612739.0,CLE,F,34.0,1.0,1.0,0.2,0.0,2.0,0.0,0.354,-0.354,Channing Frye,1610612739.0,CLE,F,34.0,1.0,1.0,0.8,4.0,8.0,0.5,0.506,-0.006,Channing Frye,1610612739.0,CLE,F,34.0,1.0,1.0,0.4,2.0,4.0,0.5,0.614,-0.114,Channing Frye,1610612739.0,CLE,F,34.0,1.0,1.0,0.5,3.0,5.0,0.6,0.586,0.014,Channing Frye,1610612739.0,CLE,F,34.0,1.0,1.0,0.5,1.0,5.0,0.2,0.336,-0.136,Channing Frye,1610612739,CLE,34.0,1,13.8,7.0,5.0,2.0,0.0,0.0,2.0,6.0,0.0,0.0,0.0,0.0,0.0,0.0,0.0,0.0,0.0,0.0,0.0,0.0,0.0,0.0,Channing Frye,1610612739,CLE,1,1,0,13.8,25.0,0.0,0.0,0.0,0.0,0.0,0.0,0.0,0.0,0.0,0.0,0.0,0.0,0.0,0.0,0.0,0.0,0.0,Channing Frye,1610612739,CLE,1,1,0,13.78,13.78,4445.0,0.84,0.44,0.4,3.49,3.34,3.63,2016_17
