PLAYER_ID,PLAYER_NAME,NICKNAME,TEAM_ID,TEAM_ABBREVIATION,AGE,GP,W,L,W_PCT,MIN,FGM,FGA,FG_PCT,FG3M,FG3A,FG3_PCT,FTM,FTA,FT_PCT,OREB,DREB,REB,AST,TOV,STL,BLK,BLKA,PF,PFD,PTS,PLUS_MINUS,NBA_FANTASY_PTS,DD2,TD3,WNBA_FANTASY_PTS,GP_RANK,W_RANK,L_RANK,W_PCT_RANK,MIN_RANK,FGM_RANK,FGA_RANK,FG_PCT_RANK,FG3M_RANK,FG3A_RANK,FG3_PCT_RANK,FTM_RANK,FTA_RANK,FT_PCT_RANK,OREB_RANK,DREB_RANK,REB_RANK,AST_RANK,TOV_RANK,STL_RANK,BLK_RANK,BLKA_RANK,PF_RANK,PFD_RANK,PTS_RANK,PLUS_MINUS_RANK,NBA_FANTASY_PTS_RANK,DD2_RANK,TD3_RANK,WNBA_FANTASY_PTS_RANK,TEAM_COUNT,E_TOV_PCT,DEF_RATING,FGM_PG,OFF_RATING,FGA_PG_RANK,TM_TOV_PCT_RANK,FGM_PG_RANK,AST_RATIO_RANK,E_PACE_RANK,TM_TOV_PCT,sp_work_OFF_RATING,REB_PCT,DREB_PCT,sp_work_NET_RATING,E_DEF_RATING,sp_work_NET_RATING_RANK,NET_RATING_RANK,OREB_PCT,E_TOV_PCT_RANK,POSS,PIE_RANK,sp_work_DEF_RATING_RANK,E_NET_RATING,E_USG_PCT,AST_PCT_RANK,AST_TO_RANK,DEF_RATING_RANK,PACE_PER40,E_OFF_RATING,sp_work_OFF_RATING_RANK,E_PACE,PIE,sp_work_PACE,E_NET_RATING_RANK,E_DEF_RATING_RANK,REB_PCT_RANK,sp_work_DEF_RATING,E_USG_PCT_RANK,EFG_PCT,EFG_PCT_RANK,PACE,AST_PCT,USG_PCT_RANK,E_OFF_RATING_RANK,TS_PCT,AST_RATIO,OFF_RATING_RANK,TS_PCT_RANK,OREB_PCT_RANK,NET_RATING,DREB_PCT_RANK,FGA_PG,PACE_RANK,AST_TO,sp_work_PACE_RANK,USG_PCT,AST_TO_PASS_PCT,AST_TO_PASS_PCT_ADJ,FT_AST,AST_PTS_CREATED,POTENTIAL_AST,PASSES_MADE,AST_ADJ,PASSES_RECEIVED,SECONDARY_AST,DRIVE_FGA,DRIVE_TOV_PCT,DRIVE_PF,DRIVE_FT_PCT,DRIVE_FTA,DRIVE_PTS,DRIVE_PTS_PCT,DRIVE_AST,DRIVE_PASSES,DRIVE_PF_PCT,DRIVE_FGM,DRIVE_PASSES_PCT,DRIVE_FTM,DRIVE_TOV,DRIVES,DRIVE_AST_PCT,DRIVE_FG_PCT,PTS_PER_ELBOW_TOUCH,TIME_OF_POSS,PTS_PER_PAINT_TOUCH,FRONT_CT_TOUCHES,PTS_PER_POST_TOUCH,TOUCHES,POINTS,ELBOW_TOUCHES,AVG_DRIB_PER_TOUCH,PAINT_TOUCHES,AVG_SEC_PER_TOUCH,PTS_PER_TOUCH,POST_TOUCHES,DREB_CONTEST_PCT,DREB_CHANCE_PCT,OREB_CONTEST_PCT,OREB_UNCONTEST,OREB_CHANCE_DEFER,AVG_OREB_DIST,OREB_CHANCE_PCT,DREB_CONTEST,OREB_CHANCE_PCT_ADJ,DREB_UNCONTEST,REB_CHANCE_DEFER,REB_CHANCE_PCT,REB_CONTEST,OREB_CONTEST,DREB_CHANCE_PCT_ADJ,REB_CHANCE_PCT_ADJ,DREB_CHANCES,REB_CHANCES,REB_UNCONTEST,REB_CONTEST_PCT,AVG_DREB_DIST,OREB_CHANCES,AVG_REB_DIST,DREB_CHANCE_DEFER,very_tight_FG2A,very_tight_FGA_FREQUENCY,very_tight_FGM,very_tight_FG3_PCT,very_tight_FG3A_FREQUENCY,very_tight_EFG_PCT,very_tight_FG3M,very_tight_FG2M,very_tight_FG2A_FREQUENCY,very_tight_FG_PCT,very_tight_FGA,G,very_tight_FG2_PCT,PLAYER_LAST_TEAM_ABBREVIATION,very_tight_FG3A,tight_FG3A_FREQUENCY,tight_FGA_FREQUENCY,tight_FGA,tight_FG3A,tight_FG3_PCT,tight_FGM,tight_EFG_PCT,tight_FG2A,tight_FG2M,tight_FG2A_FREQUENCY,tight_FG_PCT,tight_FG3M,tight_FG2_PCT,open_FG2_PCT,open_FGA,open_EFG_PCT,open_FG2A_FREQUENCY,open_FGA_FREQUENCY,open_FG_PCT,open_FG3A_FREQUENCY,open_FG3_PCT,open_FG3M,open_FG3A,open_FG2M,open_FGM,open_FG2A,wide_open_FGA,wide_open_FG3_PCT,wide_open_FGM,wide_open_FG3M,wide_open_FGA_FREQUENCY,wide_open_FG2_PCT,wide_open_EFG_PCT,wide_open_FG3A,wide_open_FG2M,wide_open_FG3A_FREQUENCY,wide_open_FG2A_FREQUENCY,wide_open_FG2A,wide_open_FG_PCT,PAINT_TOUCH_FG_PCT,ELBOW_TOUCH_PTS,EFF_FG_PCT,PAINT_TOUCH_PTS,POST_TOUCH_FG_PCT,ELBOW_TOUCH_FG_PCT,POST_TOUCH_PTS,CATCH_SHOOT_PTS,CATCH_SHOOT_FG_PCT,CORNER_3_FGA,ABOVE_BREAK_3_FG_PCT,RA_FGM,LEFT_CORNER_3_FG_PCT,RIGHT_CORNER_3_FG_PCT,BACKCOURT_FG_PCT,RIGHT_CORNER_3_FGA,RA_FGA,MID_FG_PCT,RA_FG_PCT,ABOVE_BREAK_3_FGA,ITP_FGM,BACKCOURT_FGM,MID_FGM,ITP_FGA,CORNER_3_FGM,BACKCOURT_FGA,CORNER_3_FG_PCT,MID_FGA,LEFT_CORNER_3_FGM,ITP_FG_PCT,ABOVE_BREAK_3_FGM,RIGHT_CORNER_3_FGM,LEFT_CORNER_3_FGA,LT_06_PCT,PLAYER_POSITION,FGM_LT_06,FREQ,PLUSMINUS,NS_LT_06_PCT,FGA_LT_06,FGA_20_24,FGM_30_34,FGP_15_19,FGA_30_34,FGA_35_39,FGM_10_14,FGP_LT_5,FGM_20_24,FGM_25_29,FGP_10_14,FGM_40_PLUS,FGP_40_PLUS,FGA_15_19,FGA_40_PLUS,FGA_10_14,FGA_25_29,FGP_35_39,FGP_5_9,TEAM_ABBR,FGM_15_19,FGM_5_9,FGA_LT_5,FGP_20_24,FGM_LT_5,FGM_35_39,FGP_30_34,FGA_5_9,FGP_25_29,CATCH_SHOOT_EFG_PCT,CATCH_SHOOT_FG3A,CATCH_SHOOT_FG3M,CATCH_SHOOT_FG3_PCT,CATCH_SHOOT_FGM,CATCH_SHOOT_FGA,PCT_PLUSMINUS,NORMAL_FG_PCT,three_pt_def_FG3A,three_pt_def_NS_FG3_PCT,three_pt_def_FREQ,three_pt_def_FG3M,three_pt_def_PLUSMINUS,three_pt_def_FG3_PCT,two_pt_def_FG2_PCT,two_pt_def_FREQ,two_pt_def_NS_FG2_PCT,two_pt_def_FG2A,two_pt_def_PLUSMINUS,two_pt_def_FG2M,less_6ft_def_LT_06_PCT,less_6ft_def_FGM_LT_06,less_6ft_def_PLUSMINUS,less_6ft_def_FREQ,less_6ft_def_FGA_LT_06,less_6ft_def_NS_LT_06_PCT,less_10ft_def_PLUSMINUS,less_10ft_def_FGA_LT_10,less_10ft_def_FREQ,less_10ft_def_FGM_LT_10,less_10ft_def_NS_LT_10_PCT,less_10ft_def_LT_10_PCT,more_15ft_def_FREQ,more_15ft_def_FGA_GT_15,more_15ft_def_GT_15_PCT,more_15ft_def_PLUSMINUS,more_15ft_def_FGM_GT_15,more_15ft_def_NS_GT_15_PCT,hustle_BOX_OUTS,hustle_CHARGES_DRAWN,hustle_PCT_BOX_OUTS_DEF,hustle_PCT_BOX_OUTS_TEAM_REB,hustle_TEAM_ABBREVIATION,hustle_PCT_LOOSE_BALLS_RECOVERED_DEF,hustle_PCT_LOOSE_BALLS_RECOVERED_OFF,hustle_CONTESTED_SHOTS,hustle_BOX_OUT_PLAYER_REBS,hustle_CONTESTED_SHOTS_2PT,hustle_DEFLECTIONS,hustle_SCREEN_ASSISTS,hustle_PCT_BOX_OUTS_REB,hustle_DEF_LOOSE_BALLS_RECOVERED,hustle_OFF_BOXOUTS,hustle_OFF_LOOSE_BALLS_RECOVERED,hustle_LOOSE_BALLS_RECOVERED,hustle_DEF_BOXOUTS,hustle_PCT_BOX_OUTS_OFF,hustle_SCREEN_AST_PTS,hustle_CONTESTED_SHOTS_3PT,hustle_BOX_OUT_PLAYER_TEAM_REBS,post_touch_POST_TOUCH_PTS_PCT,post_touch_POST_TOUCH_FG_PCT,post_touch_POST_TOUCH_FGM,post_touch_POST_TOUCH_FTM,post_touch_POST_TOUCH_FTA,post_touch_POST_TOUCH_FGA,post_touch_POST_TOUCH_AST,post_touch_TEAM_ABBREVIATION,post_touch_POST_TOUCH_PASSES,post_touch_POST_TOUCH_TOV,post_touch_POST_TOUCHES,post_touch_POST_TOUCH_TOV_PCT,post_touch_POST_TOUCH_AST_PCT,post_touch_TOUCHES,post_touch_POST_TOUCH_PASSES_PCT,post_touch_POST_TOUCH_FOULS_PCT,post_touch_POST_TOUCH_FOULS,post_touch_POST_TOUCH_FT_PCT,post_touch_POST_TOUCH_PTS,AVG_SPEED_OFF,DIST_MILES_DEF,AVG_SPEED_DEF,DIST_FEET,AVG_SPEED,DIST_MILES_OFF,DIST_MILES,MIN1,year,date,playoffs,AST_POINTS_CREATED,team_poss,pullup_PULL_UP_FGM,pullup_PULL_UP_FGA,pullup_PULL_UP_FG_PCT,pullup_PULL_UP_PTS,pullup_PULL_UP_FG3M,pullup_PULL_UP_FG3A,pullup_PULL_UP_FG3_PCT,pullup_PULL_UP_EFG_PCT,overall_def_D_FGM,overall_def_D_FGA,overall_def_D_FG_PCT,overall_def_NORMAL_FG_PCT,overall_def_PCT_PLUSMINUS,lt6ft_totals_FGM_LT_06,lt6ft_totals_FGA_LT_06,lt6ft_totals_LT_06_PCT,lt6ft_totals_NS_LT_06_PCT,lt6ft_totals_PLUSMINUS,GAME_ID
1630578,Alperen Sengun,Alperen,1610612745,HOU,23.0,1,1,0,1.0,32.97666666666667,9,15,0.6,0,0,0.0,3,5,0.6,2,6,8,4,4,5,1,0,5,4,21,8,50.6,0,0,45.0,1,1,1,1,18,6,12,28,71,111,71,16,10,51,16,11,12,26,4,1,14,1,131,9,13,33,2,9,1,4,1,15.9,111.9,9.0,120.3,12,116,6,81,60,16.0,120.3,0.129,0.188,8.3,113.2,49,49,0.067,117,69,36,71,6.9,0.278,49,54,71,82.48,120.0,41,98.57,0.133,98.98,53,76,22,111.9,20,0.6,51,98.98,0.174,20,41,0.61,16.0,41,58,32,8.3,30,15.0,61,1.0,61,0.273,0.08,0.1,0.0,11.0,11.0,50.0,5.0,50.0,1.0,1.0,0.2,1.0,0.0,2.0,0.0,0.0,0.0,2.0,0.2,0.0,0.4,0.0,1.0,5.0,0.0,0.0,0.364,4.4,0.667,45.0,1.083,72.0,21.0,11.0,2.38,6.0,3.66,0.292,12.0,0.0,0.5,1.0,0.0,0.0,13.9,0.4,0.0,0.4,6.0,2.0,0.5,2.0,2.0,0.6,0.571,12.0,16.0,6.0,0.25,4.5,5.0,6.8,2.0,3.0,0.2,1.0,,0.0,0.333,0.0,1.0,0.2,0.333,3.0,1.0,0.333,HOU,0.0,0.0,0.533,8.0,0.0,,4.0,0.5,8.0,4.0,0.533,0.5,0.0,0.5,1.0,4.0,1.0,0.267,0.267,1.0,0.0,,0.0,0.0,4.0,4.0,4.0,,,,,,,,,,,,,,0.667,4.0,0.6,4.0,0.556,0.667,13.0,4.0,1.0,0.0,0.0,2.0,0.0,0.0,0.0,0.0,4.0,0.5,0.5,0.0,6.0,0.0,1.0,9.0,0.0,0.0,0.0,2.0,0.0,0.667,0.0,0.0,0.0,0.597,C,135.0,0.39,-0.051,0.648,226.0,0.0,0.0,0.0,0.0,0.0,2.0,0.333,0.0,0.0,0.5,0.0,0.0,0.0,0.0,4.0,0.0,0.0,1.0,HOU,0.0,5.0,6.0,0.0,2.0,0.0,0.0,5.0,0.0,1.0,,,,2,2,0.177,0.529,3.0,0.358,0.176,2.0,0.308,0.667,0.714,0.824,0.575,14.0,0.139,10.0,0.778,7.0,0.154,0.529,9.0,0.624,0.145,12.0,0.706,9.0,0.605,0.75,0.176,3.0,0.667,0.306,2.0,0.361,2.0,0.0,0.5,1.0,HOU,0.0,0.0,10.0,1.0,9.0,5.0,4.0,0.5,0.0,1.0,0.0,0.0,1.0,0.5,10.0,1.0,2.0,1.083,0.556,5.0,2.0,2.0,9.0,0.0,HOU,2.0,0.0,12.0,0.0,0.0,72.0,0.167,0.083,1.0,1.0,13.0,3.95,1.0,3.96,12398.0,3.96,1.3,2.3,33.0,2026,20260118,False,,99.0,3,5,0.6,6,,,,0.6,12.0,17.0,0.706,0.531,0.175,7.0,9.0,0.778,0.64,0.138,22500604
1641708,Amen Thompson,Amen,1610612745,HOU,22.0,1,1,0,1.0,40.083333333333336,10,14,0.714,0,1,0.0,0,0,0.0,2,6,8,6,2,1,1,0,0,0,20,21,42.6,0,0,38.0,1,1,1,1,2,2,19,13,71,91,71,66,69,66,16,11,12,14,16,22,14,1,1,91,17,7,10,9,1,15,1,9.1,109.8,10.0,133.7,19,80,2,35,71,9.1,133.7,0.1,0.143,24.0,111.3,29,29,0.053,81,83,27,65,24.6,0.167,44,15,65,82.33,135.9,12,97.31,0.144,98.79,26,69,41,109.8,79,0.714,26,98.79,0.194,79,8,0.714,27.3,12,27,44,24.0,49,14.0,65,3.0,65,0.163,0.1,0.1,0.0,17.0,11.0,60.0,6.0,61.0,0.0,4.0,0.125,0.0,0.0,0.0,6.0,0.375,3.0,10.0,0.0,3.0,0.625,0.0,2.0,16.0,0.188,0.75,1.333,7.4,2.0,23.0,0.0,77.0,20.0,3.0,4.77,3.0,5.75,0.26,0.0,0.333,0.75,0.5,1.0,0.0,9.7,0.4,2.0,0.4,4.0,0.0,0.667,3.0,1.0,0.75,0.667,8.0,12.0,5.0,0.375,13.0,5.0,12.2,0.0,2.0,0.143,2.0,,0.0,1.0,0.0,2.0,0.143,1.0,2.0,1.0,1.0,HOU,0.0,0.0,0.571,8.0,0.0,,6.0,0.75,8.0,6.0,0.571,0.75,0.0,0.75,0.667,3.0,0.667,0.214,0.214,0.667,0.0,,0.0,0.0,2.0,2.0,3.0,1.0,0.0,0.0,0.0,0.071,,0.0,1.0,0.0,0.071,0.0,0.0,0.0,1.0,4.0,0.714,6.0,0.0,1.0,0.0,0.0,0.0,1.0,0.0,7.0,0.0,0.0,0.0,1.0,7.0,0.333,1.0,0.0,2.0,0.0,1.0,3.0,0.0,0.0,0.0,3.0,0.0,0.667,0.0,0.0,0.0,0.627,G-F,79.0,0.317,0.006,0.621,126.0,1.0,0.0,0.5,0.0,0.0,0.0,1.0,0.0,0.0,0.0,0.0,0.0,2.0,0.0,1.0,0.0,0.0,0.5,HOU,1.0,1.0,8.0,0.0,8.0,0.0,0.0,2.0,0.0,0.0,1.0,0.0,0.0,0,2,-0.315,0.458,4.0,0.353,0.571,0.0,-0.353,0.0,0.333,0.429,0.529,3.0,-0.196,1.0,1.0,1.0,0.387,0.143,1.0,0.613,-0.088,2.0,0.286,1.0,0.588,0.5,0.714,5.0,0.0,-0.353,0.0,0.353,1.0,0.0,1.0,1.0,HOU,0.0,1.0,2.0,1.0,2.0,4.0,1.0,1.0,0.0,0.0,1.0,1.0,1.0,0.0,3.0,0.0,1.0,0.0,0.0,0.0,0.0,0.0,0.0,0.0,HOU,0.0,0.0,0.0,0.0,0.0,77.0,0.0,0.0,0.0,0.0,0.0,4.25,1.3,4.15,15649.0,4.21,1.7,3.0,40.1,2026,20260118,False,,99.0,2,3,0.667,4,0.0,0.0,,0.667,1.0,7.0,0.143,0.451,-0.308,1.0,1.0,1.0,0.579,0.421,22500604
1642852,Derik Queen,Derik,1610612740,NOP,21.0,1,0,1,0.0,26.65,7,12,0.583,1,3,0.333,0,0,0.0,0,4,4,5,3,1,0,0,0,0,15,-33,27.3,0,0,27.0,1,70,70,70,42,19,27,36,37,53,45,66,69,66,76,31,47,20,8,22,45,1,1,91,34,134,36,9,1,34,1,15.0,150.9,7.0,94.3,27,114,19,39,74,15.0,94.3,0.082,0.182,-56.6,147.8,131,131,0.0,114,53,38,133,-50.7,0.27,14,47,133,81.05,97.0,104,96.97,0.128,97.26,130,131,67,150.9,26,0.625,44,97.26,0.357,25,104,0.625,25.0,104,50,76,-56.6,36,12.0,81,1.67,81,0.263,0.139,0.167,1.0,12.0,5.0,36.0,6.0,28.0,0.0,3.0,0.2,0.0,0.0,0.0,6.0,1.2,1.0,1.0,0.0,3.0,0.2,0.0,1.0,5.0,0.2,1.0,1.0,2.1,0.0,21.0,0.0,51.0,15.0,2.0,1.49,1.0,2.42,0.294,1.0,0.75,0.667,0.0,0.0,0.0,0.0,0.0,3.0,0.0,1.0,1.0,0.667,3.0,0.0,0.8,0.8,6.0,6.0,1.0,0.75,4.5,0.0,4.5,1.0,1.0,0.083,0.0,,0.0,0.0,0.0,0.0,0.083,0.0,1.0,1.0,0.0,NOP,0.0,0.0,0.25,3.0,0.0,,3.0,1.0,3.0,3.0,0.25,1.0,0.0,1.0,0.6,5.0,0.6,0.417,0.417,0.6,0.0,,0.0,0.0,3.0,3.0,5.0,3.0,0.333,1.0,1.0,0.25,,0.5,3.0,0.0,0.25,0.0,0.0,0.333,0.0,2.0,0.625,0.0,0.0,0.5,0.0,3.0,0.25,1.0,0.0,3.0,0.0,1.0,0.0,1.0,4.0,0.5,0.75,2.0,2.0,0.0,1.0,3.0,1.0,0.0,1.0,2.0,0.0,0.667,0.0,1.0,0.0,0.605,C,188.0,0.447,-0.052,0.657,311.0,1.0,,0.5,,,0.0,0.8,1.0,0.0,0.0,0.0,0.0,2.0,0.0,0.0,2.0,,0.5,NOP,1.0,1.0,5.0,1.0,4.0,,,2.0,0.0,0.375,3.0,1.0,0.333,1,4,0.14,0.475,3.0,0.347,0.231,1.0,-0.014,0.333,0.7,0.769,0.531,10.0,0.169,7.0,0.625,5.0,0.023,0.615,8.0,0.602,0.057,8.0,0.615,5.0,0.568,0.625,0.308,4.0,0.5,0.155,2.0,0.346,0.0,0.0,0.0,0.0,NOP,0.0,1.0,7.0,0.0,6.0,1.0,0.0,0.0,0.0,0.0,1.0,1.0,0.0,0.0,0.0,1.0,0.0,0.0,0.0,0.0,0.0,0.0,0.0,0.0,NOP,1.0,0.0,1.0,0.0,0.0,51.0,1.0,0.0,0.0,0.0,0.0,4.54,0.9,3.38,9345.0,3.87,0.9,1.8,26.7,2026,20260118,False,,99.0,1,2,0.5,2,0.0,0.0,,0.5,8.0,13.0,0.615,0.481,0.134,5.0,8.0,0.625,0.592,0.033,22500604
1627827,Dorian Finney-Smith,Dorian,1610612745,HOU,32.0,1,1,0,1.0,15.883333333333333,3,5,0.6,1,2,0.5,1,1,1.0,1,2,3,0,1,0,0,0,1,1,8,6,10.6,0,0,12.0,1,1,1,1,102,66,83,28,37,63,16,45,57,1,31,66,62,104,39,57,45,1,35,59,70,39,95,9,1,87,1,15.5,112.1,3.0,138.7,83,117,66,104,96,16.7,138.7,0.107,0.125,26.6,116.5,24,24,0.083,116,31,71,72,26.5,0.184,104,73,72,80.59,143.0,10,93.44,0.085,96.71,21,82,36,112.1,73,0.7,30,96.71,0.0,75,2,0.735,0.0,10,26,20,26.6,65,5.0,86,0.0,86,0.167,0.0,0.0,0.0,0.0,1.0,15.0,0.0,13.0,0.0,1.0,0.0,0.0,0.0,0.0,3.0,3.0,0.0,0.0,0.0,1.0,0.0,0.0,0.0,1.0,0.0,1.0,0.0,0.4,1.0,11.0,0.0,21.0,8.0,0.0,0.19,2.0,1.21,0.381,0.0,0.5,0.667,1.0,0.0,0.0,0.3,1.0,1.0,1.0,1.0,0.0,0.75,2.0,1.0,0.667,0.75,3.0,4.0,1.0,0.667,5.6,1.0,3.8,0.0,,,,,,,,,,,,,,,,0.0,0.4,2.0,0.0,,2.0,1.0,2.0,2.0,0.4,1.0,0.0,1.0,0.0,1.0,0.0,0.2,0.2,0.0,0.0,,0.0,0.0,0.0,0.0,1.0,2.0,0.5,1.0,1.0,0.4,,0.75,2.0,0.0,0.4,0.0,0.0,0.5,0.5,0.0,0.7,2.0,0.0,0.0,0.0,3.0,0.5,0.0,0.5,2.0,,0.0,0.0,0.0,2.0,0.0,1.0,2.0,0.0,0.0,0.0,1.0,0.0,0.0,0.0,0.0,,0.0,1.0,0.0,,0.706,F,12.0,0.283,0.078,0.628,17.0,0.0,,0.0,,0.0,0.0,0.667,0.0,1.0,0.0,0.0,0.0,0.0,0.0,0.0,2.0,0.0,0.0,HOU,0.0,0.0,3.0,0.0,2.0,0.0,,0.0,0.5,0.75,2.0,1.0,0.5,1,2,0.247,0.467,1.0,0.242,0.143,0.0,-0.242,0.0,0.833,0.857,0.516,6.0,0.317,5.0,0.667,2.0,0.069,0.429,3.0,0.598,0.216,5.0,0.714,4.0,0.584,0.8,0.286,2.0,0.5,0.222,1.0,0.278,0.0,0.0,0.0,0.0,HOU,0.0,0.0,2.0,0.0,2.0,1.0,2.0,0.0,0.0,0.0,0.0,0.0,0.0,0.0,5.0,0.0,0.0,0.0,0.0,0.0,0.0,0.0,0.0,0.0,HOU,0.0,0.0,0.0,0.0,0.0,21.0,0.0,0.0,0.0,0.0,0.0,4.14,0.5,3.71,5790.0,3.93,0.6,1.1,15.9,2026,20260118,False,,99.0,0,0,,0,0.0,0.0,,,5.0,7.0,0.714,0.468,0.247,2.0,3.0,0.667,0.6,0.067,22500604
1631120,JD Davison,JD,1610612745,HOU,23.0,1,1,0,1.0,4.1433333333333335,0,2,0.0,0,2,0.0,0,0,0.0,0,0,0,0,0,1,0,0,0,0,0,-3,3.0,0,0,2.0,1,1,1,1,122,117,113,117,71,63,71,66,69,66,76,113,118,104,86,22,45,1,1,91,118,77,118,9,1,120,1,0.0,111.1,0.0,77.8,113,1,117,104,65,0.0,77.8,0.0,0.0,-33.3,101.2,115,115,0.0,1,9,131,69,-1.2,0.2,104,73,69,86.89,100.0,122,97.78,-0.061,104.26,63,33,118,111.1,63,0.0,117,104.26,0.0,75,99,0.0,0.0,122,118,76,-33.3,113,2.0,19,0.0,19,0.167,0.0,0.0,0.0,0.0,0.0,5.0,0.0,6.0,0.0,0.0,0.0,0.0,0.0,0.0,0.0,0.0,0.0,0.0,0.0,0.0,0.0,0.0,0.0,0.0,0.0,0.0,0.0,0.5,0.0,2.0,0.0,7.0,0.0,0.0,4.29,0.0,4.13,0.0,0.0,,,,,,,,,,,,,,,,,,,,,,,,,,,,,,,,,,,,,,,,,,,,,,,,,,,,,,,,,,,,,,,,,,2.0,0.0,0.0,0.0,1.0,,0.0,2.0,0.0,1.0,0.0,0.0,0.0,0.0,0.0,0.0,0.0,0.0,0.0,0.0,0.0,0.0,1.0,0.0,0.0,0.0,0.0,,1.0,0.0,0.0,0.0,1.0,0.0,,0.0,0.0,0.0,,0.0,0.0,0.0,0.0,0.0,0.0,0.0,0.625,G,15.0,0.421,-0.025,0.65,24.0,1.0,,0.0,,,0.0,0.0,0.0,0.0,0.0,,,0.0,,0.0,1.0,,0.0,HOU,0.0,0.0,0.0,0.0,0.0,,,0.0,0.0,0.0,2.0,0.0,0.0,0,2,,,,,,,,,,,,,,,,,,,,,,,,,,,,,,,,,0.0,0.0,0.0,0.0,HOU,0.0,0.0,0.0,0.0,0.0,1.0,0.0,0.0,0.0,0.0,0.0,0.0,0.0,0.0,0.0,0.0,0.0,0.0,0.0,0.0,0.0,0.0,0.0,0.0,HOU,0.0,0.0,0.0,0.0,0.0,7.0,0.0,0.0,0.0,0.0,0.0,4.55,0.1,3.55,1799.0,4.16,0.2,0.3,4.2,2026,20260118,False,,99.0,0,0,,0,0.0,0.0,,,,,,,,,,,,,22500604
1631095,Jabari Smith Jr.,Jabari,1610612745,HOU,22.0,1,1,0,1.0,41.28666666666667,11,21,0.524,7,13,0.538,3,4,0.75,3,5,8,0,1,0,1,1,1,3,32,17,43.6,0,0,49.0,1,1,1,1,1,1,2,50,1,1,15,16,13,40,6,16,12,104,39,57,14,90,35,16,1,14,8,9,1,2,1,4.2,105.9,11.0,127.4,2,51,1,104,77,4.2,127.4,0.103,0.132,21.5,109.4,33,33,0.075,51,84,35,51,18.1,0.243,104,73,51,81.87,127.5,22,96.61,0.134,98.24,35,64,39,105.9,37,0.69,33,98.24,0.0,32,21,0.703,0.0,22,33,29,21.5,60,21.0,72,0.0,72,0.242,0.0,0.023,0.0,0.0,2.0,43.0,1.0,41.0,1.0,1.0,0.0,0.0,0.0,0.0,0.0,0.0,0.0,1.0,0.0,0.0,0.5,0.0,0.0,2.0,0.0,0.0,0.5,2.5,1.0,37.0,0.667,71.0,32.0,2.0,1.17,6.0,2.1,0.451,3.0,0.4,0.625,1.0,0.0,0.0,4.1,0.429,2.0,0.429,3.0,1.0,0.533,5.0,3.0,0.714,0.571,8.0,15.0,3.0,0.625,3.1,7.0,3.5,1.0,1.0,0.048,1.0,,0.0,1.0,0.0,1.0,0.048,1.0,1.0,1.0,1.0,HOU,0.0,0.048,0.19,4.0,1.0,0.0,0.0,0.0,3.0,0.0,0.143,0.0,0.0,0.0,0.667,13.0,0.846,0.143,0.619,0.615,0.476,0.6,6.0,10.0,2.0,8.0,3.0,3.0,0.5,2.0,1.0,0.143,1.0,0.833,2.0,1.0,0.095,0.048,1.0,0.667,0.75,1.0,0.69,6.0,0.0,0.0,2.0,17.0,0.545,5.0,0.625,2.0,0.333,0.5,0.0,2.0,2.0,0.5,1.0,8.0,1.0,0.0,1.0,4.0,2.0,0.0,0.4,2.0,1.0,0.25,5.0,1.0,3.0,0.566,F,98.0,0.354,-0.059,0.626,173.0,5.0,0.0,0.0,0.0,0.0,1.0,0.667,2.0,5.0,0.5,0.0,0.0,1.0,0.0,2.0,8.0,0.0,0.5,HOU,0.0,1.0,3.0,0.4,2.0,0.0,0.0,2.0,0.625,0.773,10.0,5.0,0.5,6,11,0.025,0.505,4.0,0.346,0.235,2.0,0.154,0.5,0.538,0.765,0.554,13.0,-0.016,7.0,0.667,6.0,0.057,0.529,9.0,0.609,0.125,10.0,0.588,7.0,0.575,0.7,0.235,4.0,0.5,0.152,2.0,0.349,1.0,0.0,0.0,1.0,HOU,0.0,0.0,7.0,1.0,5.0,2.0,0.0,1.0,0.0,1.0,0.0,0.0,0.0,1.0,0.0,2.0,1.0,0.667,0.0,0.0,2.0,2.0,1.0,0.0,HOU,0.0,0.0,3.0,0.0,0.0,71.0,0.0,0.333,1.0,1.0,2.0,4.18,1.3,4.08,15840.0,4.13,1.7,3.0,41.3,2026,20260118,False,,99.0,2,5,0.4,6,2.0,3.0,0.667,0.6,9.0,17.0,0.529,0.5,0.029,6.0,9.0,0.667,0.617,0.05,22500604
1630256,Jae'Sean Tate,Jae'Sean,1610612745,HOU,30.0,1,1,0,1.0,7.636666666666667,0,0,0.0,0,0,0.0,0,0,0.0,0,0,0,0,0,0,0,0,0,0,0,-2,0.0,0,0,0.0,1,1,1,1,116,117,129,117,71,111,71,66,69,66,76,113,118,104,86,57,45,1,1,91,118,73,130,9,1,130,1,0.0,123.5,0.0,126.7,129,1,117,104,120,0.0,126.7,0.0,0.0,3.1,137.1,58,58,0.0,1,15,115,95,11.8,0.0,104,73,95,83.81,148.9,23,88.25,0.0,100.57,48,124,118,123.5,129,0.0,117,100.57,0.0,129,1,0.0,0.0,23,118,76,3.1,113,0.0,51,0.0,51,0.0,0.0,0.0,0.0,0.0,0.0,6.0,0.0,6.0,0.0,0.0,0.0,0.0,0.0,0.0,0.0,0.0,0.0,0.0,0.0,0.0,0.0,0.0,0.0,0.0,0.0,0.0,0.0,0.2,0.0,3.0,0.0,6.0,0.0,0.0,1.83,1.0,2.37,0.0,0.0,,,,,,,,,,,,,,,,,,,,,,,,,,,,,,,,,,,,,,,,,,,,,,,,,,,,,,,,,,,,,,,,,,,,,,,,,,,,,,,0.0,0.0,0.0,0.0,0.0,0.0,0.0,0.0,0.0,0.0,0.0,0.0,,0.0,0.0,0.0,0.0,0.0,0.0,0.0,0.0,0.0,0.0,0.0,0.0,0.0,0.0,0.0,,0.0,0.0,0.0,,0.618,F,21.0,0.436,-0.008,0.625,34.0,0.0,,0.0,,,0.0,0.0,0.0,0.0,0.0,0.0,0.0,0.0,0.0,0.0,0.0,,0.0,HOU,0.0,0.0,0.0,0.0,0.0,,,0.0,0.0,,,,,0,0,0.107,0.393,1.0,0.301,0.25,1.0,0.699,1.0,0.333,0.75,0.462,3.0,-0.129,1.0,0.5,1.0,-0.05,0.5,2.0,0.55,-0.017,2.0,0.5,1.0,0.517,0.5,0.25,1.0,1.0,0.698,1.0,0.302,0.0,0.0,0.0,0.0,HOU,0.0,0.0,0.0,0.0,0.0,0.0,1.0,0.0,0.0,0.0,0.0,0.0,0.0,0.0,3.0,0.0,0.0,0.0,0.0,0.0,0.0,0.0,0.0,0.0,HOU,0.0,0.0,0.0,0.0,0.0,6.0,0.0,0.0,0.0,0.0,0.0,4.55,0.3,4.41,3144.0,4.47,0.3,0.6,7.6,2026,20260118,False,,99.0,0,0,,0,,,,,2.0,4.0,0.5,0.396,0.104,1.0,2.0,0.5,0.542,-0.042,22500604
1642847,Jeremiah Fears,Jeremiah,1610612740,NOP,19.0,1,0,1,0.0,10.405,1,5,0.2,0,2,0.0,0,0,0.0,1,2,3,2,1,0,1,0,2,0,2,-10,10.6,0,0,9.0,1,70,70,70,113,94,83,111,71,63,71,66,69,66,31,66,62,53,39,57,14,1,74,91,107,103,95,9,1,99,1,12.5,117.4,1.0,73.9,83,106,94,39,34,12.5,73.9,0.115,0.154,-43.5,119.3,123,123,0.077,108,23,115,83,-41.1,0.264,7,30,83,88.42,78.1,130,102.41,0.0,106.1,122,87,30,117.4,29,0.2,112,106.1,0.4,28,125,0.2,25.0,130,113,27,-43.5,43,5.0,13,2.0,13,0.25,0.182,0.182,0.0,5.0,1.0,11.0,2.0,12.0,0.0,0.0,0.0,0.0,0.0,0.0,0.0,0.0,0.0,0.0,0.0,0.0,0.0,0.0,0.0,0.0,0.0,0.0,0.0,1.2,0.0,6.0,0.0,19.0,2.0,0.0,4.0,1.0,3.86,0.105,0.0,0.0,0.667,0.0,1.0,0.0,19.7,0.333,0.0,0.333,2.0,0.0,0.6,0.0,0.0,0.667,0.6,3.0,5.0,3.0,0.0,8.2,3.0,12.0,0.0,,,,,,,,,,,,,,,,0.0,0.2,1.0,0.0,,1.0,1.0,1.0,1.0,0.2,1.0,0.0,1.0,0.0,2.0,0.0,0.4,0.4,0.0,0.0,,0.0,0.0,0.0,0.0,2.0,2.0,0.0,0.0,0.0,0.4,,0.0,2.0,0.0,0.4,0.0,0.0,0.0,0.0,0.0,0.2,0.0,0.0,0.0,0.0,0.0,0.0,0.0,0.0,1.0,0.0,0.0,0.0,0.0,1.0,0.0,1.0,2.0,0.0,0.0,0.0,1.0,0.0,0.0,0.0,1.0,0.0,0.0,0.0,0.0,0.0,0.704,G,159.0,0.426,0.059,0.644,226.0,1.0,,0.0,,,0.0,0.5,0.0,0.0,0.0,0.0,0.0,0.0,0.0,0.0,2.0,,0.0,NOP,0.0,0.0,2.0,0.0,1.0,,,0.0,0.0,,0.0,0.0,,0,0,0.238,0.477,1.0,0.379,0.143,0.0,-0.379,0.0,0.833,0.857,0.544,6.0,0.29,5.0,1.0,4.0,0.337,0.571,4.0,0.664,0.2,5.0,0.714,4.0,0.6,0.8,0.143,1.0,0.0,-0.375,0.0,0.375,0.0,0.0,0.0,0.0,NOP,0.0,0.0,3.0,0.0,2.0,1.0,0.0,0.0,0.0,0.0,0.0,0.0,0.0,0.0,0.0,1.0,0.0,0.0,0.0,0.0,0.0,0.0,0.0,0.0,NOP,0.0,0.0,0.0,0.0,0.0,19.0,0.0,0.0,0.0,0.0,0.0,5.25,0.4,3.52,3925.0,3.69,0.4,0.7,10.4,2026,20260118,False,,99.0,0,3,0.0,0,0.0,2.0,0.0,0.0,5.0,7.0,0.714,0.49,0.224,4.0,4.0,1.0,0.666,0.334,22500604
1641722,Jordan Hawkins,Jordan,1610612740,NOP,23.0,1,0,1,0.0,12.85,2,6,0.333,1,2,0.5,1,1,1.0,1,2,3,2,2,3,0,0,1,1,6,7,19.6,0,0,18.0,1,70,70,70,109,80,76,88,37,63,16,45,57,1,31,66,62,53,16,3,45,1,35,59,81,36,68,9,1,68,1,19.2,103.6,2.0,128.6,76,121,80,56,29,20.0,128.6,0.111,0.133,25.0,107.1,28,28,0.083,121,28,58,48,20.6,0.271,51,54,48,87.16,127.7,19,103.25,0.098,104.59,29,54,32,103.6,25,0.417,89,104.59,0.167,28,20,0.466,20.0,19,88,20,25.0,57,6.0,16,1.0,16,0.25,0.286,0.286,0.0,4.0,1.0,7.0,2.0,7.0,0.0,2.0,0.0,0.0,0.0,0.0,2.0,1.0,0.0,0.0,0.0,1.0,0.0,0.0,0.0,2.0,0.0,0.5,0.0,0.7,0.0,7.0,0.0,15.0,6.0,0.0,2.53,1.0,2.84,0.4,0.0,0.0,0.667,0.0,1.0,0.0,6.9,1.0,0.0,1.0,2.0,0.0,0.75,0.0,0.0,0.667,0.75,3.0,4.0,3.0,0.0,25.6,1.0,19.4,0.0,,,,,,,,,,,,,,,,0.167,0.5,3.0,1.0,1.0,1.0,0.5,2.0,0.0,0.333,0.333,1.0,0.0,0.5,3.0,0.333,0.333,0.5,0.333,0.167,0.0,0.0,1.0,1.0,1.0,2.0,,,,,,,,,,,,,,0.0,0.0,0.417,0.0,0.0,0.0,0.0,0.0,0.0,0.0,0.5,0.0,0.0,0.0,0.0,0.0,1.0,0.0,0.0,2.0,1.0,0.0,0.0,1.0,0.0,0.0,0.0,2.0,0.0,1.0,1.0,0.0,0.0,0.679,G,55.0,0.399,0.054,0.625,81.0,0.0,,0.0,,,1.0,0.0,0.0,1.0,1.0,0.0,0.0,2.0,0.0,1.0,2.0,,0.0,NOP,0.0,0.0,1.0,0.0,0.0,,,0.0,0.5,,0.0,0.0,,0,0,-0.091,0.425,3.0,0.35,0.5,1.0,-0.017,0.333,0.333,0.5,0.499,3.0,-0.166,1.0,0.5,1.0,-0.082,0.333,2.0,0.582,-0.038,2.0,0.333,1.0,0.538,0.5,0.667,4.0,0.25,-0.133,1.0,0.383,0.0,0.0,0.0,0.0,NOP,1.0,0.0,1.0,0.0,0.0,1.0,1.0,0.0,1.0,0.0,0.0,1.0,0.0,0.0,2.0,1.0,0.0,0.0,0.0,0.0,0.0,0.0,0.0,0.0,NOP,0.0,0.0,0.0,0.0,0.0,15.0,0.0,0.0,0.0,0.0,0.0,5.68,0.5,3.67,5424.0,4.46,0.5,1.0,12.9,2026,20260118,False,,99.0,2,5,0.4,5,1.0,2.0,0.5,0.5,2.0,6.0,0.333,0.433,-0.1,1.0,2.0,0.5,0.626,-0.126,22500604
1629673,Jordan Poole,Jordan,1610612740,NOP,26.0,1,0,1,0.0,25.25,5,11,0.455,2,5,0.4,1,3,0.333,0,4,4,2,2,0,0,0,1,2,13,-1,18.8,0,0,21.0,1,70,70,70,51,37,32,66,19,27,41,45,26,65,76,31,47,53,16,57,45,1,35,36,42,63,74,9,1,55,1,12.3,123.1,5.0,121.2,32,106,37,85,66,12.5,121.2,0.087,0.174,-1.9,128.4,63,63,0.0,107,52,88,93,-9.5,0.239,85,54,93,82.38,119.0,37,97.71,0.063,98.85,78,111,57,123.1,41,0.545,58,98.85,0.095,39,43,0.528,12.5,37,73,76,-1.9,37,11.0,64,1.0,64,0.233,0.059,0.088,1.0,7.0,5.0,34.0,3.0,40.0,0.0,5.0,0.0,1.0,0.0,2.0,5.0,0.625,0.0,2.0,0.125,2.0,0.25,0.0,0.0,8.0,0.0,0.4,0.0,4.0,0.0,16.0,0.0,50.0,13.0,0.0,4.1,0.0,4.78,0.26,0.0,0.0,0.667,0.0,0.0,0.0,0.0,0.0,0.0,0.0,4.0,0.0,0.571,0.0,0.0,0.667,0.571,6.0,7.0,4.0,0.0,6.0,1.0,6.0,0.0,,,,,,,,,,,,,,,,0.0,0.364,4.0,0.0,,1.0,0.25,4.0,1.0,0.364,0.25,0.0,0.25,1.0,2.0,1.0,0.182,0.182,1.0,0.0,,0.0,0.0,2.0,2.0,2.0,5.0,0.4,2.0,2.0,0.455,,0.6,5.0,0.0,0.455,0.0,0.0,0.4,0.0,0.0,0.545,0.0,0.0,0.0,0.0,6.0,0.5,0.0,0.4,0.0,0.0,0.0,0.0,0.0,0.0,0.0,0.0,5.0,3.0,0.0,0.0,6.0,0.0,0.0,0.0,0.0,0.0,0.5,2.0,0.0,0.0,0.63,G,58.0,0.35,0.003,0.628,92.0,0.0,0.0,0.0,0.0,0.0,0.0,1.0,0.0,2.0,0.0,0.0,0.0,0.0,0.0,1.0,5.0,0.0,0.5,NOP,0.0,2.0,1.0,0.0,1.0,0.0,0.0,4.0,0.4,1.0,3.0,2.0,0.667,2,3,-0.045,0.42,4.0,0.365,0.5,1.0,-0.115,0.25,0.5,0.5,0.483,4.0,0.017,2.0,0.333,1.0,-0.253,0.375,3.0,0.586,-0.206,3.0,0.375,1.0,0.539,0.333,0.625,5.0,0.4,0.029,2.0,0.371,0.0,0.0,0.0,0.0,NOP,0.0,0.0,1.0,0.0,0.0,0.0,0.0,0.0,0.0,0.0,0.0,0.0,0.0,0.0,0.0,1.0,0.0,0.0,0.0,0.0,0.0,0.0,0.0,0.0,NOP,0.0,0.0,0.0,0.0,0.0,50.0,0.0,0.0,0.0,0.0,0.0,4.54,0.8,3.19,8772.0,3.79,0.9,1.7,25.3,2026,20260118,False,,99.0,0,3,0.0,0,0.0,1.0,0.0,0.0,3.0,8.0,0.375,0.421,-0.046,1.0,3.0,0.333,0.585,-0.252,22500604
1629006,Josh Okogie,Josh,1610612745,HOU,27.0,1,1,0,1.0,16.95,1,3,0.333,1,3,0.333,1,2,0.5,1,0,1,1,0,0,1,1,2,1,4,-1,9.7,0,0,9.0,1,1,1,1,97,94,100,88,37,53,45,45,33,52,31,113,100,79,86,57,14,90,74,59,92,63,99,9,1,99,1,0.0,102.6,1.0,105.4,100,1,94,56,35,0.0,105.4,0.026,0.0,2.8,109.2,59,59,0.05,1,37,112,44,1.0,0.089,89,73,44,89.68,110.2,84,102.0,0.015,107.61,62,62,108,102.6,120,0.5,66,107.61,0.077,120,69,0.515,20.0,84,74,47,2.8,113,3.0,9,0.0,9,0.089,0.083,0.083,0.0,3.0,2.0,12.0,1.0,10.0,0.0,0.0,0.0,0.0,0.0,0.0,0.0,0.0,0.0,1.0,0.0,0.0,1.0,0.0,0.0,1.0,0.0,0.0,0.0,0.3,0.0,8.0,0.0,16.0,4.0,2.0,0.69,1.0,1.2,0.25,0.0,0.0,0.0,0.0,1.0,0.0,15.5,0.5,0.0,0.5,0.0,0.0,0.333,0.0,0.0,0.0,0.333,2.0,3.0,1.0,0.0,0.0,2.0,15.5,0.0,,,,,,,,,,,,,,,,,,,,,,,,,,,,,,1.0,0.0,0.0,0.333,0.0,0.333,0.0,0.0,1.0,0.0,0.0,0.0,2.0,0.5,1.0,1.0,0.667,,0.75,2.0,0.0,0.667,0.0,0.0,0.5,0.0,0.0,0.5,0.0,0.0,0.0,0.0,3.0,0.333,2.0,0.0,0.0,0.0,1.0,0.0,1.0,0.0,0.0,0.0,1.0,0.0,0.0,0.0,0.0,1.0,0.0,0.5,0.0,0.0,0.0,0.0,1.0,1.0,0.608,G,62.0,0.4,-0.022,0.63,102.0,2.0,0.0,0.0,0.0,0.0,0.0,0.0,1.0,0.0,0.0,0.0,0.0,0.0,0.0,0.0,1.0,0.0,0.0,HOU,0.0,0.0,0.0,0.5,0.0,0.0,0.0,0.0,0.0,0.5,3.0,1.0,0.333,1,3,-0.134,0.468,2.0,0.387,0.333,0.0,-0.387,0.0,0.5,0.667,0.534,4.0,-0.034,2.0,0.5,1.0,-0.134,0.333,2.0,0.634,-0.082,4.0,0.667,2.0,0.582,0.5,0.333,2.0,0.0,-0.39,0.0,0.39,0.0,0.0,0.0,0.0,HOU,0.0,1.0,1.0,0.0,1.0,2.0,0.0,0.0,0.0,0.0,1.0,1.0,0.0,0.0,0.0,0.0,0.0,0.0,0.0,0.0,0.0,0.0,0.0,0.0,HOU,0.0,0.0,0.0,0.0,0.0,16.0,0.0,0.0,0.0,0.0,0.0,3.63,0.6,4.0,6777.0,4.12,0.6,1.3,17.0,2026,20260118,False,,99.0,0,0,,0,0.0,0.0,,,2.0,6.0,0.333,0.448,-0.115,1.0,2.0,0.5,0.636,-0.136,22500604
1631255,Karlo Matković,Karlo,1610612740,NOP,24.0,1,0,1,0.0,17.583333333333332,2,2,1.0,1,1,1.0,0,0,0.0,0,3,3,0,0,0,0,0,1,0,5,8,8.6,0,0,9.0,1,70,70,70,94,80,113,1,37,91,1,66,69,66,76,44,62,104,86,57,45,1,35,91,85,33,107,9,1,99,1,0.0,108.8,2.0,121.6,113,1,80,104,98,0.0,121.6,0.094,0.2,12.8,112.9,42,42,0.0,1,37,61,61,13.3,0.052,104,73,61,80.76,126.3,35,93.36,0.093,96.91,45,73,52,108.8,126,1.25,1,96.91,0.0,125,24,1.25,0.0,35,1,76,12.8,25,2.0,83,0.0,83,0.05,0.0,0.0,0.0,0.0,1.0,12.0,0.0,7.0,0.0,1.0,0.0,0.0,0.0,0.0,2.0,2.0,0.0,0.0,0.0,1.0,0.0,0.0,0.0,1.0,0.0,1.0,0.0,0.4,0.0,6.0,0.0,14.0,5.0,0.0,0.79,0.0,1.56,0.357,0.0,0.333,0.5,0.0,0.0,0.0,0.0,0.0,1.0,0.0,2.0,3.0,0.429,1.0,0.0,1.0,0.75,6.0,7.0,2.0,0.333,10.0,2.0,10.0,3.0,,,,,,,,,,,,,,,,0.5,1.0,2.0,1.0,1.0,2.0,1.25,1.0,1.0,0.5,1.0,1.0,1.0,,,,,,,,,,,,,,,,,,,,,,,,,,,0.0,0.0,1.25,0.0,0.0,0.0,0.0,0.0,0.0,0.0,1.0,0.0,0.0,0.0,0.0,0.0,0.0,0.0,0.0,1.0,1.0,0.0,0.0,1.0,0.0,0.0,0.0,0.0,0.0,1.0,1.0,0.0,0.0,0.563,F-C,54.0,0.473,-0.069,0.631,96.0,0.0,0.0,0.0,0.0,0.0,0.0,0.0,0.0,1.0,0.0,0.0,0.0,0.0,0.0,0.0,1.0,0.0,1.0,NOP,0.0,1.0,0.0,0.0,0.0,0.0,0.0,1.0,1.0,,0.0,0.0,,0,0,0.104,0.496,2.0,0.278,0.4,1.0,0.223,0.5,0.667,0.6,0.564,3.0,0.102,2.0,0.667,2.0,-0.024,0.6,3.0,0.691,0.035,3.0,0.6,2.0,0.632,0.667,0.4,2.0,0.5,0.198,1.0,0.303,2.0,0.0,1.0,1.0,NOP,0.0,0.0,3.0,0.0,3.0,1.0,2.0,0.0,0.0,0.0,0.0,0.0,2.0,0.0,5.0,0.0,2.0,0.0,0.0,0.0,0.0,0.0,0.0,0.0,NOP,0.0,0.0,0.0,0.0,0.0,14.0,0.0,0.0,0.0,0.0,0.0,4.47,0.6,3.91,6929.0,4.19,0.7,1.3,17.6,2026,20260118,False,,99.0,1,1,1.0,3,1.0,1.0,1.0,1.5,3.0,5.0,0.6,0.511,0.089,2.0,3.0,0.667,0.69,-0.023,22500604
201142,Kevin Durant,Kevin,1610612745,HOU,37.0,1,1,0,1.0,36.07333333333333,5,18,0.278,1,8,0.125,7,8,0.875,3,3,6,8,3,1,0,2,1,6,18,3,37.2,0,0,35.0,1,1,1,1,7,37,7,104,37,7,70,4,3,35,6,44,23,5,8,22,45,124,35,2,23,51,17,9,1,18,1,9.2,106.6,5.0,112.0,7,80,37,45,44,9.1,112.0,0.08,0.081,5.4,107.4,52,52,0.079,86,75,67,53,3.9,0.274,23,22,53,83.72,111.3,68,100.38,0.088,100.46,58,57,69,106.6,23,0.306,107,100.46,0.296,16,68,0.418,24.2,68,95,26,5.4,88,18.0,53,2.67,53,0.278,0.216,0.27,1.0,19.0,12.0,37.0,10.0,55.0,1.0,5.0,0.143,1.0,0.5,2.0,5.0,0.714,0.0,0.0,0.143,2.0,0.0,1.0,1.0,7.0,0.0,0.4,0.0,3.5,0.667,50.0,0.0,65.0,18.0,0.0,2.06,3.0,3.24,0.277,1.0,0.333,0.5,0.333,2.0,0.0,8.3,1.0,1.0,1.0,2.0,1.0,0.667,2.0,1.0,0.6,0.75,6.0,9.0,4.0,0.333,5.6,3.0,6.9,1.0,,,,,,,,,,,,,,,,0.111,0.5,9.0,2.0,0.0,2.0,0.222,7.0,2.0,0.389,0.222,0.0,0.286,1.0,7.0,0.5,0.111,0.389,0.429,0.278,0.2,1.0,5.0,2.0,3.0,2.0,2.0,0.0,0.0,0.0,0.111,0.0,0.0,1.0,0.0,0.056,0.056,1.0,0.0,0.0,0.0,0.306,2.0,0.0,0.0,0.0,0.0,0.0,0.0,0.125,1.0,0.0,0.0,0.0,0.0,3.0,0.0,0.333,8.0,3.0,0.0,0.0,5.0,0.0,0.0,0.0,2.0,0.0,0.6,1.0,0.0,0.0,0.503,F,80.0,0.354,-0.135,0.638,159.0,0.0,0.0,0.0,0.0,0.0,1.0,0.333,0.0,1.0,0.25,0.0,0.0,1.0,0.0,4.0,8.0,0.0,1.0,HOU,0.0,2.0,3.0,0.0,1.0,0.0,0.0,2.0,0.125,0.0,4.0,0.0,0.0,0,4,0.045,0.455,4.0,0.307,0.4,1.0,-0.057,0.25,0.667,0.6,0.56,6.0,0.107,4.0,0.8,4.0,0.145,0.5,5.0,0.655,0.192,5.0,0.5,4.0,0.608,0.8,0.4,4.0,0.25,-0.086,1.0,0.336,0.0,0.0,0.0,0.0,HOU,0.0,0.0,0.0,0.0,0.0,1.0,0.0,0.0,0.0,0.0,0.0,0.0,0.0,0.0,0.0,0.0,0.0,0.0,0.0,0.0,0.0,0.0,0.0,0.0,HOU,1.0,0.0,1.0,0.0,0.0,65.0,1.0,0.0,0.0,0.0,0.0,3.64,1.0,3.46,12405.0,3.56,1.3,2.3,36.1,2026,20260118,False,,99.0,3,9,0.333,7,1.0,4.0,0.25,0.389,5.0,10.0,0.5,0.451,0.049,4.0,5.0,0.8,0.654,0.146,22500604
1642877,Micah Peavy,Micah,1610612740,NOP,24.0,1,0,1,0.0,21.98333333333333,3,5,0.6,1,2,0.5,0,0,0.0,1,2,3,3,0,2,0,0,2,0,7,17,21.1,0,0,18.0,1,70,70,70,72,66,83,28,37,63,16,66,69,66,31,66,62,32,86,8,45,1,74,91,75,14,63,9,1,68,1,0.0,93.2,3.0,126.1,83,1,66,17,90,0.0,126.1,0.067,0.087,32.9,98.7,16,16,0.045,1,46,44,24,29.9,0.098,58,73,24,81.88,128.7,27,94.54,0.117,98.26,14,29,82,93.2,116,0.7,30,98.26,0.15,115,16,0.7,37.5,27,34,52,32.9,85,5.0,71,0.0,71,0.096,0.3,0.3,0.0,8.0,3.0,10.0,3.0,7.0,0.0,0.0,1.0,0.0,0.0,0.0,0.0,0.0,0.0,0.0,0.0,0.0,0.0,0.0,1.0,1.0,0.0,0.0,0.0,0.5,0.0,11.0,0.0,16.0,7.0,0.0,1.06,1.0,2.06,0.438,0.0,0.0,1.0,0.0,1.0,1.0,14.0,0.333,0.0,0.5,2.0,1.0,0.6,0.0,0.0,1.0,0.75,2.0,5.0,3.0,0.0,12.9,3.0,13.2,0.0,,,,,,,,,,,,,,,,0.0,0.2,1.0,0.0,,1.0,1.0,1.0,1.0,0.2,1.0,0.0,1.0,,,,,,,,,,,,,,4.0,0.5,2.0,1.0,0.8,0.5,0.625,2.0,1.0,0.4,0.4,2.0,0.5,0.0,0.0,0.7,0.0,0.0,0.0,0.0,3.0,0.5,1.0,1.0,2.0,0.0,0.0,0.0,1.0,2.0,0.0,1.0,1.0,0.0,0.0,0.0,0.0,0.0,0.0,0.0,1.0,0.0,0.0,1.0,0.0,0.0,0.565,G-F,39.0,0.381,-0.076,0.641,69.0,1.0,0.0,0.0,0.0,0.0,0.0,1.0,0.0,1.0,0.0,0.0,0.0,0.0,0.0,1.0,1.0,0.0,0.0,NOP,0.0,0.0,2.0,0.0,2.0,0.0,0.0,0.0,1.0,0.75,2.0,1.0,0.5,1,2,0.105,0.495,2.0,0.376,0.4,1.0,0.124,0.5,0.667,0.6,0.564,3.0,0.102,2.0,1.0,1.0,0.331,0.2,1.0,0.669,0.375,1.0,0.2,1.0,0.625,1.0,0.6,3.0,0.333,-0.014,1.0,0.348,0.0,0.0,0.0,0.0,NOP,1.0,0.0,1.0,0.0,1.0,2.0,0.0,0.0,1.0,0.0,0.0,1.0,0.0,0.0,0.0,0.0,0.0,0.0,0.0,0.0,0.0,0.0,0.0,0.0,NOP,0.0,0.0,0.0,0.0,0.0,16.0,0.0,0.0,0.0,0.0,0.0,4.73,0.8,3.9,9105.0,4.3,0.9,1.7,22.0,2026,20260118,False,,99.0,0,1,0.0,0,0.0,0.0,,0.0,3.0,5.0,0.6,0.509,0.091,1.0,1.0,1.0,0.659,0.341,22500604
1642263,Reed Sheppard,Reed,1610612745,HOU,21.0,1,1,0,1.0,17.55,4,9,0.444,3,7,0.429,0,0,0.0,0,3,3,1,3,1,0,1,1,0,11,-14,16.1,0,0,20.0,1,1,1,1,95,52,48,69,9,12,39,66,69,66,76,44,62,79,8,22,45,90,35,91,49,116,77,9,1,60,1,23.1,124.3,4.0,86.5,48,125,52,99,37,23.1,86.5,0.081,0.188,-37.8,120.8,120,120,0.0,125,37,57,97,-32.1,0.285,71,71,97,84.33,88.7,114,101.42,0.098,101.2,117,89,68,124.3,15,0.611,47,101.2,0.125,15,113,0.611,7.7,114,55,76,-37.8,30,9.0,44,0.33,44,0.279,0.038,0.038,0.0,2.0,3.0,26.0,1.0,29.0,0.0,0.0,0.333,0.0,0.0,0.0,0.0,0.0,0.0,2.0,0.0,0.0,0.667,0.0,1.0,3.0,0.0,0.0,1.0,2.5,0.0,14.0,0.0,38.0,11.0,2.0,4.03,1.0,3.92,0.289,0.0,0.333,0.6,0.0,0.0,0.0,0.0,0.0,1.0,0.0,2.0,0.0,0.429,1.0,0.0,0.6,0.429,5.0,7.0,2.0,0.333,7.4,2.0,7.4,0.0,,,,,,,,,,,,,,,,0.222,0.222,2.0,2.0,0.0,0.0,0.0,0.0,0.0,0.0,0.0,0.0,,0.0,5.0,0.6,0.111,0.556,0.4,0.444,0.5,2.0,4.0,0.0,2.0,1.0,2.0,1.0,2.0,1.0,0.222,1.0,1.25,1.0,1.0,0.111,0.111,1.0,1.0,0.0,2.0,0.611,0.0,0.0,1.0,0.0,3.0,0.333,0.0,0.429,0.0,0.0,0.0,0.0,0.0,1.0,0.0,0.0,7.0,1.0,0.0,0.0,1.0,0.0,0.0,0.0,0.0,0.0,1.0,3.0,0.0,0.0,0.677,G,107.0,0.357,0.057,0.62,158.0,1.0,0.0,0.0,0.0,0.0,0.0,0.5,0.0,3.0,0.0,0.0,0.0,0.0,0.0,0.0,6.0,0.0,0.0,HOU,0.0,0.0,2.0,0.0,1.0,0.0,0.0,0.0,0.5,0.5,3.0,1.0,0.333,1,3,0.163,0.408,2.0,0.374,0.286,2.0,0.627,1.0,0.4,0.714,0.398,5.0,0.002,2.0,1.0,2.0,0.458,0.286,2.0,0.542,0.193,3.0,0.429,2.0,0.473,0.667,0.429,3.0,0.667,0.314,2.0,0.353,0.0,0.0,0.0,0.0,HOU,0.0,0.0,2.0,0.0,2.0,1.0,0.0,0.0,0.0,0.0,0.0,0.0,0.0,0.0,0.0,0.0,0.0,0.0,0.0,0.0,0.0,0.0,0.0,0.0,HOU,0.0,0.0,0.0,0.0,0.0,38.0,0.0,0.0,0.0,0.0,0.0,4.61,0.5,3.7,6891.0,4.21,0.8,1.3,17.6,2026,20260118,False,,99.0,2,4,0.5,6,2.0,4.0,0.5,0.75,4.0,7.0,0.571,0.425,0.146,2.0,2.0,1.0,0.553,0.448,22500604
1630180,Saddiq Bey,Saddiq,1610612740,NOP,26.0,1,0,1,0.0,29.216666666666665,3,7,0.429,1,3,0.333,4,4,1.0,0,4,4,2,1,1,0,0,0,2,11,-22,20.8,0,0,20.0,1,70,70,70,32,66,64,73,37,53,45,8,13,1,76,31,47,53,39,22,45,1,1,36,49,130,64,9,1,60,1,8.5,137.7,3.0,100.0,64,71,66,72,49,8.3,100.0,0.07,0.138,-37.7,135.1,119,119,0.0,78,62,66,125,-31.0,0.154,86,30,125,84.2,104.2,92,99.95,0.089,101.04,113,122,79,137.7,89,0.5,66,101.04,0.091,88,86,0.628,16.7,92,48,76,-37.7,55,7.0,45,2.0,45,0.149,0.091,0.136,0.0,4.0,2.0,22.0,3.0,20.0,1.0,0.0,0.0,1.0,1.0,2.0,2.0,0.667,0.0,2.0,0.333,0.0,0.667,2.0,0.0,3.0,0.0,0.0,0.0,1.6,2.0,13.0,0.0,32.0,11.0,0.0,2.38,1.0,3.01,0.344,1.0,0.0,0.4,0.0,0.0,0.0,0.0,0.0,0.0,0.0,4.0,1.0,0.4,0.0,0.0,0.444,0.444,10.0,10.0,4.0,0.0,6.9,0.0,6.9,1.0,,,,,,,,,,,,,,,,0.0,0.143,1.0,0.0,,1.0,1.0,1.0,1.0,0.143,1.0,0.0,1.0,0.0,1.0,0.0,0.143,0.143,0.0,0.0,,0.0,0.0,0.0,0.0,1.0,5.0,0.333,2.0,1.0,0.714,0.5,0.5,3.0,1.0,0.429,0.286,2.0,0.4,0.0,0.0,0.5,2.0,0.0,0.0,0.0,3.0,0.5,1.0,0.0,2.0,1.0,0.0,0.0,0.0,2.0,0.0,1.0,2.0,0.0,0.0,0.0,2.0,1.0,0.0,1.0,0.0,1.0,0.0,0.0,0.0,1.0,0.667,G-F,76.0,0.35,0.015,0.652,114.0,1.0,0.0,0.0,0.0,0.0,0.0,1.0,1.0,0.0,0.0,0.0,0.0,0.0,0.0,1.0,2.0,0.0,0.0,NOP,0.0,0.0,2.0,1.0,2.0,0.0,0.0,1.0,0.0,0.75,2.0,1.0,0.5,1,2,0.013,0.487,3.0,0.369,0.3,0.0,-0.369,0.0,0.714,0.7,0.541,7.0,0.174,5.0,1.0,2.0,0.303,0.2,2.0,0.698,0.055,3.0,0.3,2.0,0.611,0.667,0.4,4.0,0.25,-0.122,1.0,0.372,0.0,0.0,0.0,0.0,NOP,1.0,0.0,4.0,0.0,4.0,2.0,1.0,0.0,1.0,0.0,0.0,1.0,0.0,0.0,3.0,0.0,0.0,0.0,0.0,0.0,0.0,0.0,1.0,0.0,NOP,0.0,0.0,1.0,0.0,0.0,32.0,0.0,0.0,0.0,0.0,0.0,4.6,1.1,3.76,11154.0,4.12,1.0,2.1,29.2,2026,20260118,False,,99.0,0,3,0.0,0,0.0,1.0,0.0,0.0,5.0,10.0,0.5,0.494,0.006,2.0,2.0,1.0,0.675,0.326,22500604
203500,Steven Adams,Steven,1610612745,HOU,32.0,1,1,0,1.0,27.416666666666668,2,3,0.667,0,0,0.0,1,2,0.5,5,5,10,2,1,0,0,0,1,1,5,10,19.0,0,0,17.0,1,1,1,1,39,80,100,17,71,111,71,45,33,52,2,16,5,53,39,57,45,1,35,59,85,29,72,9,1,73,1,14.5,101.7,2.0,120.7,100,112,80,30,55,14.3,120.7,0.172,0.172,19.0,106.2,37,37,0.172,112,58,75,40,17.0,0.071,89,30,40,85.35,123.2,39,99.23,0.081,102.42,41,49,16,101.7,123,0.667,36,102.42,0.077,123,31,0.644,28.6,39,43,4,19.0,38,3.0,34,2.0,34,0.07,0.063,0.063,0.0,4.0,3.0,32.0,2.0,15.0,0.0,0.0,0.0,0.0,0.0,0.0,0.0,0.0,0.0,0.0,0.0,0.0,0.0,0.0,0.0,0.0,0.0,0.0,0.0,1.2,0.714,18.0,0.0,37.0,5.0,3.0,0.46,7.0,1.97,0.135,0.0,0.4,0.625,1.0,0.0,1.0,4.1,0.625,2.0,0.714,3.0,3.0,0.625,7.0,5.0,0.833,0.769,8.0,16.0,3.0,0.7,4.2,8.0,4.1,2.0,1.0,0.333,0.0,,0.0,0.0,0.0,0.0,0.333,0.0,1.0,1.0,0.0,HOU,0.0,0.0,0.667,2.0,0.0,,2.0,1.0,2.0,2.0,0.667,1.0,0.0,1.0,,,,,,,,,,,,,,,,,,,,,,,,,,,0.667,0.0,0.667,5.0,0.0,0.0,0.0,0.0,0.0,0.0,0.0,2.0,0.0,0.0,0.0,0.0,3.0,0.0,0.667,0.0,0.0,0.0,0.0,0.0,0.0,0.0,0.0,0.0,0.0,0.0,0.0,0.0,0.0,0.651,C,97.0,0.378,0.003,0.648,149.0,0.0,0.0,0.0,0.0,,0.0,0.667,0.0,0.0,0.0,0.0,0.0,0.0,0.0,0.0,0.0,,0.0,HOU,0.0,0.0,3.0,0.0,2.0,,0.0,0.0,0.0,,,,,0,0,-0.035,0.515,5.0,0.266,0.2,2.0,0.134,0.4,0.5,0.8,0.554,20.0,-0.054,10.0,0.667,8.0,0.056,0.48,12.0,0.611,-0.005,14.0,0.56,8.0,0.576,0.571,0.32,8.0,0.375,0.065,3.0,0.311,4.0,0.0,0.25,1.0,HOU,1.0,0.0,11.0,3.0,9.0,0.0,2.0,0.75,1.0,3.0,0.0,1.0,1.0,0.75,4.0,2.0,4.0,0.0,0.0,0.0,0.0,0.0,0.0,0.0,HOU,0.0,0.0,0.0,0.0,0.0,37.0,0.0,0.0,0.0,0.0,0.0,3.97,0.8,3.93,10126.0,3.95,1.1,1.9,27.4,2026,20260118,False,,99.0,0,0,,0,,,,,12.0,25.0,0.48,0.513,-0.033,8.0,12.0,0.667,0.62,0.047,22500604
1630530,Trey Murphy III,Trey,1610612740,NOP,25.0,1,0,1,0.0,35.2,7,15,0.467,3,8,0.375,4,4,1.0,1,2,3,4,2,1,1,2,3,3,21,-16,34.6,0,0,35.0,1,70,70,70,10,19,12,61,9,7,43,8,13,1,31,66,62,26,16,22,14,124,103,16,13,124,22,9,1,18,1,8.8,125.0,7.0,102.8,12,79,19,71,81,8.7,102.8,0.043,0.061,-22.2,127.5,102,102,0.027,80,72,51,99,-22.4,0.242,49,30,99,81.82,105.1,90,96.14,0.105,98.18,99,109,102,125.0,38,0.567,57,98.18,0.174,34,81,0.626,17.4,90,49,73,-22.2,91,15.0,74,2.0,74,0.241,0.085,0.128,0.0,9.0,8.0,47.0,6.0,51.0,2.0,5.0,0.083,1.0,1.0,2.0,8.0,0.667,0.0,4.0,0.083,3.0,0.333,2.0,1.0,12.0,0.0,0.6,0.0,3.9,2.0,31.0,0.0,69.0,21.0,0.0,2.78,1.0,3.36,0.304,0.0,0.0,0.667,0.0,1.0,0.0,22.2,0.333,0.0,0.333,2.0,0.0,0.5,0.0,0.0,0.667,0.5,3.0,6.0,3.0,0.0,6.7,3.0,11.8,0.0,,,,,,,,,,,,,,,,0.133,0.4,6.0,2.0,0.0,2.0,0.333,4.0,2.0,0.267,0.333,0.0,0.5,0.667,6.0,1.083,0.2,0.4,0.833,0.2,1.0,3.0,3.0,2.0,5.0,3.0,3.0,0.0,0.0,0.0,0.2,,0.0,3.0,0.0,0.2,0.0,0.0,0.0,1.0,0.0,0.567,2.0,0.0,0.0,0.0,3.0,0.25,1.0,0.286,1.0,0.0,1.0,0.0,1.0,1.0,0.0,1.0,7.0,3.0,0.0,0.0,6.0,1.0,0.0,1.0,0.0,0.0,0.5,2.0,1.0,0.0,0.648,F,151.0,0.407,-0.002,0.65,233.0,0.0,0.0,0.0,1.0,0.0,0.0,0.667,0.0,3.0,0.0,0.0,0.0,0.0,0.0,1.0,7.0,0.0,0.667,NOP,0.0,2.0,3.0,0.0,2.0,0.0,0.0,3.0,0.429,0.375,4.0,1.0,0.25,1,4,0.195,0.452,4.0,0.366,0.235,3.0,0.385,0.75,0.615,0.765,0.51,13.0,0.105,8.0,0.778,7.0,0.187,0.529,9.0,0.591,0.143,10.0,0.588,7.0,0.557,0.7,0.235,4.0,0.75,0.376,3.0,0.374,0.0,0.0,0.0,0.0,NOP,1.0,0.0,6.0,0.0,3.0,3.0,0.0,0.0,1.0,0.0,0.0,1.0,0.0,0.0,0.0,3.0,0.0,0.0,0.0,0.0,0.0,0.0,0.0,0.0,NOP,0.0,0.0,0.0,0.0,0.0,69.0,0.0,0.0,0.0,0.0,0.0,4.81,1.2,3.57,13649.0,4.14,1.4,2.6,35.2,2026,20260118,False,,99.0,3,6,0.5,8,2.0,4.0,0.5,0.667,11.0,17.0,0.647,0.466,0.181,7.0,9.0,0.778,0.617,0.161,22500604
1642274,Yves Missi,Yves,1610612740,NOP,21.0,1,0,1,0.0,30.445,5,8,0.625,0,0,0.0,0,0,0.0,5,1,6,3,0,1,2,1,2,2,10,22,30.7,0,0,25.0,1,70,70,70,25,37,54,24,71,111,71,66,69,66,2,86,23,32,86,22,3,90,74,36,58,4,31,9,1,37,1,0.0,93.5,5.0,125.0,54,1,37,35,56,0.0,125.0,0.094,0.029,31.5,95.5,17,17,0.167,1,64,50,26,27.6,0.11,76,73,26,82.77,123.2,29,99.07,0.106,99.33,19,25,52,93.5,111,0.625,44,99.33,0.115,110,31,0.625,27.3,29,50,5,31.5,112,8.0,58,0.0,58,0.11,0.13,0.13,0.0,7.0,2.0,23.0,3.0,22.0,0.0,2.0,0.0,0.0,0.0,0.0,4.0,1.333,0.0,0.0,0.0,2.0,0.0,0.0,0.0,3.0,0.0,1.0,0.0,0.8,0.8,26.0,0.0,33.0,10.0,1.0,0.61,5.0,1.5,0.303,0.0,1.0,0.167,0.4,3.0,0.0,5.3,0.714,1.0,0.714,0.0,2.0,0.462,3.0,2.0,0.25,0.545,6.0,13.0,3.0,0.5,9.0,7.0,5.9,2.0,2.0,0.25,2.0,,0.0,1.0,0.0,2.0,0.25,1.0,2.0,1.0,1.0,NOP,0.0,0.0,0.5,4.0,0.0,,2.0,0.5,4.0,2.0,0.5,0.5,0.0,0.5,0.5,2.0,0.5,0.25,0.25,0.5,0.0,,0.0,0.0,1.0,1.0,2.0,,,,,,,,,,,,,,0.667,0.0,0.625,4.0,0.0,0.0,0.0,0.0,0.0,0.0,0.0,3.0,0.0,0.0,0.0,0.0,3.0,0.0,1.0,0.0,2.0,0.0,0.0,5.0,0.0,0.0,0.0,0.0,0.0,0.4,0.0,0.0,0.0,0.556,C,70.0,0.353,-0.093,0.649,126.0,0.0,0.0,0.0,0.0,0.0,0.0,1.0,0.0,0.0,0.0,0.0,0.0,0.0,0.0,1.0,0.0,0.0,0.5,NOP,0.0,2.0,3.0,0.0,3.0,0.0,0.0,4.0,0.0,0.0,,,,0,1,-0.126,0.479,9.0,0.395,0.529,3.0,-0.061,0.333,0.375,0.471,0.535,8.0,-0.16,3.0,0.333,1.0,-0.319,0.176,3.0,0.652,-0.269,3.0,0.176,1.0,0.602,0.333,0.647,11.0,0.364,-0.028,4.0,0.392,2.0,0.0,0.0,1.0,NOP,0.0,0.0,15.0,2.0,8.0,1.0,4.0,1.0,0.0,2.0,0.0,0.0,0.0,1.0,9.0,7.0,2.0,0.0,0.0,0.0,0.0,0.0,0.0,0.0,NOP,0.0,0.0,0.0,0.0,0.0,33.0,0.0,0.0,0.0,0.0,0.0,4.33,1.0,3.45,11123.0,3.87,1.1,2.1,30.5,2026,20260118,False,,99.0,0,0,,0,,,,,6.0,17.0,0.353,0.483,-0.13,1.0,3.0,0.333,0.635,-0.302,22500604
1629627,Zion Williamson,Zion,1610612740,NOP,25.0,1,0,1,0.0,30.416666666666668,9,17,0.529,0,0,0.0,2,3,0.667,1,5,6,4,2,1,1,1,4,2,20,-17,37.2,0,0,34.0,1,70,70,70,26,6,10,48,71,111,71,27,26,47,31,16,23,26,16,22,14,90,123,36,17,125,17,9,1,20,1,8.2,126.2,9.0,103.2,10,71,6,72,39,8.3,103.2,0.094,0.152,-23.0,126.3,105,105,0.032,73,63,47,103,-23.1,0.29,33,30,103,84.16,103.2,89,100.9,0.111,101.0,101,106,52,126.2,14,0.529,65,101.0,0.235,13,91,0.546,16.7,89,70,65,-23.0,45,17.0,46,2.0,46,0.282,0.143,0.179,0.0,11.0,9.0,28.0,5.0,36.0,1.0,12.0,0.05,1.0,0.5,2.0,13.0,0.65,0.0,6.0,0.05,6.0,0.3,1.0,1.0,20.0,0.0,0.5,3.0,2.7,1.5,22.0,2.0,48.0,20.0,1.0,2.98,2.0,3.34,0.417,1.0,0.6,0.833,1.0,0.0,0.0,6.7,0.333,3.0,0.333,2.0,0.0,0.667,4.0,1.0,0.833,0.667,6.0,9.0,2.0,0.667,3.6,3.0,4.1,0.0,2.0,0.118,1.0,,0.0,0.5,0.0,1.0,0.118,0.5,2.0,1.0,0.5,NOP,0.0,0.0,0.765,13.0,0.0,,7.0,0.538,13.0,7.0,0.765,0.538,0.0,0.538,0.5,2.0,0.5,0.118,0.118,0.5,0.0,,0.0,0.0,1.0,1.0,2.0,,,,,,,,,,,,,,1.0,3.0,0.529,3.0,1.0,1.0,2.0,0.0,0.0,0.0,0.0,4.0,0.0,0.0,0.0,0.0,6.0,0.5,0.667,0.0,4.0,0.0,1.0,9.0,0.0,0.0,0.0,2.0,0.0,0.444,0.0,0.0,0.0,0.667,F,66.0,0.319,0.015,0.652,99.0,0.0,0.0,0.0,0.0,0.0,2.0,0.625,0.0,0.0,0.5,0.0,0.0,0.0,0.0,4.0,0.0,0.0,0.4,NOP,0.0,2.0,8.0,0.0,5.0,0.0,0.0,5.0,0.0,,,,,0,0,0.012,0.489,5.0,0.374,0.357,1.0,-0.174,0.2,0.667,0.643,0.558,9.0,0.108,6.0,0.75,3.0,0.065,0.286,4.0,0.685,0.205,6.0,0.429,5.0,0.628,0.833,0.357,5.0,0.2,-0.181,1.0,0.381,1.0,0.0,1.0,1.0,NOP,0.0,1.0,6.0,1.0,2.0,2.0,0.0,1.0,0.0,0.0,1.0,1.0,1.0,0.0,0.0,4.0,1.0,2.0,1.0,1.0,0.0,0.0,1.0,0.0,NOP,0.0,0.0,1.0,0.0,0.0,48.0,0.0,0.0,0.0,0.0,2.0,5.41,1.2,3.76,12283.0,4.25,1.2,2.3,30.4,2026,20260118,False,,99.0,1,2,0.5,2,,,,0.5,7.0,14.0,0.5,0.499,0.001,3.0,4.0,0.75,0.682,0.068,22500604
