index,Minutes,OffPoss,DefPoss,PenaltyOffPoss,PenaltyDefPoss,SecondChanceOffPoss,TotalPoss,AtRimFGM,AtRimFGA,SecondChanceAtRimFGM,SecondChanceAtRimFGA,PenaltyAtRimFGM,PenaltyAtRimFGA,ShortMidRangeFGM,ShortMidRangeFGA,LongMidRangeFGM,LongMidRangeFGA,Corner3FGM,Corner3FGA,PenaltyCorner3FGM,PenaltyCorner3FGA,Arc3FGM,Arc3FGA,SecondChanceArc3FGM,SecondChanceArc3FGA,PenaltyArc3FGM,PenaltyArc3FGA,FG2M,FG2A,FG3M,FG3A,FtPoints,Points,SecondChanceFG2M,SecondChanceFG2A,SecondChanceFG3M,SecondChanceFG3A,SecondChanceFtPoints,SecondChancePoints,PenaltyFG2M,PenaltyFG2A,PenaltyFG3M,PenaltyFG3A,PenaltyFtPoints,PenaltyPoints,PtsAssisted2s,PtsUnassisted2s,PtsAssisted3s,PtsPutbacks,HeaveAttempts,NonHeaveArc3FGA,NonHeaveArc3FGM,Fg2aBlocked,Fg3aBlocked,TwoPtAssists,ThreePtAssists,Assists,Arc3Assists,Corner3Assists,AtRimAssists,ShortMidRangeAssists,LongMidRangeAssists,AssistPoints,OffThreePtRebounds,OffTwoPtRebounds,DefThreePtRebounds,DefTwoPtRebounds,FTDefRebounds,DefRebounds,OffRebounds,Rebounds,SelfOReb,Steals,BadPassSteals,LostBallSteals,LiveBallTurnovers,BadPassOutOfBoundsTurnovers,BadPassTurnovers,DeadBallTurnovers,LostBallOutOfBoundsTurnovers,LostBallTurnovers,Travels,Turnovers,SecondChanceTurnovers,PenaltyTurnovers,ShootingFouls,Fouls,Charge Fouls,Offensive Fouls,Transition Take Fouls,FoulsDrawn,Charge Fouls Drawn,Loose Ball Fouls Drawn,Offensive Fouls Drawn,FTA,2pt And 1 Free Throw Trips,3pt And 1 Free Throw Trips,TwoPtShootingFoulsDrawn,ThreePtShootingFoulsDrawn,NonShootingFoulsDrawn,Blocked2s,BlockedAtRim,BlockedLongMidRange,BlockedShortMidRange,Blocks,RecoveredBlocks,FirstChancePoints,PenaltyPointsExcludingTakeFouls,PenaltyOffPossExcludingTakeFouls,NonShootingPenaltyNonTakeFouls,NonShootingPenaltyNonTakeFoulsDrawn,Assisted2sPct,NonPutbacksAssisted2sPct,Assisted3sPct,Fg3Pct,SecondChanceFg3Pct,PenaltyFg3Pct,NonHeaveFg3Pct,Fg2Pct,SecondChanceFg2Pct,PenaltyFg2Pct,EfgPct,SecondChanceEfgPct,PenaltyEfgPct,TsPct,SecondChanceTsPct,PenaltyTsPct,FG3APct,FG3APctBlocked,FG2APctBlocked,AtRimPctBlocked,ShortMidRangePctBlocked,LongMidRangePctBlocked,Arc3PctBlocked,LiveBallTurnoverPct,DefFTReboundPct,DefTwoPtReboundPct,OffTwoPtReboundPct,DefThreePtReboundPct,OffThreePtReboundPct,DefFGReboundPct,OffFGReboundPct,OffAtRimReboundPct,OffShortMidRangeReboundPct,OffLongMidRangeReboundPct,OffArc3ReboundPct,DefAtRimReboundPct,DefShortMidRangeReboundPct,DefLongMidRangeReboundPct,DefArc3ReboundPct,DefCorner3ReboundPct,SelfORebPct,Pace,BlocksRecoveredPct,SecondsPerPossOff,SecondsPerPossDef,SecondsExcludingORebsPerPossOff,SecondsExcludingORebsPerPossDef,AtRimFrequency,AtRimAccuracy,UnblockedAtRimAccuracy,AtRimPctAssisted,ShortMidRangeFrequency,ShortMidRangeAccuracy,UnblockedShortMidRangeAccuracy,ShortMidRangePctAssisted,LongMidRangeFrequency,LongMidRangeAccuracy,UnblockedLongMidRangeAccuracy,LongMidRangePctAssisted,Corner3Frequency,Corner3Accuracy,UnblockedCorner3Accuracy,Corner3PctAssisted,Arc3Frequency,Arc3Accuracy,UnblockedArc3Accuracy,Arc3PctAssisted,SecondChanceAtRimFrequency,SecondChanceAtRimAccuracy,SecondChanceArc3Frequency,SecondChanceArc3Accuracy,SecondChanceArc3PctAssisted,PenaltyAtRimFrequency,PenaltyAtRimAccuracy,PenaltyCorner3Frequency,PenaltyCorner3Accuracy,PenaltyArc3Frequency,PenaltyArc3Accuracy,AtRimFG3AFrequency,NonHeaveArc3Accuracy,ShotQualityAvg,SecondChanceShotQualityAvg,PenaltyShotQualityAvg,ShootingFoulsDrawnPct,TwoPtShootingFoulsDrawnPct,ThreePtShootingFoulsDrawnPct,SecondChancePointsPct,PenaltyPointsPct,Avg2ptShotDistance,Avg3ptShotDistance,PenaltyOffPossPct,Date,GameId,Opponent,SecondChanceCorner3FGM,SecondChanceCorner3FGA,PtsUnassisted3s,Loose Ball Fouls,DefensiveGoaltends,SecondChanceCorner3Frequency,SecondChanceCorner3Accuracy,SecondChanceCorner3PctAssisted,Technical Free Throw Trips,Blocked3s,BlockedArc3,Corner3PctBlocked,OffCorner3ReboundPct,Defensive 3 Seconds Violations,SecondChanceAtRimPctAssisted,BlockedCorner3,StepOutOfBoundsTurnovers,FTOffRebounds,OffFTReboundPct,Transition Take Fouls Drawn,OffensiveGoaltends,3SecondViolations,Clear Path Fouls,Season,year,SeasonType,HeaveMakes
63,48:00,96.0,97.0,12.0,13.0,12.0,193.0,17.0,22.0,2.0,4.0,3.0,6.0,12.0,23.0,6.0,11.0,1.0,6.0,,,8.0,25.0,1.0,4.0,1.0,3.0,35.0,56.0,9.0,31.0,10.0,107.0,2.0,4.0,1.0,5.0,1.0,8.0,6.0,11.0,1.0,3.0,1.0,16.0,30.0,40.0,18.0,4.0,,25.0,8.0,4.0,,15.0,6.0,21.0,5.0,1.0,7.0,7.0,1.0,48.0,4.0,9.0,19.0,13.0,1.0,33.0,13.0,46.0,1.0,6.0,4.0,2.0,7.0,3.0,5.0,8.0,2.0,2.0,,15.0,3.0,2.0,7.0,14.0,,2.0,,12.0,,,1.0,16.0,3.0,,9.0,,,1.0,1.0,,,1.0,1.0,99.0,16.0,12.0,,,0.4285714285714285,0.4545454545454545,0.6666666666666666,0.2903225806451613,0.2,0.3333333333333333,0.2903225806451613,0.625,0.5,0.5454545454545454,0.5574712643678161,0.3888888888888889,0.5357142857142857,0.5698924731182796,0.4,0.5714285714285714,0.3563218390804598,,0.0714285714285714,0.0454545454545454,0.1304347826086956,,,0.4666666666666667,1.0,0.5652173913043478,0.4285714285714285,0.7916666666666666,0.1818181818181818,0.6808510638297872,0.3023255813953488,0.6,0.2727272727272727,0.6,0.1764705882352941,0.6,0.5454545454545454,0.5,0.75,1.0,0.0256410256410256,96.5,1.0,14.479166666666666,15.360824742268042,13.958333333333334,14.711340206185566,0.2528735632183908,0.7727272727272727,0.8095238095238095,0.4117647058823529,0.264367816091954,0.5217391304347826,0.6,0.5833333333333334,0.1264367816091954,0.5454545454545454,0.5454545454545454,0.1666666666666666,0.0689655172413793,0.1666666666666666,0.1666666666666666,1.0,0.2873563218390804,0.32,0.32,0.625,0.4444444444444444,0.5,0.4444444444444444,0.25,1.0,0.4285714285714285,0.5,,,0.2142857142857142,0.3333333333333333,0.6091954022988506,0.32,0.5165166666666667,0.5632142857142857,0.5188571428571429,0.0967741935483871,0.1451612903225806,,0.0747663551401869,0.1495327102803738,7.769642857142857,25.35483870967742,0.125,2024-03-09,22300920.0,BOS,,1.0,9.0,3.0,,0.1111111111111111,,,1.0,,,,0.2,,,,,,,,,,,2023-24,2024,Regular Season,
65,48:00,96.0,96.0,5.0,9.0,18.0,192.0,16.0,23.0,6.0,9.0,,,10.0,28.0,10.0,17.0,3.0,4.0,,,8.0,27.0,2.0,7.0,,2.0,36.0,68.0,11.0,31.0,7.0,112.0,9.0,16.0,2.0,7.0,,24.0,1.0,1.0,,2.0,2.0,4.0,36.0,36.0,27.0,10.0,,27.0,8.0,5.0,,18.0,9.0,27.0,6.0,3.0,5.0,8.0,5.0,63.0,8.0,15.0,21.0,13.0,1.0,35.0,23.0,58.0,3.0,4.0,2.0,2.0,12.0,,6.0,2.0,,6.0,,14.0,,1.0,6.0,12.0,,1.0,,13.0,,3.0,1.0,10.0,,,5.0,,,2.0,1.0,,1.0,3.0,1.0,88.0,4.0,5.0,,,0.5,0.5806451612903226,0.8181818181818182,0.3548387096774194,0.2857142857142857,,0.3548387096774194,0.5294117647058824,0.5625,1.0,0.5303030303030303,0.5217391304347826,0.3333333333333333,0.5384615384615384,0.5217391304347826,0.5,0.3131313131313131,,0.0735294117647058,,0.1785714285714285,,,0.8571428571428571,1.0,0.7647058823529411,0.4838709677419355,0.875,0.4,0.8292682926829268,0.4509803921568627,0.5714285714285714,0.5294117647058824,0.2857142857142857,0.3684210526315789,0.6666666666666666,0.8181818181818182,0.6666666666666666,0.85,1.0,0.0652173913043478,96.0,0.3333333333333333,15.197916666666666,14.802083333333334,14.104166666666666,14.625,0.2323232323232323,0.6956521739130435,0.6956521739130435,0.3125,0.2828282828282828,0.3571428571428571,0.4347826086956521,0.8,0.1717171717171717,0.5882352941176471,0.5882352941176471,0.5,0.0404040404040404,0.75,0.75,1.0,0.2727272727272727,0.2962962962962963,0.2962962962962963,0.75,0.391304347826087,0.6666666666666666,0.3043478260869565,0.2857142857142857,1.0,,,,,0.6666666666666666,,0.5454545454545454,0.2962962962962963,0.493250505050505,0.5006333333333334,0.5119166666666667,0.048076923076923,0.0684931506849315,,0.2142857142857142,0.0357142857142857,8.605882352941178,26.358064516129037,0.0520833333333333,2024-03-14,22300955.0,BOS,,,6.0,,,,,,,1.0,1.0,,1.0,,0.1666666666666666,,,,,,,,,2023-24,2024,Regular Season,
30,53:00,106.0,107.0,11.0,19.0,22.0,213.0,19.0,27.0,6.0,7.0,3.0,3.0,9.0,18.0,6.0,13.0,5.0,16.0,1.0,2.0,9.0,27.0,,3.0,1.0,6.0,34.0,58.0,14.0,43.0,12.0,122.0,12.0,13.0,2.0,6.0,1.0,31.0,3.0,3.0,2.0,8.0,2.0,14.0,32.0,36.0,33.0,10.0,,27.0,9.0,4.0,,16.0,11.0,27.0,7.0,4.0,10.0,4.0,2.0,65.0,12.0,10.0,21.0,18.0,1.0,40.0,23.0,63.0,1.0,7.0,6.0,1.0,10.0,4.0,7.0,9.0,1.0,3.0,2.0,19.0,3.0,1.0,11.0,21.0,1.0,,,15.0,,3.0,,19.0,1.0,,9.0,,1.0,4.0,3.0,,1.0,4.0,2.0,91.0,14.0,11.0,1.0,1.0,0.4705882352941176,0.5517241379310345,0.7857142857142857,0.3255813953488372,0.3333333333333333,0.25,0.3255813953488372,0.5862068965517241,0.9230769230769232,1.0,0.5445544554455446,0.7894736842105263,0.5454545454545454,0.5545454545454546,0.775,0.5384615384615384,0.4257425742574257,,0.0689655172413793,0.074074074074074,0.1111111111111111,,,0.5263157894736842,0.3333333333333333,0.782608695652174,0.4166666666666667,0.75,0.4285714285714285,0.7647058823529411,0.4230769230769231,0.5,0.2222222222222222,0.5714285714285714,0.4117647058823529,0.75,0.75,1.0,0.7272727272727273,0.8333333333333334,0.0208333333333333,96.45283018867924,0.5,15.4811320754717,14.38317757009346,14.49056603773585,13.813084112149532,0.2673267326732673,0.7037037037037037,0.76,0.5263157894736842,0.1782178217821782,0.5,0.5625,0.4444444444444444,0.1287128712871287,0.4615384615384615,0.4615384615384615,0.3333333333333333,0.1584158415841584,0.3125,0.3125,0.8,0.2673267326732673,0.3333333333333333,0.3333333333333333,0.7777777777777778,0.3684210526315789,0.8571428571428571,0.1578947368421052,,,0.2727272727272727,1.0,0.1818181818181818,0.5,0.5454545454545454,0.1666666666666666,0.693069306930693,0.3333333333333333,0.512729207920792,0.5419454545454546,0.5064090909090909,0.0825688073394495,0.1363636363636363,,0.2540983606557377,0.1147540983606557,7.165517241379311,25.844186046511627,0.1037735849056603,2023-12-28,22300421.0,BOS,2.0,3.0,9.0,,1.0,0.1578947368421052,0.6666666666666666,0.5,,,,,0.4545454545454545,,0.1666666666666666,,,1.0,0.3333333333333333,,,,,2023-24,2024,Regular Season,
67,48:00,95.0,94.0,10.0,19.0,9.0,189.0,13.0,17.0,4.0,5.0,3.0,3.0,12.0,26.0,2.0,12.0,5.0,6.0,1.0,1.0,4.0,23.0,,,,,27.0,55.0,9.0,29.0,13.0,94.0,6.0,8.0,,,1.0,13.0,4.0,7.0,1.0,1.0,4.0,15.0,26.0,28.0,24.0,6.0,,23.0,4.0,7.0,1.0,13.0,8.0,21.0,3.0,5.0,6.0,6.0,1.0,50.0,1.0,8.0,18.0,16.0,1.0,35.0,9.0,44.0,1.0,6.0,6.0,,8.0,1.0,8.0,5.0,1.0,,,13.0,1.0,1.0,6.0,15.0,,2.0,,9.0,,,,15.0,2.0,,7.0,1.0,,3.0,,,3.0,3.0,2.0,81.0,15.0,10.0,1.0,,0.4814814814814814,0.5416666666666666,0.8888888888888888,0.3103448275862069,,1.0,0.3103448275862069,0.4909090909090909,0.75,0.5714285714285714,0.4821428571428571,0.75,0.6875,0.5222222222222223,0.8125,0.75,0.3452380952380952,0.0344827586206896,0.1272727272727272,0.2352941176470588,0.1153846153846153,,0.0434782608695652,0.6153846153846154,1.0,0.6666666666666666,0.2857142857142857,0.72,0.05,0.6938775510204082,0.1875,0.5,0.3571428571428571,0.1,0.0526315789473684,0.5,0.75,0.5,0.6842105263157895,0.8333333333333334,0.025,94.5,0.6666666666666666,15.284210526315787,15.191489361702128,14.968421052631578,14.52127659574468,0.2023809523809523,0.7647058823529411,1.0,0.4615384615384615,0.3095238095238095,0.4615384615384615,0.5217391304347826,0.5,0.1428571428571428,0.1666666666666666,0.1666666666666666,0.5,0.0714285714285714,0.8333333333333334,0.8333333333333334,1.0,0.2738095238095238,0.1739130434782608,0.1818181818181818,0.75,0.625,0.8,,,,0.375,1.0,0.125,1.0,,,0.5476190476190477,0.1739130434782608,0.5007148809523809,0.5283428571428571,0.5575875,0.0888888888888888,0.1166666666666666,0.0333333333333333,0.1382978723404255,0.1595744680851064,7.989090909090908,25.75862068965517,0.1052631578947368,2024-03-18,22300984.0,BOS,,,3.0,1.0,,,,,,,,,,1.0,,,,,,,,,,2023-24,2024,Regular Season,
69,48:00,97.0,98.0,8.0,27.0,11.0,195.0,15.0,24.0,4.0,6.0,1.0,1.0,14.0,21.0,4.0,7.0,3.0,14.0,,,6.0,17.0,,,3.0,3.0,33.0,52.0,9.0,31.0,9.0,102.0,8.0,10.0,,,1.0,17.0,2.0,2.0,3.0,3.0,,13.0,38.0,28.0,18.0,8.0,,17.0,6.0,4.0,1.0,19.0,6.0,25.0,4.0,2.0,8.0,9.0,2.0,56.0,3.0,9.0,22.0,11.0,3.0,36.0,12.0,48.0,3.0,4.0,2.0,2.0,9.0,,6.0,10.0,2.0,3.0,2.0,19.0,1.0,2.0,14.0,23.0,1.0,3.0,,15.0,,3.0,,13.0,1.0,,7.0,,,1.0,,,1.0,1.0,1.0,85.0,13.0,8.0,1.0,,0.5757575757575758,0.6551724137931034,0.6666666666666666,0.2903225806451613,,1.0,0.2903225806451613,0.6346153846153846,0.8,1.0,0.5602409638554217,0.8,1.3,0.5730337078651685,0.7727272727272727,1.3,0.3734939759036144,0.032258064516129,0.0769230769230769,0.1666666666666666,,,0.0588235294117647,0.4736842105263157,0.6,0.8461538461538461,0.4736842105263157,0.7857142857142857,0.1363636363636363,0.8048780487804879,0.2926829268292683,0.7777777777777778,0.1428571428571428,0.3333333333333333,0.1818181818181818,1.0,0.7142857142857143,1.0,0.8636363636363636,0.5,0.0833333333333333,97.5,1.0,13.948453608247425,15.581632653061224,13.402061855670103,15.122448979591836,0.2891566265060241,0.625,0.75,0.5333333333333333,0.253012048192771,0.6666666666666666,0.6666666666666666,0.6428571428571429,0.0843373493975903,0.5714285714285714,0.5714285714285714,0.5,0.1686746987951807,0.2142857142857142,0.2142857142857142,0.6666666666666666,0.2048192771084337,0.3529411764705882,0.375,0.6666666666666666,0.6,0.6666666666666666,,,,0.2,1.0,,,0.6,1.0,0.6626506024096386,0.3529411764705882,0.5077662650602409,0.4884,0.50003,0.0786516853932584,0.1206896551724138,,0.1666666666666666,0.1274509803921568,6.703846153846154,25.60322580645161,0.0824742268041237,2024-03-22,22301011.0,BOS,,,9.0,2.0,1.0,,,,,,,,0.0909090909090909,,,,,,,,,,,2023-24,2024,Regular Season,
63,48:00,89.0,91.0,10.0,8.0,11.0,180.0,13.0,20.0,3.0,5.0,2.0,2.0,10.0,30.0,6.0,9.0,2.0,4.0,,,8.0,24.0,1.0,1.0,1.0,2.0,29.0,59.0,10.0,28.0,11.0,99.0,6.0,12.0,1.0,1.0,,15.0,3.0,5.0,1.0,2.0,3.0,12.0,28.0,30.0,27.0,6.0,,24.0,8.0,10.0,,14.0,9.0,23.0,7.0,2.0,7.0,4.0,3.0,55.0,1.0,13.0,14.0,17.0,2.0,33.0,14.0,47.0,1.0,3.0,1.0,2.0,7.0,2.0,4.0,4.0,,3.0,1.0,11.0,1.0,2.0,6.0,11.0,,1.0,,11.0,,,,11.0,1.0,,6.0,,,4.0,,1.0,3.0,5.0,4.0,84.0,12.0,10.0,,,0.4827586206896552,0.5384615384615384,0.9,0.3571428571428571,1.0,0.5,0.3571428571428571,0.4915254237288136,0.5,0.6,0.5057471264367817,0.5769230769230769,0.6428571428571429,0.5380434782608695,0.5769230769230769,0.75,0.3218390804597701,,0.1694915254237288,0.15,0.2333333333333333,,,0.6363636363636364,1.0,0.6538461538461539,0.4333333333333333,0.5833333333333334,0.0555555555555555,0.62,0.2916666666666667,0.4285714285714285,0.45,0.3333333333333333,0.0625,0.75,0.5625,0.8333333333333334,0.4375,0.875,0.0263157894736842,90.0,0.8,15.910112359550562,16.087912087912088,15.123595505617978,15.24175824175824,0.2298850574712643,0.65,0.7647058823529411,0.5384615384615384,0.3448275862068966,0.3333333333333333,0.4347826086956521,0.4,0.1034482758620689,0.6666666666666666,0.6666666666666666,0.5,0.0459770114942528,0.5,0.5,1.0,0.2758620689655172,0.3333333333333333,0.3333333333333333,0.875,0.3846153846153846,0.6,0.0769230769230769,1.0,1.0,0.2857142857142857,1.0,,,0.2857142857142857,0.5,0.5517241379310345,0.3333333333333333,0.4997551724137931,0.5134291666666667,0.4980428571428571,0.0652173913043478,0.09375,,0.1515151515151515,0.1212121212121212,7.398305084745763,25.939285714285717,0.1123595505617977,2024-03-11,22300938.0,BOS,,,3.0,3.0,,,,,,1.0,1.0,,,,0.3333333333333333,,,,,,,,,2023-24,2024,Regular Season,
77,48:00,99.0,99.0,6.0,8.0,18.0,198.0,14.0,21.0,6.0,10.0,,,9.0,27.0,3.0,16.0,4.0,8.0,,,10.0,30.0,1.0,5.0,,1.0,26.0,64.0,14.0,38.0,13.0,107.0,8.0,18.0,1.0,6.0,2.0,21.0,2.0,2.0,,1.0,4.0,8.0,30.0,22.0,33.0,14.0,,30.0,10.0,8.0,,15.0,11.0,26.0,7.0,4.0,6.0,7.0,2.0,63.0,11.0,14.0,16.0,15.0,2.0,33.0,25.0,58.0,2.0,8.0,5.0,3.0,11.0,,7.0,4.0,1.0,4.0,1.0,15.0,,,5.0,12.0,,1.0,,12.0,,2.0,1.0,13.0,1.0,,5.0,,2.0,2.0,1.0,,1.0,2.0,1.0,86.0,8.0,6.0,2.0,2.0,0.5769230769230769,0.7894736842105263,0.7857142857142857,0.3684210526315789,0.1666666666666666,,0.3684210526315789,0.40625,0.4444444444444444,1.0,0.4607843137254901,0.3958333333333333,0.6666666666666666,0.4953703703703703,0.42,0.8,0.3725490196078431,,0.125,0.1428571428571428,0.1851851851851851,,,0.7333333333333333,1.0,0.9375,0.3684210526315789,0.8,0.4583333333333333,0.8611111111111112,0.4032258064516129,0.2857142857142857,0.5,0.2307692307692307,0.45,1.0,0.8333333333333334,1.0,0.8888888888888888,,0.037037037037037,99.0,0.5,14.686868686868689,14.404040404040405,13.424242424242424,14.12121212121212,0.2058823529411764,0.6666666666666666,0.7777777777777778,0.4285714285714285,0.2647058823529412,0.3333333333333333,0.4090909090909091,0.7777777777777778,0.1568627450980392,0.1875,0.1875,0.6666666666666666,0.0784313725490196,0.5,0.5,1.0,0.2941176470588235,0.3333333333333333,0.3333333333333333,0.7,0.4166666666666667,0.6,0.2083333333333333,0.2,1.0,,,,,0.3333333333333333,,0.5784313725490197,0.3333333333333333,0.4979843137254902,0.5165821428571429,0.3776166666666666,0.0471698113207547,0.0735294117647058,,0.1962616822429906,0.0747663551401869,8.4046875,25.739473684210527,0.0606060606060606,2024-04-07,22301134.0,BOS,,1.0,9.0,1.0,,0.0416666666666666,,,,,,,0.5,1.0,,,,,,,,,,2023-24,2024,Regular Season,
14,48:00,101.0,101.0,19.0,27.0,15.0,202.0,25.0,37.0,8.0,11.0,4.0,7.0,5.0,20.0,2.0,10.0,1.0,5.0,,1.0,12.0,29.0,,2.0,2.0,4.0,32.0,67.0,13.0,34.0,13.0,116.0,8.0,12.0,,2.0,3.0,19.0,4.0,12.0,2.0,5.0,1.0,15.0,26.0,38.0,30.0,12.0,,29.0,12.0,5.0,,13.0,10.0,23.0,9.0,1.0,8.0,3.0,2.0,56.0,6.0,10.0,22.0,12.0,2.0,36.0,16.0,52.0,2.0,9.0,7.0,2.0,3.0,3.0,1.0,6.0,,2.0,,9.0,,3.0,6.0,19.0,1.0,1.0,1.0,15.0,,,1.0,17.0,2.0,,9.0,,,2.0,1.0,,1.0,2.0,1.0,97.0,15.0,19.0,1.0,,0.40625,0.5,0.7692307692307693,0.3823529411764705,,0.4,0.3823529411764705,0.4776119402985074,0.6666666666666666,0.3333333333333333,0.5099009900990099,0.5714285714285714,0.4117647058823529,0.5324074074074074,0.59375,0.4166666666666667,0.3366336633663366,,0.0746268656716417,0.054054054054054,0.15,,,0.3333333333333333,1.0,0.8,0.2857142857142857,0.9166666666666666,0.3,0.8717948717948718,0.2909090909090909,0.25,0.2666666666666666,0.375,0.25,,0.9,1.0,0.9166666666666666,,0.04,101.0,0.5,13.465346534653465,15.049504950495049,13.049504950495049,14.871287128712872,0.3663366336633663,0.6756756756756757,0.7142857142857143,0.32,0.198019801980198,0.25,0.2941176470588235,0.6,0.099009900990099,0.2,0.2,1.0,0.0495049504950495,0.2,0.2,1.0,0.2871287128712871,0.4137931034482758,0.4137931034482758,0.75,0.7857142857142857,0.7272727272727273,0.1428571428571428,,,0.4117647058823529,0.5714285714285714,0.0588235294117647,,0.2352941176470588,0.5,0.7029702970297029,0.4137931034482758,0.5258876237623762,0.5760055555555555,0.5147147058823529,0.0833333333333333,0.1216216216216216,,0.1637931034482758,0.1293103448275862,6.258208955223881,26.45294117647059,0.1881188118811881,2023-11-22,22300228.0,BOS,,,9.0,2.0,,,,,1.0,,,,0.5,,,,,,,,,,,2023-24,2024,Regular Season,
37,48:00,98.0,99.0,16.0,23.0,11.0,197.0,21.0,23.0,4.0,4.0,3.0,3.0,7.0,19.0,6.0,8.0,3.0,10.0,2.0,3.0,15.0,32.0,3.0,5.0,2.0,3.0,34.0,50.0,18.0,42.0,13.0,135.0,4.0,5.0,3.0,6.0,1.0,18.0,8.0,10.0,4.0,6.0,,28.0,34.0,34.0,51.0,6.0,,32.0,15.0,5.0,,17.0,17.0,34.0,14.0,3.0,10.0,5.0,2.0,85.0,7.0,6.0,21.0,22.0,2.0,45.0,13.0,58.0,1.0,3.0,3.0,,5.0,,2.0,6.0,,3.0,,11.0,1.0,,12.0,22.0,1.0,2.0,,13.0,,,1.0,16.0,1.0,1.0,8.0,1.0,,6.0,2.0,,4.0,6.0,3.0,117.0,28.0,16.0,2.0,,0.5,0.5483870967741935,0.9444444444444444,0.4285714285714285,0.5,0.6666666666666666,0.4285714285714285,0.68,0.8,0.8,0.6630434782608695,0.7727272727272727,0.875,0.6818181818181818,0.75,0.875,0.4565217391304347,,0.1,0.0869565217391304,0.1578947368421052,,,0.4545454545454545,1.0,0.7333333333333333,0.375,0.8076923076923077,0.2916666666666667,0.7678571428571429,0.325,1.0,0.3333333333333333,,0.2941176470588235,0.5,0.7647058823529411,0.7777777777777778,0.7619047619047619,1.0,0.0285714285714285,98.5,0.5,14.53061224489796,14.707070707070708,13.979591836734691,13.98989898989899,0.25,0.9130434782608696,1.0,0.4761904761904761,0.2065217391304347,0.3684210526315789,0.4375,0.7142857142857143,0.0869565217391304,0.75,0.75,0.3333333333333333,0.108695652173913,0.3,0.3,1.0,0.3478260869565217,0.46875,0.46875,0.9333333333333332,0.3636363636363636,1.0,0.4545454545454545,0.6,1.0,0.1875,1.0,0.1875,0.6666666666666666,0.1875,0.6666666666666666,0.7065217391304348,0.46875,0.544983695652174,0.5683833333333334,0.50863125,0.0909090909090909,0.1403508771929824,0.0238095238095238,0.1333333333333333,0.2074074074074074,7.192,25.96190476190477,0.1632653061224489,2024-01-11,22300528.0,BOS,,1.0,3.0,1.0,1.0,0.0909090909090909,,,,,,,0.2857142857142857,2.0,,,,,,,,,,2023-24,2024,Regular Season,
68,48:00,95.0,94.0,11.0,20.0,10.0,189.0,11.0,17.0,6.0,8.0,,1.0,8.0,17.0,9.0,15.0,2.0,6.0,,,15.0,29.0,1.0,1.0,3.0,3.0,28.0,49.0,17.0,35.0,12.0,119.0,7.0,9.0,1.0,1.0,,17.0,1.0,3.0,3.0,3.0,5.0,16.0,18.0,38.0,33.0,12.0,,29.0,15.0,5.0,,9.0,11.0,20.0,9.0,2.0,3.0,2.0,4.0,51.0,4.0,7.0,14.0,17.0,4.0,35.0,11.0,46.0,1.0,3.0,1.0,2.0,6.0,4.0,5.0,9.0,,1.0,,15.0,1.0,2.0,12.0,25.0,,3.0,,18.0,1.0,1.0,2.0,14.0,1.0,,4.0,,3.0,6.0,1.0,1.0,4.0,6.0,4.0,102.0,16.0,11.0,1.0,3.0,0.3214285714285714,0.4090909090909091,0.6470588235294118,0.4857142857142857,1.0,1.0,0.4857142857142857,0.5714285714285714,0.7777777777777778,0.3333333333333333,0.6369047619047619,0.85,0.9166666666666666,0.6555555555555556,0.85,0.8888888888888888,0.4166666666666667,,0.1020408163265306,0.2352941176470588,0.0588235294117647,,,0.4,1.0,0.7391304347826086,0.3333333333333333,0.6363636363636364,0.2352941176470588,0.6888888888888889,0.2894736842105263,0.6666666666666666,0.3333333333333333,,0.2142857142857142,0.75,0.5,1.0,0.5882352941176471,0.8,0.0303030303030303,94.5,0.6666666666666666,13.91578947368421,16.574468085106382,13.557894736842105,15.797872340425531,0.2023809523809523,0.6470588235294118,0.8461538461538461,0.2727272727272727,0.2023809523809523,0.4705882352941176,0.5,0.25,0.1785714285714285,0.6,0.6,0.4444444444444444,0.0714285714285714,0.3333333333333333,0.3333333333333333,1.0,0.3452380952380952,0.5172413793103449,0.5172413793103449,0.6,0.8,0.75,0.1,1.0,1.0,0.1666666666666666,,,,0.5,1.0,0.6190476190476191,0.5172413793103449,0.5032946428571429,0.5483833333333333,0.450675,0.0459770114942528,0.0769230769230769,,0.1428571428571428,0.134453781512605,9.146938775510204,26.42,0.1157894736842105,2024-03-20,22300998.0,BOS,,,18.0,2.0,,,,,1.0,,,,0.3333333333333333,,,,1.0,,,,,,,2023-24,2024,Regular Season,
78,48:00,89.0,89.0,,5.0,11.0,178.0,14.0,20.0,3.0,3.0,,,9.0,18.0,3.0,7.0,5.0,11.0,,,12.0,25.0,1.0,2.0,,,26.0,45.0,17.0,36.0,1.0,104.0,3.0,5.0,2.0,5.0,1.0,13.0,,,,,,,28.0,24.0,45.0,4.0,,25.0,12.0,4.0,,14.0,15.0,29.0,10.0,5.0,10.0,2.0,2.0,73.0,6.0,6.0,25.0,15.0,,40.0,12.0,52.0,2.0,6.0,3.0,3.0,11.0,3.0,3.0,7.0,,8.0,1.0,18.0,1.0,,,4.0,,,,8.0,1.0,,1.0,2.0,,,1.0,,,5.0,3.0,,2.0,5.0,3.0,91.0,,,,,0.5384615384615384,0.5833333333333334,0.8823529411764706,0.4722222222222222,0.4,,0.4722222222222222,0.5777777777777777,0.6,,0.6358024691358025,0.6,,0.6341463414634146,0.5909090909090909,,0.4444444444444444,,0.0888888888888888,0.15,0.0555555555555555,,,0.6111111111111112,,0.7142857142857143,0.3157894736842105,0.7142857142857143,0.3157894736842105,0.7142857142857143,0.3157894736842105,0.5,0.3333333333333333,,0.2307692307692307,0.875,0.625,0.6,0.7307692307692307,0.6666666666666666,0.0588235294117647,89.0,0.6,16.617977528089888,15.741573033707866,15.808988764044944,14.955056179775282,0.2469135802469135,0.7,0.8235294117647058,0.7142857142857143,0.2222222222222222,0.5,0.5294117647058824,0.2222222222222222,0.0864197530864197,0.4285714285714285,0.4285714285714285,0.6666666666666666,0.1358024691358024,0.4545454545454545,0.4545454545454545,1.0,0.3086419753086419,0.48,0.48,0.8333333333333334,0.3,1.0,0.2,0.5,1.0,,,,,,,0.691358024691358,0.48,0.5415882716049383,0.61263,,0.0121951219512195,0.0217391304347826,,0.125,,7.017777777777778,26.322222222222223,,2024-04-09,22301148.0,BOS,1.0,3.0,6.0,,,0.3,0.3333333333333333,1.0,,,,,0.5,,0.3333333333333333,,1.0,,,,,,,2023-24,2024,Regular Season,
30,48:00,98.0,97.0,17.0,23.0,9.0,195.0,12.0,22.0,2.0,4.0,1.0,1.0,13.0,27.0,5.0,9.0,1.0,6.0,,,12.0,26.0,1.0,2.0,3.0,6.0,30.0,58.0,13.0,32.0,16.0,115.0,3.0,8.0,1.0,3.0,,9.0,5.0,10.0,3.0,6.0,3.0,22.0,24.0,36.0,36.0,2.0,,26.0,12.0,6.0,1.0,12.0,12.0,24.0,11.0,1.0,6.0,5.0,1.0,60.0,3.0,9.0,19.0,12.0,5.0,36.0,13.0,49.0,1.0,4.0,4.0,,8.0,,6.0,4.0,2.0,2.0,1.0,12.0,2.0,2.0,13.0,19.0,,1.0,,17.0,,1.0,2.0,21.0,2.0,,11.0,,,1.0,1.0,,,1.0,1.0,106.0,22.0,17.0,3.0,,0.4,0.4137931034482758,0.9230769230769232,0.40625,0.3333333333333333,0.5,0.40625,0.5172413793103449,0.375,0.5,0.55,0.4090909090909091,0.59375,0.5757575757575758,0.4090909090909091,0.6470588235294118,0.3555555555555555,0.03125,0.1034482758620689,0.0454545454545454,0.1851851851851851,,,0.6666666666666666,1.0,0.75,0.3214285714285714,0.6785714285714286,0.1764705882352941,0.7045454545454546,0.2666666666666666,0.3,0.3571428571428571,0.25,0.25,0.8,0.6666666666666666,0.8,0.7083333333333334,0.5,0.0263157894736842,97.5,1.0,14.93877551020408,14.597938144329897,14.5,13.855670103092784,0.2444444444444444,0.5454545454545454,0.5714285714285714,0.5,0.3,0.4814814814814814,0.5909090909090909,0.3846153846153846,0.1,0.5555555555555556,0.5555555555555556,0.2,0.0666666666666666,0.1666666666666666,0.2,1.0,0.2888888888888888,0.4615384615384615,0.4615384615384615,0.9166666666666666,0.3636363636363636,0.5,0.1818181818181818,0.5,1.0,0.0625,1.0,,,0.375,0.5,0.6,0.4615384615384615,0.5013922222222222,0.5063888888888889,0.47045,0.1111111111111111,0.1641791044776119,,0.0782608695652174,0.1913043478260869,6.631034482758621,25.753125,0.173469387755102,2023-12-25,22300403.0,BOS,,1.0,3.0,2.0,1.0,0.0909090909090909,,,1.0,,,0.1666666666666666,,,,,,1.0,0.5,,,,,2023-24,2024,Regular Season,
49,48:00,98.0,99.0,23.0,2.0,12.0,197.0,12.0,20.0,2.0,5.0,2.0,6.0,4.0,24.0,3.0,14.0,3.0,7.0,,,16.0,29.0,2.0,5.0,2.0,4.0,19.0,58.0,19.0,36.0,19.0,114.0,2.0,7.0,2.0,7.0,2.0,12.0,3.0,11.0,2.0,4.0,9.0,21.0,30.0,8.0,45.0,4.0,,29.0,16.0,12.0,,15.0,15.0,30.0,12.0,3.0,9.0,3.0,3.0,75.0,5.0,10.0,21.0,17.0,,38.0,16.0,54.0,2.0,11.0,7.0,4.0,4.0,2.0,3.0,3.0,,1.0,1.0,7.0,1.0,2.0,4.0,8.0,,,,19.0,,2.0,,26.0,1.0,,10.0,1.0,2.0,2.0,1.0,,1.0,2.0,1.0,102.0,21.0,23.0,,2.0,0.7894736842105263,0.8823529411764706,0.7894736842105263,0.5277777777777778,0.2857142857142857,0.5,0.5277777777777778,0.3275862068965517,0.2857142857142857,0.2727272727272727,0.5053191489361702,0.3571428571428571,0.4,0.5377358490566038,0.4,0.5,0.3829787234042553,,0.2068965517241379,0.05,0.375,0.1428571428571428,,0.5714285714285714,,0.7083333333333334,0.2564102564102564,0.7,0.2941176470588235,0.7037037037037037,0.2678571428571428,0.125,0.35,0.1818181818181818,0.3846153846153846,0.6,0.7222222222222222,1.0,0.6521739130434783,0.8571428571428571,0.0454545454545454,98.5,0.5,15.10204081632653,14.141414141414142,14.39795918367347,13.646464646464649,0.2127659574468085,0.6,0.631578947368421,0.75,0.2553191489361702,0.1666666666666666,0.2666666666666666,0.75,0.1489361702127659,0.2142857142857142,0.25,1.0,0.0744680851063829,0.4285714285714285,0.4285714285714285,1.0,0.3085106382978723,0.5517241379310345,0.5517241379310345,0.75,0.3571428571428571,0.4,0.3571428571428571,0.4,0.5,0.4,0.3333333333333333,,,0.2666666666666666,0.5,0.5957446808510638,0.5517241379310345,0.5177909574468085,0.5757090909090908,0.4867833333333333,0.1057692307692307,0.1492537313432835,0.027027027027027,0.1052631578947368,0.1842105263157894,7.882758620689655,26.308333333333334,0.2346938775510204,2024-02-01,22300684.0,BOS,,2.0,12.0,1.0,1.0,0.1428571428571428,,,,,,,,,,,,1.0,0.3333333333333333,,,,,2023-24,2024,Regular Season,
15,48:00,98.0,100.0,11.0,42.0,13.0,198.0,24.0,38.0,5.0,6.0,4.0,7.0,5.0,11.0,3.0,8.0,2.0,4.0,,,9.0,24.0,1.0,3.0,,1.0,32.0,57.0,11.0,28.0,16.0,113.0,5.0,6.0,2.0,4.0,5.0,21.0,4.0,8.0,,1.0,3.0,11.0,28.0,36.0,27.0,10.0,,24.0,9.0,4.0,,14.0,9.0,23.0,7.0,2.0,10.0,3.0,1.0,55.0,6.0,8.0,20.0,17.0,3.0,40.0,14.0,54.0,,5.0,2.0,3.0,10.0,2.0,6.0,8.0,1.0,4.0,3.0,18.0,1.0,1.0,13.0,28.0,1.0,1.0,,18.0,3.0,,2.0,22.0,1.0,,10.0,,1.0,3.0,2.0,,1.0,3.0,1.0,92.0,11.0,11.0,5.0,,0.4375,0.5185185185185185,0.8181818181818182,0.3928571428571428,0.5,,0.3928571428571428,0.5614035087719298,0.8333333333333334,0.5,0.5705882352941176,0.8,0.4444444444444444,0.5894736842105263,0.8076923076923077,0.5,0.3294117647058823,,0.0701754385964912,0.0526315789473684,0.0909090909090909,0.125,,0.5555555555555556,1.0,0.7391304347826086,0.32,0.9523809523809524,0.3529411764705882,0.8409090909090909,0.3333333333333333,0.3571428571428571,0.1666666666666666,0.4,0.3333333333333333,0.5,0.8333333333333334,0.8888888888888888,1.0,0.6666666666666666,,99.0,0.3333333333333333,15.153061224489797,13.95,14.857142857142858,13.77,0.4470588235294118,0.631578947368421,0.6666666666666666,0.4166666666666667,0.1294117647058823,0.4545454545454545,0.5,0.6,0.0941176470588235,0.375,0.4285714285714285,0.3333333333333333,0.0470588235294117,0.5,0.5,1.0,0.2823529411764706,0.375,0.375,0.7777777777777778,0.6,0.8333333333333334,0.3,0.3333333333333333,,0.7777777777777778,0.5714285714285714,,,0.1111111111111111,,0.7764705882352941,0.375,0.5620376470588235,0.5932833333333333,0.6387388888888889,0.1063829787234042,0.1515151515151515,,0.1858407079646017,0.0973451327433628,4.885964912280702,25.78214285714285,0.1122448979591836,2023-11-24,22300043.0,BOS,1.0,1.0,6.0,1.0,,0.1,1.0,1.0,2.0,,,,0.5,1.0,,,,,,1.0,,,,2023-24,2024,Regular Season,
23,48:00,97.0,98.0,29.0,39.0,16.0,195.0,17.0,25.0,6.0,9.0,4.0,7.0,8.0,21.0,3.0,6.0,3.0,11.0,2.0,5.0,11.0,24.0,,1.0,4.0,8.0,28.0,52.0,14.0,35.0,13.0,111.0,7.0,12.0,,2.0,3.0,17.0,5.0,15.0,6.0,13.0,6.0,34.0,26.0,30.0,36.0,14.0,,24.0,11.0,7.0,,13.0,12.0,25.0,9.0,3.0,8.0,4.0,1.0,62.0,9.0,11.0,20.0,12.0,2.0,34.0,20.0,54.0,,5.0,2.0,3.0,14.0,3.0,10.0,7.0,1.0,4.0,,21.0,4.0,4.0,8.0,22.0,,3.0,,22.0,,4.0,3.0,18.0,,,7.0,,2.0,2.0,1.0,,1.0,2.0,1.0,94.0,34.0,29.0,4.0,2.0,0.4642857142857143,0.6190476190476191,0.8571428571428571,0.4,,0.4615384615384615,0.4,0.5384615384615384,0.5833333333333334,0.3333333333333333,0.5632183908045977,0.5,0.5,0.578125,0.53125,0.53125,0.4022988505747126,,0.1346153846153846,0.04,0.238095238095238,0.1666666666666666,,0.6666666666666666,0.5,0.6,0.4583333333333333,0.9090909090909092,0.4285714285714285,0.7619047619047619,0.4444444444444444,0.625,0.3846153846153846,0.3333333333333333,0.3846153846153846,0.3333333333333333,0.6666666666666666,0.625,0.8666666666666667,1.0,,97.5,0.5,14.88659793814433,14.653061224489797,14.123711340206183,14.13265306122449,0.2873563218390804,0.68,0.7083333333333334,0.4705882352941176,0.2413793103448276,0.3809523809523809,0.5,0.5,0.0689655172413793,0.5,0.6,0.3333333333333333,0.1264367816091954,0.2727272727272727,0.2727272727272727,1.0,0.2758620689655172,0.4583333333333333,0.4583333333333333,0.8181818181818182,0.6428571428571429,0.6666666666666666,0.0714285714285714,,,0.25,0.5714285714285714,0.1785714285714285,0.4,0.2857142857142857,0.5,0.6896551724137931,0.4583333333333333,0.5139557471264368,0.5669299999999999,0.5222732142857143,0.0744680851063829,0.1186440677966101,,0.1531531531531531,0.3063063063063063,5.280769230769232,25.994285714285716,0.2989690721649484,2023-12-15,22300329.0,BOS,,1.0,6.0,3.0,,0.0714285714285714,,,,,,,0.5,,,,,,,,,,,2023-24,2024,Regular Season,
24,48:00,98.0,99.0,21.0,21.0,10.0,197.0,6.0,16.0,,3.0,1.0,4.0,11.0,25.0,6.0,12.0,2.0,7.0,1.0,1.0,9.0,29.0,1.0,1.0,1.0,5.0,23.0,53.0,11.0,36.0,18.0,97.0,1.0,5.0,1.0,1.0,6.0,11.0,6.0,13.0,2.0,6.0,5.0,23.0,18.0,28.0,27.0,,1.0,28.0,9.0,10.0,,9.0,9.0,18.0,7.0,2.0,3.0,3.0,3.0,45.0,5.0,5.0,14.0,21.0,1.0,36.0,11.0,47.0,4.0,7.0,3.0,4.0,4.0,2.0,3.0,5.0,,1.0,,9.0,1.0,1.0,5.0,16.0,,1.0,,19.0,1.0,,1.0,24.0,1.0,,10.0,,2.0,4.0,2.0,,2.0,4.0,3.0,86.0,23.0,21.0,,1.0,0.391304347826087,0.391304347826087,0.8181818181818182,0.3055555555555556,1.0,0.3333333333333333,0.3142857142857143,0.4339622641509434,0.2,0.4615384615384615,0.4438202247191011,0.4166666666666667,0.4736842105263157,0.48,0.55,0.5,0.4044943820224719,,0.1886792452830188,0.375,0.16,,,0.4444444444444444,1.0,0.7,0.1666666666666666,0.7777777777777778,0.2083333333333333,0.7291666666666666,0.1851851851851851,0.2,0.2142857142857142,,0.2105263157894736,0.7142857142857143,0.5,1.0,0.8,0.6666666666666666,0.0909090909090909,98.5,0.75,15.06122448979592,14.181818181818182,14.70408163265306,13.646464646464649,0.1797752808988764,0.375,0.6,0.5,0.2808988764044944,0.44,0.5238095238095238,0.2727272727272727,0.1348314606741573,0.5,0.5,0.5,0.0786516853932584,0.2857142857142857,0.2857142857142857,1.0,0.3258426966292135,0.3103448275862069,0.3103448275862069,0.7777777777777778,0.5,,0.1666666666666666,1.0,1.0,0.2105263157894736,0.25,0.0526315789473684,1.0,0.2631578947368421,0.2,0.5842696629213483,0.3214285714285714,0.5072965909090908,0.4892666666666667,0.4666777777777777,0.1020408163265306,0.1612903225806451,,0.1134020618556701,0.2371134020618556,8.620754716981132,27.15833333333333,0.2142857142857142,2023-12-17,22300344.0,BOS,,,6.0,1.0,,,,,1.0,,,,0.2,,,,1.0,1.0,0.3333333333333333,,,,,2023-24,2024,Regular Season,
46,48:00,97.0,97.0,16.0,17.0,9.0,194.0,13.0,17.0,2.0,3.0,4.0,4.0,19.0,27.0,4.0,12.0,3.0,10.0,2.0,4.0,7.0,25.0,1.0,3.0,,3.0,36.0,56.0,10.0,35.0,10.0,112.0,3.0,5.0,1.0,4.0,3.0,12.0,6.0,8.0,2.0,7.0,2.0,20.0,26.0,46.0,24.0,4.0,,25.0,7.0,5.0,,13.0,8.0,21.0,5.0,3.0,4.0,6.0,3.0,50.0,6.0,5.0,23.0,10.0,1.0,34.0,11.0,45.0,,7.0,5.0,2.0,7.0,2.0,3.0,5.0,2.0,4.0,,12.0,,1.0,10.0,14.0,,,,14.0,,,1.0,13.0,5.0,,9.0,,,6.0,2.0,,4.0,6.0,4.0,100.0,20.0,16.0,,,0.3611111111111111,0.3823529411764705,0.8,0.2857142857142857,0.25,0.2857142857142857,0.2857142857142857,0.6428571428571429,0.6,0.75,0.5604395604395604,0.5,0.6,0.5894736842105263,0.5454545454545454,0.5882352941176471,0.3846153846153846,,0.0892857142857142,0.0588235294117647,0.1481481481481481,,,0.5833333333333334,1.0,0.7692307692307693,0.2631578947368421,0.8214285714285714,0.24,0.8048780487804879,0.25,0.25,0.25,0.2857142857142857,0.2777777777777778,0.5,0.8888888888888888,0.5,0.7916666666666666,1.0,,97.0,0.6666666666666666,15.608247422680412,14.082474226804123,14.969072164948454,13.711340206185566,0.1868131868131868,0.7647058823529411,0.8125,0.3076923076923077,0.2967032967032967,0.7037037037037037,0.8260869565217391,0.3157894736842105,0.1318681318681318,0.3333333333333333,0.3333333333333333,0.75,0.1098901098901098,0.3,0.3,1.0,0.2747252747252747,0.28,0.28,0.7142857142857143,0.3333333333333333,0.6666666666666666,0.3333333333333333,0.3333333333333333,1.0,0.2666666666666666,1.0,0.2666666666666666,0.5,0.2,,0.5714285714285714,0.28,0.5042725274725275,0.4958,0.54886,0.0947368421052631,0.15,,0.1071428571428571,0.1785714285714285,8.739285714285714,25.782857142857143,0.1649484536082474,2024-01-29,22300659.0,BOS,,1.0,6.0,,,0.1111111111111111,,,,,,,0.1428571428571428,,,,1.0,,,,,,,2023-24,2024,Regular Season,
73,48:00,91.0,91.0,21.0,17.0,9.0,182.0,14.0,32.0,3.0,6.0,2.0,7.0,4.0,15.0,3.0,4.0,6.0,9.0,1.0,1.0,7.0,26.0,,2.0,2.0,4.0,21.0,51.0,13.0,35.0,11.0,92.0,3.0,8.0,,2.0,1.0,7.0,5.0,11.0,3.0,5.0,6.0,25.0,20.0,22.0,36.0,4.0,,26.0,7.0,7.0,,10.0,12.0,22.0,6.0,6.0,8.0,2.0,,56.0,3.0,8.0,16.0,16.0,,32.0,11.0,43.0,2.0,9.0,4.0,5.0,7.0,,4.0,2.0,1.0,3.0,,9.0,,3.0,6.0,12.0,,1.0,,13.0,,1.0,,18.0,2.0,,8.0,,1.0,3.0,2.0,,1.0,3.0,2.0,85.0,25.0,21.0,,1.0,0.4761904761904761,0.5263157894736842,0.9230769230769232,0.3714285714285714,,0.6,0.3714285714285714,0.4117647058823529,0.375,0.4545454545454545,0.4709302325581395,0.3,0.59375,0.4838709677419355,0.3181818181818182,0.631578947368421,0.4069767441860465,,0.1372549019607843,0.21875,,,,0.7777777777777778,,0.7619047619047619,0.2666666666666666,0.7619047619047619,0.1363636363636363,0.7619047619047619,0.2115384615384615,0.3333333333333333,0.1818181818181818,,0.1578947368421052,0.7777777777777778,0.6666666666666666,1.0,0.7857142857142857,0.7142857142857143,0.0444444444444444,91.0,0.6666666666666666,15.23076923076923,16.417582417582416,14.714285714285714,15.9010989010989,0.3720930232558139,0.4375,0.56,0.5714285714285714,0.1744186046511628,0.2666666666666666,0.2666666666666666,0.5,0.0465116279069767,0.75,0.75,,0.1046511627906976,0.6666666666666666,0.6666666666666666,1.0,0.3023255813953488,0.2692307692307692,0.2692307692307692,0.8571428571428571,0.6,0.5,0.2,,,0.4375,0.2857142857142857,0.0625,1.0,0.25,0.5,0.7790697674418605,0.2692307692307692,0.5335831395348838,0.4937142857142857,0.486446875,0.0869565217391304,0.1403508771929824,,0.0760869565217391,0.2717391304347826,5.2745098039215685,25.165714285714284,0.2307692307692307,2024-03-30,22301074.0,BOS,,,3.0,1.0,,,,,2.0,,,,,,0.3333333333333333,,,,,,,,,2023-24,2024,Regular Season,
42,48:00,98.0,100.0,34.0,22.0,10.0,198.0,19.0,31.0,2.0,5.0,5.0,7.0,8.0,18.0,2.0,8.0,4.0,11.0,2.0,4.0,10.0,29.0,,2.0,6.0,11.0,29.0,57.0,14.0,40.0,10.0,110.0,4.0,9.0,,3.0,2.0,10.0,9.0,15.0,8.0,15.0,7.0,49.0,26.0,32.0,33.0,4.0,1.0,28.0,10.0,7.0,1.0,13.0,11.0,24.0,7.0,4.0,12.0,1.0,,59.0,4.0,9.0,26.0,12.0,2.0,40.0,13.0,53.0,4.0,4.0,1.0,3.0,7.0,1.0,5.0,3.0,2.0,2.0,,10.0,1.0,2.0,13.0,20.0,,,,20.0,,1.0,1.0,14.0,4.0,,7.0,,2.0,4.0,4.0,,,4.0,1.0,100.0,49.0,34.0,2.0,2.0,0.4482758620689655,0.4814814814814814,0.7857142857142857,0.35,,0.5333333333333333,0.358974358974359,0.5087719298245614,0.4444444444444444,0.6,0.5154639175257731,0.3333333333333333,0.7,0.5392156862745098,0.4166666666666667,0.7205882352941176,0.4123711340206185,0.025,0.1228070175438596,0.1290322580645161,0.1111111111111111,0.125,0.0344827586206896,0.7,1.0,0.8,0.3214285714285714,0.8387096774193549,0.16,0.8260869565217391,0.2452830188679245,0.4166666666666667,0.3,0.1666666666666666,0.2222222222222222,0.6666666666666666,1.0,1.0,0.8571428571428571,0.8,0.0869565217391304,99.0,0.25,15.051020408163266,14.05,14.33673469387755,13.72,0.3195876288659793,0.6129032258064516,0.7037037037037037,0.631578947368421,0.1855670103092783,0.4444444444444444,0.5,0.125,0.0824742268041237,0.25,0.2857142857142857,,0.1134020618556701,0.3636363636363636,0.3636363636363636,1.0,0.2989690721649484,0.3448275862068966,0.3571428571428571,0.7,0.4166666666666667,0.4,0.1666666666666666,,,0.2333333333333333,0.7142857142857143,0.1333333333333333,0.5,0.3666666666666666,0.5454545454545454,0.7319587628865979,0.3571428571428571,0.5470578125,0.5196611111111111,0.5477224137931035,0.07,0.1166666666666666,,0.0909090909090909,0.4454545454545454,6.017543859649122,25.7,0.3469387755102041,2024-01-22,22300611.0,BOS,,1.0,9.0,1.0,,0.0833333333333333,,,,,,,,,,,,,,,,,,2023-24,2024,Regular Season,
59,48:00,100.0,98.0,7.0,3.0,11.0,198.0,18.0,27.0,3.0,4.0,,,14.0,24.0,3.0,9.0,,5.0,,,9.0,29.0,1.0,1.0,,,35.0,60.0,9.0,34.0,13.0,110.0,5.0,9.0,1.0,2.0,2.0,15.0,2.0,4.0,,,2.0,6.0,32.0,38.0,12.0,6.0,,29.0,9.0,7.0,1.0,16.0,4.0,20.0,4.0,,12.0,3.0,1.0,44.0,5.0,7.0,17.0,15.0,,32.0,12.0,44.0,4.0,4.0,3.0,1.0,4.0,1.0,4.0,4.0,2.0,,,8.0,,1.0,7.0,12.0,,,,15.0,1.0,,,18.0,2.0,,10.0,,,4.0,4.0,,,4.0,3.0,95.0,6.0,7.0,1.0,,0.4571428571428571,0.5,0.4444444444444444,0.2647058823529412,0.5,,0.2647058823529412,0.5833333333333334,0.5555555555555556,0.5,0.5159574468085106,0.5909090909090909,0.5,0.5392156862745098,0.625,0.6,0.3617021276595745,0.0294117647058823,0.1166666666666666,0.1481481481481481,0.125,,0.0344827586206896,0.5,,0.75,0.28,0.8095238095238095,0.2,0.7804878048780488,0.24,0.1111111111111111,0.4,0.3333333333333333,0.2,0.4285714285714285,0.8888888888888888,1.0,0.8235294117647058,0.75,0.0952380952380952,99.0,0.75,14.23,14.86734693877551,13.75,14.642857142857142,0.2872340425531915,0.6666666666666666,0.782608695652174,0.6666666666666666,0.2553191489361702,0.5833333333333334,0.6666666666666666,0.2142857142857142,0.0957446808510638,0.3333333333333333,0.3333333333333333,0.3333333333333333,0.0531914893617021,,,,0.3085106382978723,0.3103448275862069,0.3214285714285714,0.4444444444444444,0.3636363636363636,0.75,0.0909090909090909,1.0,1.0,,,,,,,0.648936170212766,0.3103448275862069,0.5220212765957447,0.47288125,0.399025,0.0980392156862745,0.1470588235294117,,0.1363636363636363,0.0545454545454545,6.848333333333333,26.29705882352941,0.07,2024-03-01,22300859.0,BOS,,1.0,15.0,,,0.0909090909090909,,,,,,,0.2,,0.3333333333333333,,,,,,,,,2023-24,2024,Regular Season,
99,48:00,92.0,93.0,18.0,20.0,13.0,185.0,16.0,25.0,5.0,6.0,2.0,3.0,10.0,26.0,2.0,6.0,1.0,3.0,1.0,1.0,6.0,24.0,,3.0,1.0,2.0,28.0,57.0,7.0,27.0,12.0,89.0,6.0,8.0,,3.0,4.0,16.0,6.0,9.0,2.0,3.0,2.0,20.0,12.0,44.0,9.0,6.0,,24.0,6.0,8.0,1.0,6.0,3.0,9.0,2.0,1.0,3.0,2.0,1.0,21.0,,12.0,18.0,12.0,4.0,34.0,13.0,47.0,3.0,8.0,4.0,4.0,6.0,1.0,1.0,5.0,1.0,5.0,2.0,11.0,,4.0,9.0,16.0,,1.0,,16.0,1.0,2.0,,19.0,1.0,,8.0,,2.0,1.0,,,1.0,1.0,,73.0,20.0,18.0,,2.0,0.2142857142857142,0.24,0.4285714285714285,0.2592592592592592,,0.6666666666666666,0.2592592592592592,0.4912280701754385,0.75,0.6666666666666666,0.4583333333333333,0.5454545454545454,0.75,0.478494623655914,0.6153846153846154,0.7142857142857143,0.3214285714285714,0.037037037037037,0.1403508771929824,0.2,0.0769230769230769,0.1666666666666666,0.0416666666666666,0.5454545454545454,1.0,0.8,0.4137931034482758,0.6923076923076923,,0.7317073170731707,0.2448979591836734,0.5555555555555556,0.3125,0.5,,,0.7142857142857143,0.875,0.6666666666666666,0.75,0.075,92.5,,14.619565217391305,16.50537634408602,14.08695652173913,15.924731182795698,0.2976190476190476,0.64,0.8,0.1875,0.3095238095238095,0.3846153846153846,0.4166666666666667,0.2,0.0714285714285714,0.3333333333333333,0.4,0.5,0.0357142857142857,0.3333333333333333,0.3333333333333333,1.0,0.2857142857142857,0.25,0.2608695652173913,0.3333333333333333,0.5454545454545454,0.8333333333333334,0.2727272727272727,,,0.25,0.6666666666666666,0.0833333333333333,1.0,0.1666666666666666,0.5,0.6190476190476191,0.25,0.5182255952380952,0.5299136363636363,0.488525,0.0879120879120879,0.125,,0.1797752808988764,0.2247191011235955,6.128070175438597,26.496296296296297,0.1956521739130435,2024-06-06,42300401.0,BOS,,,12.0,,,,,,,,,,,,0.2,,,1.0,0.25,,,,,2023-24,2024,Playoffs,
100,48:00,92.0,93.0,9.0,27.0,11.0,185.0,18.0,22.0,2.0,3.0,2.0,3.0,9.0,21.0,5.0,11.0,1.0,5.0,,,5.0,21.0,,,,2.0,32.0,54.0,6.0,26.0,16.0,98.0,6.0,8.0,,,1.0,13.0,3.0,4.0,,2.0,5.0,11.0,34.0,30.0,12.0,2.0,,21.0,5.0,5.0,,17.0,4.0,21.0,3.0,1.0,11.0,4.0,2.0,46.0,5.0,7.0,20.0,15.0,1.0,36.0,13.0,49.0,2.0,5.0,2.0,3.0,10.0,1.0,5.0,5.0,1.0,5.0,2.0,15.0,3.0,2.0,6.0,17.0,,1.0,1.0,15.0,,4.0,,24.0,2.0,,10.0,1.0,1.0,2.0,2.0,,,3.0,2.0,85.0,11.0,9.0,5.0,1.0,0.53125,0.5483870967741935,0.6666666666666666,0.2307692307692307,,,0.2307692307692307,0.5925925925925926,0.75,0.75,0.5125,0.75,0.5,0.5444444444444444,0.65,0.6111111111111112,0.325,,0.0925925925925925,0.1363636363636363,0.0952380952380952,,,0.6666666666666666,1.0,0.8823529411764706,0.3181818181818182,0.6896551724137931,0.25,0.7608695652173914,0.2857142857142857,,0.5,0.1666666666666666,0.125,0.7142857142857143,1.0,1.0,0.6363636363636364,0.8571428571428571,0.054054054054054,92.5,0.6666666666666666,15.032608695652174,16.096774193548388,14.467391304347826,15.344086021505376,0.275,0.8181818181818182,0.9473684210526316,0.6111111111111112,0.2625,0.4285714285714285,0.4736842105263157,0.4444444444444444,0.1375,0.4545454545454545,0.4545454545454545,0.4,0.0625,0.2,0.2,1.0,0.2625,0.238095238095238,0.238095238095238,0.6,0.375,0.6666666666666666,,,,0.5,0.6666666666666666,,,0.3333333333333333,,0.6,0.238095238095238,0.545391875,0.4415,0.555075,0.1235955056179775,0.1612903225806451,0.037037037037037,0.1326530612244898,0.1122448979591836,7.4222222222222225,26.057692307692307,0.0978260869565217,2024-06-09,42300402.0,BOS,,,6.0,1.0,,,,,1.0,1.0,1.0,,0.75,,0.5,,,1.0,0.3333333333333333,,,,,2023-24,2024,Playoffs,
101,48:00,91.0,92.0,17.0,21.0,10.0,183.0,15.0,26.0,4.0,4.0,2.0,5.0,11.0,29.0,3.0,6.0,3.0,6.0,,1.0,6.0,19.0,1.0,2.0,,5.0,29.0,61.0,9.0,25.0,14.0,99.0,5.0,7.0,1.0,2.0,1.0,14.0,3.0,8.0,,6.0,4.0,10.0,20.0,38.0,15.0,6.0,,19.0,6.0,4.0,2.0,10.0,5.0,15.0,2.0,3.0,7.0,2.0,1.0,35.0,4.0,6.0,26.0,12.0,,38.0,10.0,48.0,,5.0,1.0,4.0,4.0,,2.0,5.0,1.0,2.0,,9.0,1.0,2.0,3.0,17.0,,2.0,,19.0,,1.0,1.0,16.0,1.0,,6.0,1.0,1.0,1.0,1.0,,,1.0,,85.0,9.0,16.0,2.0,,0.3448275862068966,0.3846153846153846,0.5555555555555556,0.36,0.5,,0.36,0.4754098360655737,0.7142857142857143,0.375,0.4941860465116279,0.7222222222222222,0.2142857142857142,0.532258064516129,0.7,0.2941176470588235,0.2906976744186046,0.08,0.0655737704918032,0.1153846153846153,0.0344827586206896,,0.0526315789473684,0.4444444444444444,,0.8,0.2,0.896551724137931,0.25,0.8636363636363636,0.217391304347826,0.3,0.1111111111111111,0.5,0.2307692307692307,0.5,0.8571428571428571,1.0,0.8888888888888888,0.9090909090909092,,91.5,,15.615384615384617,15.858695652173912,15.12087912087912,15.597826086956522,0.3023255813953488,0.5769230769230769,0.6521739130434783,0.4666666666666667,0.3372093023255814,0.3793103448275862,0.3928571428571428,0.1818181818181818,0.0697674418604651,0.5,0.5,0.3333333333333333,0.0697674418604651,0.5,0.6,1.0,0.2209302325581395,0.3157894736842105,0.3333333333333333,0.3333333333333333,0.4444444444444444,1.0,0.2222222222222222,0.5,,0.3571428571428571,0.4,0.0714285714285714,,0.3571428571428571,,0.5930232558139535,0.3157894736842105,0.5230441860465116,0.5373928571428571,0.5255964285714285,0.0760869565217391,0.0909090909090909,0.0384615384615384,0.1414141414141414,0.101010101010101,6.388524590163934,25.576,0.1868131868131868,2024-06-12,42300403.0,BOS,,,12.0,3.0,,,,,,,,0.1666666666666666,0.3333333333333333,1.0,0.25,,1.0,,,,,,,2023-24,2024,Playoffs,
102,48:00,94.0,95.0,30.0,14.0,13.0,189.0,18.0,26.0,2.0,4.0,6.0,10.0,12.0,25.0,1.0,3.0,4.0,7.0,1.0,2.0,11.0,30.0,,3.0,2.0,9.0,31.0,54.0,15.0,37.0,15.0,122.0,4.0,6.0,1.0,5.0,5.0,16.0,12.0,21.0,3.0,11.0,5.0,38.0,16.0,46.0,39.0,2.0,,30.0,11.0,5.0,,8.0,13.0,21.0,9.0,4.0,7.0,1.0,,55.0,9.0,6.0,25.0,20.0,,45.0,15.0,60.0,,7.0,2.0,5.0,2.0,2.0,2.0,7.0,1.0,,,9.0,,2.0,7.0,17.0,,1.0,,19.0,,1.0,2.0,22.0,2.0,,7.0,2.0,2.0,1.0,,,1.0,2.0,1.0,106.0,38.0,30.0,,2.0,0.2580645161290322,0.2666666666666666,0.8666666666666667,0.4054054054054054,0.2,0.2727272727272727,0.4054054054054054,0.5740740740740741,0.6666666666666666,0.5714285714285714,0.5879120879120879,0.5,0.515625,0.61,0.5333333333333333,0.5277777777777778,0.4065934065934066,,0.0925925925925925,0.0769230769230769,0.12,,,0.2222222222222222,,0.8333333333333334,0.2608695652173913,0.925925925925926,0.4090909090909091,0.8823529411764706,0.3333333333333333,0.25,0.3076923076923077,,0.3684210526315789,0.8571428571428571,0.8125,1.0,0.92,1.0,,94.5,0.5,15.117021276595745,15.357894736842104,14.159574468085106,14.93684210526316,0.2857142857142857,0.6923076923076923,0.75,0.3888888888888889,0.2747252747252747,0.48,0.5454545454545454,0.0833333333333333,0.0329670329670329,0.3333333333333333,0.3333333333333333,,0.0769230769230769,0.5714285714285714,0.5714285714285714,1.0,0.3296703296703296,0.3666666666666666,0.3666666666666666,0.8181818181818182,0.3636363636363636,0.5,0.2727272727272727,,,0.3125,0.6,0.0625,0.5,0.28125,0.2222222222222222,0.6923076923076923,0.3666666666666666,0.5469838888888888,0.5275,0.559140625,0.0918367346938775,0.1186440677966101,0.0512820512820512,0.1311475409836065,0.3114754098360656,5.462962962962963,25.48108108108108,0.3191489361702128,2024-06-14,42300404.0,BOS,1.0,2.0,6.0,,,0.1818181818181818,0.5,1.0,,1.0,1.0,,0.6666666666666666,,,,2.0,,,,,,,2023-24,2024,Playoffs,
103,48:00,89.0,89.0,12.0,39.0,9.0,178.0,16.0,22.0,3.0,5.0,1.0,4.0,6.0,13.0,2.0,6.0,2.0,5.0,,2.0,9.0,32.0,,2.0,,2.0,24.0,41.0,11.0,37.0,7.0,88.0,3.0,6.0,,3.0,,6.0,2.0,6.0,,4.0,1.0,5.0,24.0,24.0,18.0,2.0,,32.0,9.0,2.0,,12.0,6.0,18.0,4.0,2.0,12.0,,,42.0,7.0,2.0,17.0,16.0,,33.0,9.0,42.0,,4.0,2.0,2.0,9.0,1.0,5.0,4.0,1.0,4.0,1.0,13.0,,1.0,11.0,20.0,,1.0,,15.0,,2.0,1.0,13.0,3.0,,7.0,,1.0,4.0,1.0,,3.0,4.0,2.0,82.0,5.0,12.0,,1.0,0.5,0.5217391304347826,0.5454545454545454,0.2972972972972973,,,0.2972972972972973,0.5853658536585366,0.5,0.3333333333333333,0.5192307692307693,0.3333333333333333,0.2,0.5301204819277109,0.3333333333333333,0.2272727272727272,0.4743589743589743,,0.048780487804878,0.0454545454545454,0.0769230769230769,,,0.6923076923076923,,0.64,0.1176470588235294,0.68,0.2692307692307692,0.66,0.2093023255813953,0.1666666666666666,,0.25,0.2608695652173913,0.75,0.5454545454545454,0.5,0.6666666666666666,0.75,,89.0,0.5,14.49438202247191,17.865168539325843,13.932584269662922,16.292134831460675,0.282051282051282,0.7272727272727273,0.7619047619047619,0.75,0.1666666666666666,0.4615384615384615,0.5,,0.0769230769230769,0.3333333333333333,0.3333333333333333,,0.0641025641025641,0.4,0.4,1.0,0.4102564102564102,0.28125,0.28125,0.4444444444444444,0.5555555555555556,0.6,0.2222222222222222,,,0.4,0.25,0.2,,0.2,,0.7564102564102564,0.28125,0.5426948717948717,0.5249125,0.5714,0.0853658536585365,0.1555555555555555,,0.0681818181818181,0.0568181818181818,6.514634146341464,26.28108108108108,0.1348314606741573,2024-06-17,42300405.0,BOS,,1.0,15.0,,,0.1111111111111111,,,,,,,0.3333333333333333,,0.6666666666666666,,,,,,,,,2023-24,2024,Playoffs,
42,48:00,84.0,85.0,8.0,1.0,11.0,169.0,9.0,10.0,1.0,2.0,1.0,1.0,12.0,18.0,13.0,22.0,2.0,7.0,,,6.0,24.0,,1.0,1.0,3.0,34.0,50.0,8.0,31.0,10.0,102.0,5.0,9.0,1.0,2.0,2.0,15.0,2.0,3.0,1.0,3.0,3.0,10.0,26.0,42.0,21.0,4.0,,24.0,6.0,,2.0,13.0,7.0,20.0,5.0,2.0,4.0,4.0,5.0,47.0,8.0,4.0,21.0,17.0,1.0,39.0,12.0,51.0,,,,,5.0,2.0,2.0,6.0,,3.0,1.0,11.0,1.0,1.0,8.0,13.0,1.0,,,17.0,,2.0,,13.0,2.0,,5.0,,2.0,3.0,3.0,,,3.0,3.0,87.0,9.0,7.0,,1.0,0.3823529411764705,0.40625,0.875,0.2580645161290322,0.5,0.3333333333333333,0.2580645161290322,0.68,0.5555555555555556,0.6666666666666666,0.5679012345679012,0.5909090909090909,0.5833333333333334,0.5872093023255814,0.625,0.625,0.382716049382716,0.064516129032258,,,,,0.0833333333333333,0.4545454545454545,0.5,0.8095238095238095,0.2666666666666666,0.7241379310344828,0.3478260869565217,0.76,0.3157894736842105,1.0,0.3333333333333333,0.125,0.4444444444444444,0.8,0.7777777777777778,0.8571428571428571,0.65,0.8888888888888888,,84.5,1.0,17.738095238095237,16.352941176470587,16.785714285714285,15.505882352941176,0.1234567901234567,0.9,0.9,0.4444444444444444,0.2222222222222222,0.6666666666666666,0.6666666666666666,0.3333333333333333,0.2716049382716049,0.5909090909090909,0.5909090909090909,0.3846153846153846,0.0864197530864197,0.2857142857142857,0.2857142857142857,1.0,0.2962962962962963,0.25,0.2727272727272727,0.8333333333333334,0.1818181818181818,0.5,0.0909090909090909,,,0.1666666666666666,1.0,,,0.5,0.3333333333333333,0.5061728395061729,0.25,0.485103086419753,0.4808416666666666,0.4724666666666666,0.0595238095238095,0.0943396226415094,,0.1470588235294117,0.0980392156862745,11.184,25.93870967741936,0.0952380952380952,2024-01-19,22300586.0,BOS,1.0,1.0,3.0,,,0.0909090909090909,1.0,1.0,2.0,,,,,,,,,,,,,,,2023-24,2024,Regular Season,
62,48:00,97.0,97.0,15.0,37.0,7.0,194.0,23.0,39.0,2.0,4.0,3.0,9.0,11.0,19.0,7.0,11.0,1.0,8.0,,,3.0,13.0,,2.0,1.0,1.0,41.0,69.0,4.0,21.0,21.0,115.0,2.0,4.0,,2.0,5.0,9.0,5.0,13.0,1.0,1.0,7.0,20.0,48.0,34.0,9.0,4.0,,13.0,3.0,3.0,,24.0,3.0,27.0,2.0,1.0,14.0,4.0,6.0,57.0,1.0,8.0,20.0,14.0,5.0,39.0,9.0,48.0,2.0,10.0,6.0,4.0,6.0,,4.0,2.0,,2.0,1.0,8.0,1.0,,10.0,19.0,,,,18.0,1.0,,,22.0,1.0,,8.0,,2.0,4.0,3.0,,1.0,4.0,2.0,106.0,18.0,14.0,3.0,1.0,0.5853658536585366,0.6153846153846154,0.75,0.1904761904761904,,1.0,0.1904761904761904,0.5942028985507246,0.5,0.3846153846153846,0.5222222222222223,0.3333333333333333,0.4642857142857143,0.5656565656565656,0.5,0.5588235294117647,0.2333333333333333,,0.0434782608695652,0.0769230769230769,,,,0.75,1.0,0.6086956521739131,0.2962962962962963,0.7407407407407407,0.0588235294117647,0.68,0.2045454545454545,0.375,0.25,,0.1,0.5714285714285714,0.625,1.0,0.7272727272727273,0.8,0.048780487804878,97.0,0.5,15.835051546391751,13.855670103092784,15.556701030927837,13.041237113402062,0.4333333333333333,0.5897435897435898,0.6388888888888888,0.6086956521739131,0.2111111111111111,0.5789473684210527,0.5789473684210527,0.3636363636363636,0.1222222222222222,0.6363636363636364,0.6363636363636364,0.8571428571428571,0.0888888888888888,0.125,0.125,1.0,0.1444444444444444,0.2307692307692307,0.2307692307692307,0.6666666666666666,0.6666666666666666,0.5,0.3333333333333333,,,0.6428571428571429,0.3333333333333333,,,0.0714285714285714,1.0,0.6666666666666666,0.2307692307692307,0.5605033333333334,0.57403,0.5793107142857143,0.0824742268041237,0.1052631578947368,,0.0782608695652174,0.1739130434782608,5.8,24.94761904761905,0.1546391752577319,2024-03-07,22300906.0,BOS,,,3.0,,,,,,3.0,,,,,,,,,,,,,,,2023-24,2024,Regular Season,
3,48:00,106.0,107.0,20.0,24.0,8.0,213.0,18.0,20.0,3.0,4.0,4.0,4.0,17.0,32.0,6.0,12.0,2.0,9.0,,1.0,3.0,28.0,,3.0,,2.0,41.0,64.0,5.0,37.0,7.0,104.0,4.0,5.0,,4.0,,8.0,11.0,12.0,,3.0,2.0,24.0,42.0,40.0,15.0,6.0,,28.0,3.0,2.0,,21.0,5.0,26.0,3.0,2.0,12.0,7.0,2.0,57.0,5.0,5.0,10.0,16.0,,26.0,10.0,36.0,,6.0,2.0,4.0,5.0,,2.0,4.0,1.0,3.0,,9.0,1.0,3.0,13.0,20.0,,1.0,,19.0,1.0,1.0,2.0,12.0,2.0,,6.0,,1.0,6.0,4.0,,2.0,6.0,3.0,96.0,24.0,20.0,2.0,,0.5121951219512195,0.5526315789473685,1.0,0.1351351351351351,,,0.1351351351351351,0.640625,0.8,0.9166666666666666,0.4801980198019802,0.4444444444444444,0.7333333333333333,0.490566037735849,0.4444444444444444,0.75,0.3663366336633663,,0.03125,,0.0625,,,0.5555555555555556,,0.6666666666666666,0.217391304347826,0.7142857142857143,0.15625,0.6842105263157895,0.1818181818181818,0.5,0.2,0.1666666666666666,0.2,0.7142857142857143,0.5,1.0,0.7142857142857143,,,106.5,0.5,14.556603773584904,12.495327102803738,14.00943396226415,12.25233644859813,0.198019801980198,0.9,0.9,0.6666666666666666,0.3168316831683168,0.53125,0.5666666666666667,0.4117647058823529,0.1188118811881188,0.5,0.5,0.3333333333333333,0.0891089108910891,0.2222222222222222,0.2222222222222222,1.0,0.2772277227722772,0.1071428571428571,0.1071428571428571,1.0,0.4444444444444444,0.75,0.3333333333333333,,,0.2666666666666666,1.0,0.0666666666666666,,0.1333333333333333,,0.5643564356435643,0.1071428571428571,0.5140648514851485,0.5382,0.52632,0.0571428571428571,0.088235294117647,,0.0769230769230769,0.2307692307692307,7.6078125,25.95945945945946,0.1886792452830188,2023-11-01,22300118.0,BOS,,1.0,,1.0,,0.1111111111111111,,,,,,,,,,,1.0,,,,,1.0,,2023-24,2024,Regular Season,
18,48:00,101.0,101.0,13.0,20.0,8.0,202.0,18.0,30.0,3.0,5.0,1.0,2.0,5.0,19.0,1.0,5.0,5.0,8.0,1.0,1.0,14.0,32.0,,1.0,2.0,4.0,24.0,54.0,19.0,40.0,17.0,122.0,3.0,5.0,1.0,2.0,,9.0,1.0,3.0,3.0,5.0,6.0,17.0,34.0,14.0,33.0,4.0,,32.0,14.0,8.0,1.0,17.0,11.0,28.0,9.0,2.0,13.0,4.0,,67.0,2.0,6.0,19.0,12.0,3.0,34.0,8.0,42.0,1.0,8.0,6.0,2.0,5.0,,2.0,1.0,,3.0,,6.0,1.0,2.0,7.0,15.0,1.0,,,19.0,1.0,,3.0,21.0,2.0,1.0,7.0,1.0,4.0,4.0,3.0,,1.0,4.0,4.0,113.0,13.0,10.0,,1.0,0.7083333333333334,0.7727272727272727,0.5789473684210527,0.475,0.5,0.6,0.475,0.4444444444444444,0.6,0.3333333333333333,0.5585106382978723,0.6428571428571429,0.6875,0.5922330097087378,0.6428571428571429,0.7083333333333334,0.425531914893617,0.025,0.1481481481481481,0.1333333333333333,0.1578947368421052,0.2,0.03125,0.8333333333333334,1.0,0.5454545454545454,0.2,0.7037037037037037,0.0952380952380952,0.6326530612244898,0.1568627450980392,0.25,0.1428571428571428,0.25,0.1111111111111111,0.625,0.5,0.5,0.6842105263157895,0.75,0.0238095238095238,101.0,1.0,13.445544554455443,15.069306930693068,13.277227722772276,14.089108910891088,0.3191489361702128,0.6,0.6923076923076923,0.7222222222222222,0.202127659574468,0.2631578947368421,0.3125,0.8,0.0531914893617021,0.2,0.25,,0.0851063829787234,0.625,0.625,0.4,0.3404255319148936,0.4375,0.4516129032258064,0.6428571428571429,0.7142857142857143,0.6,0.1428571428571428,,,0.25,0.5,0.125,1.0,0.5,0.5,0.7446808510638298,0.4375,0.52015,0.5817166666666667,0.51376875,0.0808080808080808,0.1186440677966101,0.025,0.0737704918032786,0.1393442622950819,5.905555555555555,26.1475,0.1287128712871287,2023-12-04,22301202.0,BOS,1.0,1.0,24.0,3.0,,0.1428571428571428,1.0,,,,,,,,0.3333333333333333,,,,,,,,,2023-24,2024,Regular Season,
34,48:00,101.0,100.0,15.0,23.0,10.0,201.0,22.0,34.0,3.0,4.0,3.0,3.0,4.0,9.0,4.0,7.0,1.0,7.0,,1.0,7.0,35.0,1.0,2.0,,5.0,30.0,50.0,8.0,42.0,17.0,101.0,4.0,5.0,1.0,2.0,3.0,14.0,6.0,7.0,,6.0,3.0,15.0,32.0,28.0,21.0,,,35.0,7.0,4.0,2.0,16.0,7.0,23.0,6.0,1.0,13.0,2.0,1.0,53.0,7.0,3.0,15.0,12.0,3.0,30.0,10.0,40.0,2.0,12.0,10.0,2.0,6.0,1.0,5.0,3.0,,1.0,1.0,9.0,1.0,2.0,8.0,18.0,1.0,,,20.0,1.0,,3.0,22.0,3.0,,12.0,,1.0,2.0,1.0,,1.0,2.0,,87.0,15.0,15.0,2.0,,0.5333333333333333,0.5333333333333333,0.875,0.1904761904761904,0.5,,0.1904761904761904,0.6,0.8,0.8571428571428571,0.4565217391304347,0.7857142857142857,0.4615384615384615,0.4950980392156863,0.7777777777777778,0.5,0.4565217391304347,0.0476190476190476,0.08,0.088235294117647,0.1111111111111111,,0.0571428571428571,0.6666666666666666,1.0,0.631578947368421,0.15,0.625,0.2121212121212121,0.627906976744186,0.1886792452830188,0.0833333333333333,0.2,0.3333333333333333,0.2592592592592592,0.6,0.7142857142857143,0.5,0.631578947368421,0.6,0.0425531914893617,100.5,,13.594059405940596,15.07,13.178217821782178,14.22,0.3695652173913043,0.6470588235294118,0.7096774193548387,0.5909090909090909,0.0978260869565217,0.4444444444444444,0.5,0.5,0.0760869565217391,0.5714285714285714,0.5714285714285714,0.25,0.0760869565217391,0.1428571428571428,0.1428571428571428,1.0,0.3804347826086957,0.2,0.2121212121212121,0.8571428571428571,0.5714285714285714,0.75,0.2857142857142857,0.5,1.0,0.2307692307692307,1.0,0.0769230769230769,,0.3846153846153846,,0.8260869565217391,0.2,0.5932717391304348,0.5887,0.5337153846153846,0.1188118811881188,0.2033898305084746,,0.1386138613861386,0.1485148514851485,4.696000000000001,26.72142857142857,0.1485148514851485,2024-01-06,22300493.0,BOS,,,3.0,3.0,1.0,,,,,,,,,,0.6666666666666666,,,,,1.0,,,,2023-24,2024,Regular Season,
35,48:00,99.0,100.0,14.0,31.0,11.0,199.0,14.0,21.0,3.0,5.0,3.0,4.0,11.0,23.0,4.0,7.0,5.0,9.0,,,14.0,31.0,1.0,4.0,1.0,3.0,29.0,51.0,19.0,40.0,18.0,133.0,3.0,6.0,2.0,6.0,2.0,14.0,4.0,7.0,1.0,3.0,4.0,15.0,30.0,28.0,42.0,4.0,,31.0,14.0,8.0,,15.0,14.0,29.0,10.0,4.0,5.0,9.0,1.0,72.0,4.0,10.0,12.0,16.0,4.0,32.0,14.0,46.0,,6.0,2.0,4.0,3.0,3.0,,10.0,1.0,3.0,3.0,13.0,1.0,3.0,14.0,23.0,,2.0,,20.0,1.0,1.0,3.0,22.0,3.0,,10.0,1.0,1.0,7.0,4.0,,3.0,7.0,5.0,119.0,15.0,14.0,,1.0,0.5172413793103449,0.5555555555555556,0.7368421052631579,0.475,0.3333333333333333,0.3333333333333333,0.475,0.5686274509803921,0.5,0.5714285714285714,0.6318681318681318,0.5,0.55,0.665,0.5384615384615384,0.625,0.4395604395604395,,0.1568627450980392,0.1904761904761904,0.1739130434782608,,,0.2307692307692307,0.8,0.6666666666666666,0.4545454545454545,0.6666666666666666,0.1904761904761904,0.6666666666666666,0.3255813953488372,0.4285714285714285,0.4166666666666667,0.6666666666666666,0.2352941176470588,0.625,0.5555555555555556,0.8571428571428571,0.7,0.625,,99.5,0.7142857142857143,14.05050505050505,14.89,13.323232323232324,14.34,0.2307692307692307,0.6666666666666666,0.8235294117647058,0.3571428571428571,0.2527472527472527,0.4782608695652174,0.5789473684210527,0.8181818181818182,0.0769230769230769,0.5714285714285714,0.5714285714285714,0.25,0.0989010989010989,0.5555555555555556,0.5555555555555556,0.8,0.3406593406593406,0.4516129032258064,0.4516129032258064,0.7142857142857143,0.4166666666666667,0.6,0.3333333333333333,0.25,,0.4,0.75,,,0.3,0.3333333333333333,0.6703296703296703,0.4516129032258064,0.5100906593406593,0.51422,0.5120899999999999,0.1111111111111111,0.1724137931034483,0.024390243902439,0.1052631578947368,0.112781954887218,6.605882352941176,25.3875,0.1414141414141414,2024-01-08,22300507.0,BOS,1.0,2.0,15.0,1.0,,0.1666666666666666,0.5,1.0,,,,,,,0.3333333333333333,,,,,,,,,2023-24,2024,Regular Season,
47,48:00,98.0,99.0,4.0,24.0,20.0,197.0,18.0,26.0,8.0,13.0,1.0,2.0,14.0,31.0,6.0,12.0,1.0,5.0,,1.0,11.0,34.0,2.0,4.0,,2.0,38.0,69.0,12.0,39.0,12.0,124.0,10.0,16.0,3.0,5.0,3.0,32.0,1.0,4.0,,3.0,1.0,3.0,44.0,32.0,33.0,14.0,,34.0,11.0,7.0,2.0,22.0,11.0,33.0,10.0,1.0,9.0,11.0,2.0,77.0,11.0,11.0,16.0,14.0,4.0,34.0,22.0,56.0,4.0,4.0,,4.0,6.0,,4.0,2.0,,2.0,,8.0,1.0,1.0,10.0,21.0,,1.0,,16.0,,1.0,2.0,15.0,3.0,,9.0,,,2.0,1.0,,1.0,2.0,1.0,92.0,3.0,4.0,3.0,,0.5789473684210527,0.7096774193548387,0.9166666666666666,0.3076923076923077,0.6,,0.3076923076923077,0.5507246376811594,0.625,0.25,0.5185185185185185,0.6904761904761905,0.1428571428571428,0.543859649122807,0.7272727272727273,0.2142857142857142,0.3611111111111111,0.0512820512820512,0.1014492753623188,0.0769230769230769,0.1612903225806451,,0.0294117647058823,0.75,1.0,0.6666666666666666,0.3666666666666666,0.8421052631578947,0.4230769230769231,0.75,0.3928571428571428,0.7142857142857143,0.2941176470588235,0.1666666666666666,0.4090909090909091,0.25,0.7272727272727273,0.8333333333333334,0.8235294117647058,1.0,0.0833333333333333,98.5,0.5,14.29591836734694,14.93939393939394,13.63265306122449,14.515151515151516,0.2407407407407407,0.6923076923076923,0.75,0.5,0.287037037037037,0.4516129032258064,0.5384615384615384,0.7857142857142857,0.1111111111111111,0.5,0.5,0.3333333333333333,0.0462962962962962,0.2,0.25,1.0,0.3148148148148148,0.3235294117647059,0.3333333333333333,0.9090909090909092,0.6190476190476191,0.6153846153846154,0.1904761904761904,0.5,1.0,0.2857142857142857,0.5,0.1428571428571428,,0.2857142857142857,,0.6018518518518519,0.3235294117647059,0.5068155660377359,0.5838545454545454,0.4973666666666667,0.0789473684210526,0.12,,0.2580645161290322,0.0241935483870967,6.97536231884058,27.28205128205128,0.0408163265306122,2024-01-30,22300670.0,BOS,1.0,1.0,3.0,2.0,,0.0476190476190476,1.0,1.0,,,,0.2,0.5,,,,,,,,,,,2023-24,2024,Regular Season,
95,53:00,111.0,110.0,9.0,26.0,12.0,221.0,21.0,27.0,4.0,5.0,,,10.0,17.0,9.0,20.0,,4.0,,,13.0,31.0,1.0,1.0,2.0,4.0,40.0,64.0,13.0,35.0,9.0,128.0,5.0,9.0,1.0,2.0,2.0,15.0,1.0,1.0,2.0,4.0,3.0,11.0,56.0,24.0,30.0,8.0,,31.0,13.0,4.0,1.0,28.0,10.0,38.0,10.0,,14.0,7.0,7.0,86.0,6.0,7.0,23.0,12.0,3.0,38.0,14.0,52.0,2.0,8.0,8.0,,11.0,5.0,6.0,11.0,2.0,5.0,,22.0,2.0,3.0,12.0,23.0,1.0,1.0,,15.0,,2.0,3.0,10.0,1.0,,2.0,1.0,2.0,2.0,1.0,,1.0,4.0,1.0,113.0,10.0,8.0,3.0,1.0,0.7,0.7777777777777778,0.7692307692307693,0.3714285714285714,0.5,0.5,0.3714285714285714,0.625,0.5555555555555556,1.0,0.601010101010101,0.5909090909090909,0.8,0.6213592233009708,0.625,0.7857142857142857,0.3535353535353535,0.0285714285714285,0.0625,0.1111111111111111,,0.05,0.032258064516129,0.5,1.0,0.5454545454545454,0.2916666666666667,0.7931034482758621,0.2857142857142857,0.6862745098039216,0.2888888888888888,0.5,0.4285714285714285,0.0909090909090909,0.2352941176470588,0.3333333333333333,0.5,0.75,0.782608695652174,0.8333333333333334,0.05,100.0754716981132,0.25,13.423423423423424,15.363636363636363,12.882882882882884,14.809090909090909,0.2727272727272727,0.7777777777777778,0.875,0.6666666666666666,0.1717171717171717,0.5882352941176471,0.5882352941176471,0.7,0.202020202020202,0.45,0.4736842105263157,0.7777777777777778,0.0404040404040404,,,,0.3131313131313131,0.4193548387096774,0.4333333333333333,0.7692307692307693,0.4545454545454545,0.8,0.0909090909090909,1.0,1.0,,,,,0.8,0.5,0.6262626262626263,0.4193548387096774,0.5227352040816327,0.5052,0.33825,0.0297029702970297,0.0307692307692307,0.0277777777777777,0.1171875,0.0859375,8.6484375,26.68,0.081081081081081,2024-05-21,42300301.0,BOS,,1.0,9.0,1.0,,0.0909090909090909,,,,2.0,2.0,,0.5,1.0,0.25,,,1.0,1.0,,,1.0,,2023-24,2024,Playoffs,
96,48:00,93.0,94.0,14.0,39.0,10.0,187.0,12.0,16.0,2.0,4.0,3.0,3.0,9.0,18.0,12.0,21.0,,4.0,,,11.0,25.0,1.0,5.0,1.0,3.0,33.0,55.0,11.0,29.0,11.0,110.0,4.0,7.0,1.0,5.0,2.0,13.0,5.0,8.0,1.0,3.0,3.0,16.0,32.0,34.0,21.0,2.0,,25.0,11.0,2.0,,16.0,7.0,23.0,7.0,,6.0,5.0,5.0,53.0,8.0,6.0,13.0,11.0,2.0,26.0,15.0,41.0,2.0,5.0,1.0,4.0,9.0,4.0,7.0,7.0,1.0,2.0,,16.0,1.0,4.0,9.0,23.0,1.0,1.0,,16.0,1.0,2.0,,16.0,2.0,,8.0,,1.0,2.0,1.0,,1.0,2.0,2.0,97.0,16.0,14.0,2.0,1.0,0.4848484848484848,0.5,0.6363636363636364,0.3793103448275862,0.2,0.3333333333333333,0.3793103448275862,0.6,0.5714285714285714,0.625,0.5892857142857143,0.4583333333333333,0.5909090909090909,0.6043956043956044,0.4642857142857143,0.6153846153846154,0.3452380952380952,,0.0363636363636363,0.0625,0.0555555555555555,,,0.5625,1.0,0.6470588235294118,0.2727272727272727,0.6190476190476191,0.4444444444444444,0.631578947368421,0.35,,0.3333333333333333,0.3333333333333333,0.5,0.5714285714285714,0.8,0.6,0.6470588235294118,0.5,0.0526315789473684,93.5,1.0,14.612903225806452,16.180851063829788,13.763440860215054,15.351063829787234,0.1904761904761904,0.75,0.8,0.5,0.2142857142857142,0.5,0.5294117647058824,0.5555555555555556,0.25,0.5714285714285714,0.5714285714285714,0.4166666666666667,0.0476190476190476,,,,0.2976190476190476,0.44,0.44,0.6363636363636364,0.3333333333333333,0.5,0.4166666666666667,0.2,,0.2727272727272727,1.0,,,0.2727272727272727,0.3333333333333333,0.5357142857142857,0.44,0.5096083333333333,0.4952333333333333,0.5175772727272727,0.0888888888888888,0.1311475409836065,,0.1181818181818181,0.1454545454545454,9.972727272727273,26.20689655172414,0.1505376344086021,2024-05-23,42300302.0,BOS,,,12.0,1.0,,,,,,,,,0.25,,,,,1.0,0.3333333333333333,,,,,2023-24,2024,Playoffs,
97,48:00,92.0,93.0,16.0,22.0,11.0,185.0,20.0,27.0,4.0,5.0,5.0,6.0,17.0,34.0,4.0,8.0,2.0,10.0,,1.0,3.0,12.0,1.0,3.0,1.0,2.0,41.0,69.0,5.0,22.0,14.0,111.0,5.0,8.0,1.0,3.0,,13.0,7.0,14.0,1.0,3.0,2.0,19.0,54.0,28.0,15.0,4.0,1.0,11.0,3.0,9.0,3.0,27.0,5.0,32.0,3.0,2.0,14.0,11.0,2.0,69.0,5.0,7.0,24.0,9.0,2.0,35.0,12.0,47.0,,4.0,4.0,,7.0,2.0,5.0,4.0,,2.0,,11.0,1.0,2.0,13.0,21.0,,1.0,,18.0,,1.0,3.0,14.0,3.0,,7.0,1.0,,1.0,1.0,,,1.0,1.0,98.0,19.0,16.0,,,0.6585365853658537,0.6923076923076923,1.0,0.2272727272727272,0.3333333333333333,0.3333333333333333,0.238095238095238,0.5942028985507246,0.625,0.5,0.532967032967033,0.5909090909090909,0.5,0.578125,0.5909090909090909,0.5277777777777778,0.2417582417582417,0.1363636363636363,0.1304347826086956,0.1481481481481481,0.1470588235294117,,0.1666666666666666,0.6363636363636364,1.0,0.6923076923076923,0.25,0.8571428571428571,0.3333333333333333,0.8048780487804879,0.2790697674418604,0.4285714285714285,0.1764705882352941,0.25,0.125,1.0,0.5714285714285714,0.5,0.8333333333333334,1.0,,92.5,1.0,15.33695652173913,15.795698924731182,14.673913043478262,15.580645161290322,0.2967032967032967,0.7407407407407407,0.8695652173913043,0.7,0.3736263736263736,0.5,0.5862068965517241,0.6470588235294118,0.0879120879120879,0.5,0.5,0.5,0.1098901098901098,0.2,0.2222222222222222,1.0,0.1318681318681318,0.25,0.3,1.0,0.4545454545454545,0.8,0.2727272727272727,0.3333333333333333,1.0,0.3529411764705882,0.8333333333333334,0.0588235294117647,,0.1176470588235294,0.5,0.5384615384615384,0.2727272727272727,0.5096522222222222,0.5366111111111111,0.471534375,0.0736842105263157,0.0958904109589041,,0.1171171171171171,0.1711711711711711,7.236231884057971,26.022727272727277,0.1739130434782608,2024-05-25,42300303.0,BOS,,,,,,,,,,,,0.1,0.5714285714285714,,0.25,,,,,,,,,2023-24,2024,Playoffs,
98,48:00,93.0,93.0,12.0,19.0,11.0,186.0,12.0,24.0,3.0,7.0,1.0,4.0,13.0,25.0,5.0,9.0,1.0,6.0,,1.0,9.0,23.0,,1.0,1.0,2.0,30.0,58.0,10.0,29.0,12.0,102.0,5.0,10.0,,1.0,1.0,11.0,3.0,7.0,1.0,3.0,4.0,13.0,30.0,30.0,27.0,2.0,,23.0,9.0,6.0,,15.0,9.0,24.0,8.0,1.0,6.0,7.0,2.0,57.0,4.0,10.0,19.0,14.0,1.0,34.0,15.0,49.0,3.0,5.0,3.0,2.0,10.0,2.0,3.0,4.0,,7.0,,14.0,3.0,2.0,8.0,19.0,,2.0,,18.0,1.0,1.0,2.0,16.0,2.0,,8.0,,1.0,4.0,1.0,,3.0,4.0,2.0,91.0,13.0,12.0,,1.0,0.5,0.5172413793103449,0.9,0.3448275862068966,,0.3333333333333333,0.3448275862068966,0.5172413793103449,0.5,0.4285714285714285,0.5172413793103449,0.4545454545454545,0.45,0.5425531914893617,0.4583333333333333,0.5416666666666666,0.3333333333333333,,0.1034482758620689,0.125,0.12,,,0.7142857142857143,1.0,0.7368421052631579,0.3571428571428571,0.6333333333333333,0.2105263157894736,0.673469387755102,0.2978723404255319,0.3333333333333333,0.4166666666666667,0.25,0.2142857142857142,0.75,0.75,0.6666666666666666,0.5652173913043478,0.8571428571428571,0.073170731707317,93.0,0.5,14.150537634408602,16.817204301075268,13.46236559139785,15.602150537634408,0.2758620689655172,0.5,0.5714285714285714,0.5,0.2873563218390804,0.52,0.5909090909090909,0.5384615384615384,0.1034482758620689,0.5555555555555556,0.5555555555555556,0.4,0.0689655172413793,0.1666666666666666,0.1666666666666666,1.0,0.264367816091954,0.391304347826087,0.391304347826087,0.8888888888888888,0.6363636363636364,0.4285714285714285,0.0909090909090909,,,0.4,0.25,0.1,,0.2,0.5,0.6091954022988506,0.391304347826087,0.5053051724137931,0.532838888888889,0.5014350000000001,0.086021505376344,0.125,,0.1078431372549019,0.1274509803921568,6.977586206896552,26.110344827586207,0.1290322580645161,2024-05-27,42300304.0,BOS,,,3.0,3.0,,,,,,,,,0.2,,0.3333333333333333,,,1.0,0.3333333333333333,,,,,2023-24,2024,Playoffs,
12,53:00,105.0,107.0,16.0,12.0,17.0,212.0,25.0,44.0,8.0,11.0,3.0,3.0,4.0,15.0,4.0,6.0,5.0,11.0,1.0,2.0,8.0,28.0,,3.0,1.0,5.0,33.0,65.0,13.0,39.0,16.0,121.0,10.0,13.0,,4.0,,20.0,4.0,5.0,2.0,7.0,2.0,16.0,36.0,30.0,33.0,8.0,1.0,27.0,8.0,8.0,,18.0,11.0,29.0,6.0,5.0,12.0,2.0,4.0,69.0,8.0,11.0,25.0,13.0,4.0,42.0,19.0,61.0,,9.0,7.0,2.0,6.0,2.0,5.0,7.0,3.0,1.0,,13.0,2.0,4.0,13.0,18.0,,1.0,,15.0,,1.0,1.0,17.0,1.0,,8.0,,1.0,6.0,4.0,,2.0,7.0,2.0,101.0,16.0,16.0,1.0,1.0,0.5454545454545454,0.6206896551724138,0.8461538461538461,0.3333333333333333,,0.2857142857142857,0.3421052631578947,0.5076923076923077,0.7692307692307693,0.8,0.5048076923076923,0.5882352941176471,0.5833333333333334,0.5401785714285714,0.5882352941176471,0.6153846153846154,0.375,,0.123076923076923,0.0909090909090909,0.2666666666666666,,,0.4615384615384615,1.0,0.65,0.34375,0.8064516129032258,0.32,0.7450980392156863,0.3333333333333333,0.3157894736842105,0.4545454545454545,,0.3157894736842105,0.5,0.875,0.5,0.782608695652174,0.875,,96.0,0.2857142857142857,14.504761904761905,15.485981308411215,13.752380952380951,14.897196261682245,0.4230769230769231,0.5681818181818182,0.625,0.48,0.1442307692307692,0.2666666666666666,0.3636363636363636,0.5,0.0576923076923076,0.6666666666666666,0.6666666666666666,1.0,0.1057692307692307,0.4545454545454545,0.4545454545454545,1.0,0.2692307692307692,0.2857142857142857,0.2857142857142857,0.75,0.6470588235294118,0.7272727272727273,0.1764705882352941,,,0.25,1.0,0.1666666666666666,0.5,0.4166666666666667,0.2,0.7980769230769231,0.2962962962962963,0.5834252427184465,0.6357863636363636,0.5577863636363637,0.072072072072072,0.1111111111111111,,0.1652892561983471,0.1322314049586777,4.264615384615384,26.874358974358973,0.1523809523809524,2023-11-20,22300217.0,BOS,,1.0,6.0,2.0,,0.0588235294117647,,,,1.0,1.0,,0.3333333333333333,1.0,0.25,,1.0,,,,,,,2023-24,2024,Regular Season,
74,48:00,93.0,92.0,2.0,8.0,8.0,185.0,19.0,32.0,2.0,4.0,,,7.0,15.0,2.0,7.0,,2.0,,,13.0,35.0,1.0,2.0,,1.0,28.0,54.0,13.0,37.0,9.0,104.0,3.0,5.0,1.0,2.0,,9.0,,1.0,,1.0,,,32.0,24.0,36.0,2.0,1.0,34.0,13.0,2.0,1.0,16.0,12.0,28.0,12.0,,11.0,4.0,1.0,68.0,3.0,5.0,23.0,9.0,2.0,34.0,8.0,42.0,1.0,3.0,1.0,2.0,3.0,1.0,2.0,4.0,,1.0,1.0,7.0,1.0,,9.0,15.0,,1.0,,15.0,1.0,,1.0,11.0,5.0,,8.0,,,1.0,1.0,,,2.0,2.0,95.0,,2.0,,,0.5714285714285714,0.5925925925925926,0.9230769230769232,0.3513513513513513,0.5,,0.3611111111111111,0.5185185185185185,0.6,,0.521978021978022,0.6428571428571429,,0.5531914893617021,0.6428571428571429,,0.4065934065934066,0.027027027027027,0.037037037037037,0.03125,0.0666666666666666,,0.0285714285714285,0.4285714285714285,1.0,0.75,0.1923076923076923,0.6764705882352942,0.1304347826086956,0.6956521739130435,0.1632653061224489,0.3076923076923077,,0.2,0.1428571428571428,0.8571428571428571,0.5,0.6666666666666666,0.7037037037037037,0.5714285714285714,0.0217391304347826,92.5,1.0,14.849462365591398,16.293478260869566,14.548387096774194,15.304347826086955,0.3516483516483517,0.59375,0.6129032258064516,0.5789473684210527,0.1648351648351648,0.4666666666666667,0.5,0.5714285714285714,0.0769230769230769,0.2857142857142857,0.2857142857142857,0.5,0.0219780219780219,,,,0.3846153846153846,0.3714285714285714,0.3823529411764705,0.9230769230769232,0.5714285714285714,0.5,0.2857142857142857,0.5,1.0,,,,,0.5,,0.7582417582417582,0.3823529411764705,0.5536305555555555,0.547225,0.3029,0.0851063829787234,0.1403508771929824,,0.0865384615384615,,5.559259259259259,26.6,0.021505376344086,2024-04-01,22301087.0,BOS,,,3.0,1.0,1.0,,,,,1.0,,,,,,1.0,,,,,,,,2023-24,2024,Regular Season,
80,48:00,100.0,100.0,27.0,30.0,5.0,200.0,10.0,13.0,4.0,4.0,6.0,8.0,4.0,15.0,3.0,13.0,2.0,4.0,,2.0,13.0,31.0,,,1.0,5.0,17.0,41.0,15.0,35.0,19.0,98.0,4.0,4.0,,,2.0,10.0,8.0,15.0,1.0,7.0,4.0,23.0,14.0,20.0,39.0,4.0,,31.0,13.0,1.0,,7.0,13.0,20.0,11.0,2.0,6.0,1.0,,53.0,1.0,4.0,19.0,13.0,1.0,33.0,5.0,38.0,1.0,3.0,3.0,,12.0,1.0,10.0,8.0,2.0,2.0,1.0,20.0,,6.0,5.0,15.0,,3.0,,20.0,,1.0,1.0,22.0,3.0,,11.0,1.0,,7.0,5.0,,2.0,7.0,3.0,88.0,23.0,27.0,1.0,,0.4117647058823529,0.4666666666666667,0.8666666666666667,0.4285714285714285,,0.1428571428571428,0.4285714285714285,0.4146341463414634,1.0,0.5333333333333333,0.5197368421052632,1.0,0.4318181818181818,0.5764705882352941,1.0,0.4791666666666667,0.4605263157894737,,0.024390243902439,0.0769230769230769,,,,0.6,1.0,0.5652173913043478,0.1666666666666666,0.7037037037037037,0.0526315789473684,0.64,0.1162790697674418,1.0,,0.1,0.0588235294117647,0.4545454545454545,0.75,0.5,0.6521739130434783,1.0,0.0238095238095238,100.0,0.4285714285714285,14.6,14.2,14.57,13.52,0.1710526315789473,0.7692307692307693,0.8333333333333334,0.6,0.1973684210526315,0.2666666666666666,0.2666666666666666,0.25,0.1710526315789473,0.2307692307692307,0.2307692307692307,,0.0526315789473684,0.5,0.5,1.0,0.4078947368421052,0.4193548387096774,0.4193548387096774,0.8461538461538461,1.0,1.0,,,,0.3636363636363636,0.75,0.0909090909090909,,0.2272727272727272,0.2,0.631578947368421,0.4193548387096774,0.5077881578947369,0.688275,0.5214590909090909,0.1411764705882353,0.2244897959183673,0.0277777777777777,0.1020408163265306,0.2346938775510204,9.746341463414634,26.442857142857143,0.27,2024-04-12,22301173.0,BOS,,,6.0,,1.0,,,,,,,,,,0.5,,,,,,,,,2023-24,2024,Regular Season,
31,48:00,103.0,104.0,19.0,16.0,10.0,207.0,20.0,30.0,2.0,2.0,3.0,5.0,6.0,12.0,2.0,7.0,1.0,7.0,1.0,3.0,11.0,38.0,,2.0,2.0,7.0,28.0,49.0,12.0,45.0,9.0,101.0,2.0,3.0,,3.0,,4.0,4.0,8.0,3.0,10.0,2.0,19.0,32.0,24.0,36.0,2.0,,38.0,11.0,6.0,1.0,16.0,12.0,28.0,11.0,1.0,13.0,2.0,1.0,68.0,5.0,5.0,17.0,14.0,2.0,33.0,10.0,43.0,,6.0,5.0,1.0,6.0,4.0,6.0,10.0,1.0,,,16.0,4.0,4.0,12.0,17.0,,,,12.0,,,,12.0,4.0,,8.0,,,1.0,1.0,,,1.0,1.0,97.0,19.0,19.0,,,0.5714285714285714,0.5925925925925926,1.0,0.2666666666666666,,0.3,0.2666666666666666,0.5714285714285714,0.6666666666666666,0.5,0.4893617021276595,0.3333333333333333,0.4722222222222222,0.5153061224489796,0.3333333333333333,0.5,0.4787234042553192,0.0222222222222222,0.1224489795918367,0.2,,,0.0263157894736842,0.375,0.6666666666666666,0.8235294117647058,0.238095238095238,0.6538461538461539,0.15625,0.7209302325581395,0.1886792452830188,0.3,0.3333333333333333,,0.1538461538461538,0.8461538461538461,1.0,,0.7368421052631579,0.4285714285714285,,103.5,1.0,13.83495145631068,13.990384615384617,13.601941747572816,13.471153846153848,0.3191489361702128,0.6666666666666666,0.8333333333333334,0.65,0.1276595744680851,0.5,0.5,0.3333333333333333,0.0744680851063829,0.2857142857142857,0.2857142857142857,0.5,0.0744680851063829,0.1428571428571428,0.1428571428571428,1.0,0.4042553191489361,0.2894736842105263,0.2972972972972973,1.0,0.3333333333333333,1.0,0.3333333333333333,,,0.2777777777777778,0.6,0.1666666666666666,0.3333333333333333,0.3888888888888889,0.2857142857142857,0.7978723404255319,0.2894736842105263,0.5811882978723405,0.753025,0.5719,0.0816326530612244,0.1509433962264151,,0.0396039603960396,0.1881188118811881,5.006122448979592,25.306666666666665,0.1844660194174757,2023-12-31,22300448.0,BOS,,1.0,,1.0,,0.1666666666666666,,,,,,,0.1666666666666666,,0.5,,1.0,,,,,,,2023-24,2024,Regular Season,
39,48:00,98.0,97.0,7.0,18.0,11.0,195.0,20.0,28.0,3.0,5.0,3.0,3.0,9.0,26.0,3.0,5.0,2.0,8.0,,,5.0,26.0,,1.0,,,32.0,59.0,7.0,34.0,13.0,98.0,5.0,9.0,,1.0,1.0,11.0,3.0,5.0,,,3.0,9.0,38.0,26.0,21.0,4.0,,26.0,5.0,6.0,,19.0,7.0,26.0,5.0,2.0,13.0,5.0,1.0,59.0,2.0,10.0,15.0,16.0,2.0,33.0,12.0,45.0,4.0,5.0,5.0,,5.0,3.0,3.0,5.0,,2.0,1.0,10.0,1.0,,9.0,15.0,,,,15.0,,2.0,2.0,16.0,2.0,,9.0,,,3.0,1.0,,2.0,3.0,1.0,87.0,9.0,7.0,,,0.59375,0.6333333333333333,1.0,0.2058823529411764,,,0.2058823529411764,0.5423728813559322,0.5555555555555556,0.6,0.4569892473118279,0.5,0.6,0.49,0.5,0.6428571428571429,0.3655913978494624,,0.1016949152542373,0.0357142857142857,0.1538461538461538,0.2,,0.5,1.0,0.5925925925925926,0.3846153846153846,0.75,0.0769230769230769,0.6595744680851063,0.2307692307692307,0.625,0.25,0.5,0.1,0.3333333333333333,0.5454545454545454,0.8,0.6428571428571429,1.0,0.0869565217391304,97.5,0.3333333333333333,13.479591836734691,16.072164948453608,12.79591836734694,15.072164948453608,0.3010752688172043,0.7142857142857143,0.7407407407407407,0.65,0.2795698924731182,0.3461538461538461,0.4090909090909091,0.5555555555555556,0.053763440860215,0.6,0.75,0.3333333333333333,0.086021505376344,0.25,0.25,1.0,0.2795698924731182,0.1923076923076923,0.1923076923076923,1.0,0.5,0.6,0.1,,,0.6,1.0,,,,,0.6666666666666666,0.1923076923076923,0.5125397849462366,0.5130444444444444,0.46614,0.09,0.1363636363636363,,0.1122448979591836,0.0918367346938775,5.891525423728814,26.13235294117647,0.0714285714285714,2024-01-17,22300571.0,BOS,,,,1.0,,,,,,,,,,,0.6666666666666666,,,,,,,,,2023-24,2024,Regular Season,
28,48:00,97.0,97.0,17.0,40.0,9.0,194.0,16.0,24.0,3.0,5.0,3.0,3.0,8.0,21.0,6.0,10.0,1.0,8.0,1.0,3.0,10.0,26.0,,2.0,1.0,4.0,30.0,55.0,11.0,34.0,15.0,108.0,4.0,7.0,,3.0,,8.0,4.0,8.0,2.0,7.0,7.0,21.0,32.0,28.0,27.0,6.0,,26.0,10.0,4.0,1.0,16.0,9.0,25.0,8.0,1.0,8.0,6.0,2.0,59.0,3.0,7.0,17.0,9.0,2.0,28.0,10.0,38.0,1.0,4.0,2.0,2.0,4.0,,4.0,7.0,1.0,,1.0,11.0,,,11.0,24.0,1.0,1.0,,19.0,,,1.0,15.0,3.0,,8.0,,1.0,4.0,2.0,,2.0,4.0,3.0,100.0,21.0,17.0,1.0,1.0,0.5333333333333333,0.5925925925925926,0.8181818181818182,0.3235294117647059,,0.2857142857142857,0.3235294117647059,0.5454545454545454,0.5714285714285714,0.5,0.5224719101123596,0.4,0.4666666666666667,0.5684210526315789,0.4,0.5833333333333334,0.3820224719101123,0.0294117647058823,0.0727272727272727,0.0833333333333333,0.0952380952380952,,0.0384615384615384,0.3636363636363636,1.0,0.5294117647058824,0.2916666666666667,0.6538461538461539,0.1304347826086956,0.6046511627906976,0.2127659574468085,0.5,0.1538461538461538,0.3333333333333333,0.125,1.0,0.4166666666666667,,0.6666666666666666,0.6,0.0238095238095238,97.0,0.75,15.175257731958762,14.515463917525771,14.484536082474229,13.721649484536082,0.2696629213483146,0.6666666666666666,0.7272727272727273,0.5,0.2359550561797752,0.3809523809523809,0.4210526315789473,0.75,0.1123595505617977,0.6,0.6,0.3333333333333333,0.0898876404494382,0.125,0.125,1.0,0.2921348314606741,0.3846153846153846,0.4,0.8,0.5,0.6,0.2,,,0.2,1.0,0.2,0.3333333333333333,0.2666666666666666,0.25,0.651685393258427,0.3846153846153846,0.5235123595505617,0.5821928571428572,0.5233566666666667,0.0851063829787234,0.1333333333333333,,0.074074074074074,0.1944444444444444,6.423636363636364,25.791176470588237,0.1752577319587628,2023-12-23,22300389.0,BOS,,1.0,6.0,1.0,,0.1,,,,,,,0.1428571428571428,,0.3333333333333333,,2.0,,,,,,,2023-24,2024,Regular Season,
43,48:00,98.0,97.0,20.0,15.0,13.0,195.0,19.0,28.0,4.0,4.0,2.0,3.0,13.0,26.0,3.0,8.0,3.0,11.0,,1.0,7.0,29.0,3.0,6.0,3.0,4.0,35.0,62.0,10.0,40.0,15.0,115.0,6.0,8.0,3.0,8.0,,21.0,7.0,15.0,3.0,5.0,1.0,24.0,44.0,26.0,18.0,8.0,1.0,28.0,7.0,9.0,,22.0,6.0,28.0,3.0,3.0,12.0,8.0,2.0,62.0,6.0,11.0,22.0,22.0,,44.0,17.0,61.0,2.0,8.0,5.0,3.0,2.0,,,6.0,,2.0,,8.0,1.0,2.0,8.0,20.0,1.0,2.0,,13.0,1.0,,1.0,18.0,1.0,,7.0,1.0,,7.0,6.0,,1.0,8.0,5.0,94.0,24.0,20.0,1.0,,0.6285714285714286,0.7096774193548387,0.6,0.25,0.375,0.6,0.2564102564102564,0.5645161290322581,0.75,0.4666666666666667,0.4901960784313725,0.65625,0.575,0.518348623853211,0.65625,0.575,0.392156862745098,,0.1451612903225806,0.1071428571428571,0.1923076923076923,0.125,,0.25,,0.6470588235294118,0.4074074074074074,0.7333333333333333,0.2307692307692307,0.6875,0.320754716981132,0.4444444444444444,0.5384615384615384,,0.2222222222222222,0.8,0.4666666666666667,0.75,0.65,0.9,0.0454545454545454,97.5,0.625,15.23469387755102,14.29896907216495,14.479591836734691,13.443298969072163,0.2745098039215686,0.6785714285714286,0.76,0.631578947368421,0.2549019607843137,0.5,0.6190476190476191,0.6153846153846154,0.0784313725490196,0.375,0.4285714285714285,0.6666666666666666,0.1078431372549019,0.2727272727272727,0.2727272727272727,1.0,0.284313725490196,0.2413793103448276,0.2413793103448276,0.4285714285714285,0.25,1.0,0.375,0.5,0.3333333333333333,0.15,0.6666666666666666,0.05,,0.2,0.75,0.6666666666666666,0.25,0.5082217821782178,0.54974,0.4689,0.0648148148148148,0.1029411764705882,,0.1826086956521739,0.208695652173913,6.480645161290322,26.435,0.2040816326530612,2024-01-27,22300646.0,BOS,,2.0,12.0,1.0,,0.125,,,2.0,1.0,1.0,,0.25,,,,1.0,,,,1.0,,,2023-24,2024,Regular Season,
12,48:00,93.0,93.0,4.0,28.0,14.0,186.0,12.0,22.0,2.0,2.0,,,6.0,19.0,2.0,10.0,2.0,7.0,,,15.0,37.0,3.0,6.0,2.0,2.0,20.0,51.0,17.0,44.0,9.0,100.0,4.0,7.0,4.0,7.0,1.0,21.0,,1.0,2.0,2.0,,6.0,26.0,14.0,45.0,4.0,,37.0,15.0,10.0,,13.0,15.0,28.0,13.0,2.0,8.0,4.0,1.0,71.0,9.0,7.0,13.0,15.0,4.0,32.0,16.0,48.0,3.0,7.0,5.0,2.0,6.0,,4.0,5.0,,2.0,1.0,11.0,2.0,1.0,10.0,21.0,,1.0,,19.0,2.0,2.0,6.0,10.0,1.0,,5.0,,,5.0,3.0,,2.0,5.0,1.0,79.0,6.0,4.0,3.0,,0.65,0.7222222222222222,0.8823529411764706,0.3863636363636363,0.5714285714285714,1.0,0.3863636363636363,0.392156862745098,0.5714285714285714,,0.4789473684210526,0.7142857142857143,1.0,0.5,0.75,1.0,0.4631578947368421,,0.196078431372549,0.2272727272727272,0.2105263157894736,0.1,,0.5454545454545454,1.0,0.6521739130434783,0.2413793103448276,0.7647058823529411,0.3333333333333333,0.7,0.2857142857142857,0.2222222222222222,0.3846153846153846,,0.3181818181818182,0.6153846153846154,0.75,0.5,0.7142857142857143,1.0,0.0638297872340425,93.0,0.2,16.602150537634408,14.365591397849462,15.838709677419354,13.580645161290322,0.231578947368421,0.5454545454545454,0.7058823529411765,0.6666666666666666,0.2,0.3157894736842105,0.4,0.6666666666666666,0.1052631578947368,0.2,0.2222222222222222,0.5,0.0736842105263157,0.2857142857142857,0.2857142857142857,1.0,0.3894736842105263,0.4054054054054054,0.4054054054054054,0.8666666666666667,0.1428571428571428,1.0,0.4285714285714285,0.5,1.0,,,,,0.6666666666666666,1.0,0.6947368421052632,0.4054054054054054,0.5272242105263159,0.5102333333333333,0.45235,0.0505050505050505,0.0909090909090909,,0.21,0.06,7.094117647058824,25.222727272727276,0.043010752688172,2023-11-19,22300213.0,BOS,1.0,1.0,6.0,1.0,,0.0714285714285714,1.0,1.0,1.0,,,,0.4,,,,,,,,,,,2023-24,2024,Regular Season,
49,48:00,100.0,99.0,19.0,21.0,11.0,199.0,10.0,21.0,2.0,7.0,,1.0,9.0,22.0,5.0,11.0,2.0,9.0,,2.0,9.0,29.0,1.0,4.0,,5.0,24.0,54.0,11.0,38.0,10.0,91.0,3.0,10.0,1.0,6.0,,9.0,4.0,10.0,,7.0,3.0,11.0,20.0,28.0,27.0,4.0,,29.0,9.0,4.0,,10.0,9.0,19.0,7.0,2.0,3.0,6.0,1.0,47.0,8.0,9.0,22.0,10.0,1.0,33.0,17.0,50.0,2.0,5.0,4.0,1.0,12.0,3.0,7.0,8.0,2.0,5.0,,20.0,1.0,4.0,10.0,15.0,,2.0,,13.0,,2.0,2.0,12.0,1.0,,5.0,,2.0,3.0,,,3.0,3.0,3.0,82.0,11.0,19.0,,1.0,0.4166666666666667,0.4545454545454545,0.8181818181818182,0.2894736842105263,0.1666666666666666,,0.2894736842105263,0.4444444444444444,0.3,0.4,0.4402173913043478,0.28125,0.2352941176470588,0.4642857142857143,0.28125,0.2894736842105263,0.4130434782608695,,0.074074074074074,0.1904761904761904,,,,0.6,1.0,0.5263157894736842,0.3,0.7096774193548387,0.2962962962962963,0.64,0.2982456140350877,0.5454545454545454,0.2307692307692307,,0.25,0.2222222222222222,0.875,0.5,0.7142857142857143,0.6666666666666666,0.0377358490566037,99.5,1.0,15.22,13.717171717171718,14.51,12.95959595959596,0.2282608695652173,0.4761904761904761,0.5882352941176471,0.3,0.2391304347826087,0.4090909090909091,0.4090909090909091,0.6666666666666666,0.1195652173913043,0.4545454545454545,0.4545454545454545,0.2,0.0978260869565217,0.2222222222222222,0.2222222222222222,1.0,0.3152173913043478,0.3103448275862069,0.3103448275862069,0.7777777777777778,0.4375,0.2857142857142857,0.25,0.25,1.0,0.0588235294117647,,0.1176470588235294,,0.2941176470588235,,0.6413043478260869,0.3103448275862069,0.5005891304347826,0.5533666666666667,0.4525794117647059,0.0520833333333333,0.0862068965517241,,0.0989010989010989,0.1208791208791208,7.607407407407408,26.11842105263158,0.19,2024-02-04,22300706.0,BOS,,2.0,6.0,,,0.125,,,,,,,0.4285714285714285,,,,1.0,,,1.0,,,,2023-24,2024,Regular Season,
2,48:00,102.0,104.0,30.0,17.0,10.0,206.0,19.0,24.0,2.0,5.0,7.0,8.0,5.0,19.0,4.0,8.0,3.0,9.0,,2.0,8.0,27.0,,3.0,4.0,9.0,28.0,51.0,11.0,36.0,18.0,107.0,3.0,7.0,,3.0,5.0,11.0,9.0,16.0,4.0,11.0,11.0,41.0,34.0,22.0,27.0,4.0,,27.0,8.0,5.0,1.0,17.0,9.0,26.0,6.0,3.0,16.0,1.0,,61.0,5.0,8.0,19.0,12.0,1.0,32.0,13.0,45.0,,12.0,6.0,6.0,11.0,1.0,3.0,4.0,1.0,8.0,1.0,15.0,,3.0,4.0,13.0,,1.0,,21.0,,1.0,3.0,26.0,,,9.0,,4.0,4.0,1.0,,3.0,4.0,3.0,96.0,41.0,30.0,,4.0,0.6071428571428571,0.6538461538461539,0.8181818181818182,0.3055555555555556,,0.3636363636363636,0.3055555555555556,0.5490196078431373,0.4285714285714285,0.5625,0.5114942528735632,0.3,0.5555555555555556,0.535,0.4230769230769231,0.6029411764705882,0.4137931034482758,0.0277777777777777,0.0980392156862745,0.0416666666666666,0.2105263157894736,,0.037037037037037,0.7333333333333333,1.0,0.75,0.3478260869565217,0.5757575757575758,0.2,0.6326530612244898,0.2708333333333333,0.2,0.4285714285714285,0.25,0.1578947368421052,0.8333333333333334,0.5,1.0,0.56,0.625,,103.0,0.75,13.441176470588236,14.509615384615383,13.088235294117649,13.596153846153848,0.2758620689655172,0.7916666666666666,0.8260869565217391,0.8421052631578947,0.2183908045977011,0.2631578947368421,0.3333333333333333,0.2,0.0919540229885057,0.5,0.5,,0.1034482758620689,0.3333333333333333,0.3333333333333333,1.0,0.3103448275862069,0.2962962962962963,0.3076923076923077,0.75,0.5,0.4,0.3,,,0.2962962962962963,0.875,0.074074074074074,,0.3333333333333333,0.4444444444444444,0.6896551724137931,0.2962962962962963,0.5226448275862069,0.5496,0.5251888888888888,0.09375,0.15,,0.102803738317757,0.3831775700934579,6.952941176470588,25.866666666666667,0.2941176470588235,2023-10-30,22300103.0,BOS,,,6.0,,,,,,,,,,0.3333333333333333,,0.5,,,,,,,,,2023-24,2024,Regular Season,
50,48:00,109.0,110.0,17.0,47.0,6.0,219.0,8.0,14.0,,1.0,3.0,3.0,14.0,27.0,3.0,7.0,3.0,7.0,,,17.0,40.0,,1.0,8.0,10.0,25.0,48.0,20.0,47.0,19.0,129.0,,2.0,1.0,4.0,,3.0,4.0,5.0,8.0,10.0,3.0,35.0,32.0,18.0,48.0,,,40.0,17.0,4.0,1.0,16.0,16.0,32.0,13.0,3.0,5.0,9.0,2.0,80.0,3.0,3.0,19.0,16.0,,35.0,7.0,42.0,,8.0,4.0,4.0,9.0,1.0,6.0,3.0,,3.0,,12.0,1.0,1.0,10.0,25.0,,1.0,,17.0,,1.0,1.0,21.0,4.0,,11.0,,2.0,1.0,,,1.0,1.0,,126.0,33.0,16.0,3.0,,0.64,0.64,0.8,0.425531914893617,0.25,0.8,0.425531914893617,0.5208333333333334,,0.8,0.5789473684210527,0.25,1.0666666666666669,0.6201923076923077,0.25,1.09375,0.4947368421052631,0.0212765957446808,0.0833333333333333,0.1428571428571428,0.074074074074074,,,0.75,,0.7619047619047619,0.1304347826086956,0.8260869565217391,0.1111111111111111,0.7954545454545454,0.12,0.1666666666666666,0.1538461538461538,,0.0869565217391304,0.875,0.6,1.0,0.8095238095238095,1.0,,109.5,,11.98165137614679,14.309090909090909,11.559633027522937,14.027272727272727,0.1473684210526315,0.5714285714285714,0.6666666666666666,0.625,0.2842105263157894,0.5185185185185185,0.56,0.6428571428571429,0.0736842105263157,0.4285714285714285,0.4285714285714285,0.6666666666666666,0.0736842105263157,0.4285714285714285,0.5,1.0,0.4210526315789473,0.425,0.425,0.7647058823529411,0.1666666666666666,,0.1666666666666666,,,0.2,1.0,,,0.6666666666666666,0.8,0.6421052631578947,0.425,0.5174036842105264,0.5340375,0.5391366666666666,0.1078431372549019,0.2,,0.0232558139534883,0.2713178294573643,7.466666666666666,25.98510638297872,0.1559633027522936,2024-02-09,22300743.0,BOS,1.0,3.0,12.0,2.0,,0.5,0.3333333333333333,1.0,,,,0.1428571428571428,0.25,1.0,,,,1.0,1.0,1.0,,,,2023-24,2024,Regular Season,
67,48:00,97.0,98.0,14.0,23.0,14.0,195.0,14.0,21.0,5.0,5.0,5.0,5.0,14.0,26.0,3.0,8.0,2.0,8.0,,,8.0,26.0,,2.0,2.0,5.0,31.0,55.0,10.0,34.0,12.0,104.0,7.0,8.0,,3.0,1.0,15.0,8.0,10.0,2.0,5.0,2.0,24.0,32.0,30.0,24.0,6.0,,26.0,8.0,5.0,1.0,16.0,8.0,24.0,6.0,2.0,10.0,5.0,1.0,56.0,8.0,7.0,17.0,11.0,3.0,31.0,15.0,46.0,1.0,3.0,2.0,1.0,9.0,1.0,5.0,7.0,,4.0,2.0,16.0,3.0,,11.0,20.0,,3.0,,17.0,,2.0,4.0,14.0,2.0,,8.0,,,5.0,3.0,,2.0,5.0,3.0,89.0,24.0,14.0,1.0,,0.5161290322580645,0.5714285714285714,0.8,0.2941176470588235,,0.4,0.2941176470588235,0.5636363636363636,0.875,0.8,0.5168539325842697,0.6363636363636364,0.7333333333333333,0.5473684210526316,0.625,0.75,0.3820224719101123,0.0294117647058823,0.0909090909090909,0.1904761904761904,0.0384615384615384,,,0.5625,1.0,0.6111111111111112,0.2916666666666667,0.6538461538461539,0.3333333333333333,0.6363636363636364,0.3125,0.2857142857142857,0.4166666666666667,,0.3333333333333333,0.8333333333333334,0.5,0.5,0.5333333333333333,0.8181818181818182,0.0238095238095238,97.5,0.6,14.11340206185567,15.418367346938776,13.536082474226804,14.551020408163266,0.2359550561797752,0.6666666666666666,0.8235294117647058,0.7142857142857143,0.2921348314606741,0.5384615384615384,0.56,0.3571428571428571,0.0898876404494382,0.375,0.375,0.3333333333333333,0.0898876404494382,0.25,0.2857142857142857,1.0,0.2921348314606741,0.3076923076923077,0.3076923076923077,0.75,0.4545454545454545,1.0,0.1818181818181818,,,0.3333333333333333,1.0,,,0.3333333333333333,0.4,0.6179775280898876,0.3076923076923077,0.5340876404494382,0.603725,0.5844766666666668,0.0842105263157894,0.1311475409836065,,0.1442307692307692,0.2307692307692307,7.23090909090909,26.258823529411764,0.1443298969072164,2024-03-17,22300980.0,BOS,,1.0,6.0,1.0,1.0,0.0909090909090909,,,,,,0.125,0.3333333333333333,,0.6,,,,,,,1.0,,2023-24,2024,Regular Season,
81,48:00,105.0,104.0,1.0,32.0,12.0,209.0,27.0,39.0,5.0,6.0,,,7.0,24.0,1.0,2.0,2.0,5.0,,,12.0,33.0,,1.0,1.0,1.0,35.0,65.0,14.0,38.0,10.0,122.0,5.0,8.0,,3.0,4.0,14.0,,,1.0,1.0,,3.0,42.0,28.0,36.0,6.0,1.0,32.0,12.0,14.0,1.0,21.0,12.0,33.0,10.0,2.0,16.0,4.0,1.0,78.0,2.0,11.0,13.0,13.0,4.0,30.0,13.0,43.0,1.0,9.0,5.0,4.0,10.0,1.0,6.0,2.0,,4.0,,12.0,1.0,,11.0,16.0,,,,13.0,1.0,1.0,2.0,10.0,4.0,,7.0,,,4.0,1.0,,3.0,4.0,3.0,108.0,3.0,1.0,1.0,,0.6,0.65625,0.8571428571428571,0.3684210526315789,,1.0,0.3783783783783784,0.5384615384615384,0.625,,0.5436893203883495,0.4545454545454545,1.5,0.5754716981132075,0.5833333333333334,1.5,0.3689320388349514,0.0263157894736842,0.2153846153846154,0.1538461538461538,0.3333333333333333,,0.0303030303030303,0.8333333333333334,1.0,0.6190476190476191,0.3666666666666666,0.8125,0.0869565217391304,0.7027027027027027,0.2452830188679245,0.3333333333333333,0.4117647058823529,,0.1,0.7142857142857143,0.5,1.0,0.8571428571428571,0.5,0.0263157894736842,104.5,0.75,12.790476190476191,14.778846153846152,12.238095238095235,14.461538461538462,0.3786407766990291,0.6923076923076923,0.8181818181818182,0.5925925925925926,0.233009708737864,0.2916666666666667,0.4375,0.5714285714285714,0.0194174757281553,0.5,0.5,1.0,0.0485436893203883,0.4,0.4,1.0,0.3203883495145631,0.3636363636363636,0.375,0.8333333333333334,0.5454545454545454,0.8333333333333334,0.0909090909090909,,,,,,,1.0,1.0,0.7475728155339806,0.375,0.5231058823529412,0.5117277777777778,0.33945,0.0660377358490566,0.1029411764705882,,0.1147540983606557,0.0245901639344262,5.004615384615385,27.51842105263158,0.0095238095238095,2024-04-14,22301186.0,BOS,,2.0,6.0,,,0.1818181818181818,,,,,,,,,0.2,,,,,,,,,2023-24,2024,Regular Season,
1,48:00,99.0,99.0,12.0,18.0,10.0,198.0,8.0,15.0,3.0,4.0,,2.0,10.0,26.0,4.0,15.0,1.0,4.0,,,15.0,29.0,2.0,3.0,2.0,4.0,22.0,56.0,16.0,33.0,19.0,111.0,4.0,6.0,2.0,3.0,2.0,16.0,,6.0,2.0,4.0,7.0,13.0,24.0,20.0,36.0,6.0,,29.0,15.0,5.0,1.0,12.0,12.0,24.0,11.0,1.0,3.0,6.0,3.0,60.0,4.0,7.0,13.0,17.0,4.0,34.0,11.0,45.0,2.0,8.0,6.0,2.0,7.0,,4.0,5.0,,3.0,2.0,12.0,1.0,,9.0,16.0,,1.0,,19.0,1.0,,1.0,23.0,3.0,,9.0,,3.0,6.0,3.0,1.0,2.0,6.0,3.0,95.0,13.0,12.0,1.0,3.0,0.5454545454545454,0.631578947368421,0.75,0.4848484848484848,0.6666666666666666,0.5,0.4848484848484848,0.3928571428571428,0.6666666666666666,,0.5168539325842697,0.7777777777777778,0.3,0.5561224489795918,0.8,0.4285714285714285,0.3707865168539326,0.0303030303030303,0.0892857142857142,0.1333333333333333,0.1153846153846153,,,0.5833333333333334,0.8,0.6296296296296297,0.2121212121212121,0.5909090909090909,0.2352941176470588,0.6122448979591837,0.22,0.4285714285714285,0.2,0.0909090909090909,0.2142857142857142,0.5833333333333334,0.6363636363636364,0.75,0.5714285714285714,1.0,0.0454545454545454,99.0,0.5,15.131313131313131,13.95959595959596,14.969696969696969,13.151515151515152,0.1685393258426966,0.5333333333333333,0.6153846153846154,0.375,0.2921348314606741,0.3846153846153846,0.4347826086956521,0.6,0.1685393258426966,0.2666666666666666,0.2666666666666666,0.75,0.0449438202247191,0.25,0.3333333333333333,1.0,0.3258426966292135,0.5172413793103449,0.5172413793103449,0.7333333333333333,0.4444444444444444,0.75,0.3333333333333333,0.6666666666666666,1.0,0.2,,,,0.4,0.5,0.5393258426966292,0.5172413793103449,0.4889696629213483,0.5225857142857143,0.50205,0.0947368421052631,0.1451612903225806,,0.1441441441441441,0.1171171171171171,8.989285714285714,26.527272727272727,0.1212121212121212,2023-10-27,22300080.0,BOS,,,12.0,1.0,,,,,2.0,,,0.25,0.3333333333333333,,,,2.0,,,,,,,2023-24,2024,Regular Season,
44,48:00,95.0,95.0,8.0,4.0,10.0,190.0,8.0,16.0,4.0,6.0,1.0,2.0,14.0,25.0,4.0,11.0,4.0,15.0,,,12.0,27.0,,,1.0,2.0,26.0,52.0,16.0,42.0,10.0,110.0,6.0,9.0,,1.0,1.0,13.0,2.0,4.0,1.0,2.0,1.0,8.0,22.0,30.0,42.0,8.0,,27.0,12.0,4.0,1.0,11.0,14.0,25.0,10.0,4.0,3.0,7.0,1.0,64.0,4.0,7.0,14.0,7.0,,21.0,11.0,32.0,2.0,7.0,4.0,3.0,4.0,,2.0,1.0,,2.0,,5.0,,1.0,10.0,12.0,,,,10.0,,,1.0,13.0,1.0,,6.0,,1.0,1.0,,1.0,,1.0,,97.0,8.0,8.0,,,0.4230769230769231,0.5,0.875,0.3809523809523809,,0.5,0.3809523809523809,0.5,0.6666666666666666,0.5,0.5319148936170213,0.6,0.5833333333333334,0.55,0.5909090909090909,0.5714285714285714,0.4468085106382978,0.0238095238095238,0.0769230769230769,0.125,0.04,0.0909090909090909,0.037037037037037,0.8,,0.6363636363636364,0.2692307692307692,0.7777777777777778,0.1538461538461538,0.7241379310344828,0.2115384615384615,0.75,,0.1428571428571428,0.2,0.5,0.8,0.5,0.7857142857142857,0.75,0.0425531914893617,95.0,,16.147368421052633,14.16842105263158,15.757894736842106,13.789473684210526,0.1702127659574468,0.5,0.5714285714285714,0.375,0.2659574468085106,0.56,0.5833333333333334,0.5,0.1170212765957446,0.3636363636363636,0.4,0.25,0.1595744680851064,0.2666666666666666,0.2666666666666666,1.0,0.2872340425531915,0.4444444444444444,0.4615384615384615,0.8333333333333334,0.6,0.6666666666666666,,,,0.3333333333333333,0.5,,,0.3333333333333333,0.5,0.6170212765957447,0.4444444444444444,0.5143994680851064,0.5282571428571429,0.5294166666666666,0.0606060606060606,0.1052631578947368,,0.1181818181818181,0.0727272727272727,8.151923076923076,25.242857142857144,0.0842105263157894,2024-01-25,22300630.0,BOS,,1.0,6.0,,,0.1,,,,,,,0.0909090909090909,,0.25,,,,,,,,,2023-24,2024,Regular Season,
52,48:00,89.0,90.0,5.0,15.0,12.0,179.0,7.0,21.0,3.0,7.0,,,19.0,30.0,2.0,6.0,2.0,10.0,,,10.0,30.0,2.0,3.0,,1.0,28.0,57.0,12.0,40.0,14.0,106.0,6.0,12.0,2.0,5.0,5.0,23.0,2.0,4.0,,1.0,,4.0,22.0,34.0,30.0,4.0,1.0,29.0,10.0,8.0,1.0,11.0,10.0,21.0,8.0,2.0,4.0,6.0,1.0,52.0,9.0,10.0,19.0,10.0,2.0,31.0,19.0,50.0,3.0,4.0,2.0,2.0,1.0,3.0,1.0,6.0,,,,7.0,,,7.0,14.0,,,,13.0,,1.0,1.0,15.0,3.0,,8.0,,,2.0,1.0,,1.0,2.0,1.0,83.0,4.0,5.0,2.0,,0.3928571428571428,0.4230769230769231,0.8333333333333334,0.3,0.4,,0.3076923076923077,0.4912280701754385,0.5,0.5,0.4742268041237113,0.5294117647058824,0.4,0.5196078431372549,0.6052631578947368,0.4,0.4123711340206185,0.025,0.1403508771929824,0.238095238095238,0.1,,0.0333333333333333,0.1428571428571428,1.0,0.625,0.3448275862068966,0.8260869565217391,0.3333333333333333,0.7435897435897436,0.3392857142857143,0.4285714285714285,0.3636363636363636,,0.2631578947368421,0.4,0.6666666666666666,1.0,0.9333333333333332,0.625,0.0638297872340425,89.5,0.5,15.786516853932584,16.38888888888889,14.842696629213483,16.022222222222222,0.2164948453608247,0.3333333333333333,0.4375,0.5714285714285714,0.3092783505154639,0.6333333333333333,0.7037037037037037,0.3157894736842105,0.0618556701030927,0.3333333333333333,0.3333333333333333,0.5,0.1030927835051546,0.2,0.2,1.0,0.3092783505154639,0.3333333333333333,0.3448275862068966,0.8,0.4117647058823529,0.4285714285714285,0.1764705882352941,0.6666666666666666,0.5,,,,,0.2,,0.6288659793814433,0.3448275862068966,0.503846875,0.5025083333333333,0.40583,0.0784313725490196,0.1290322580645161,,0.2169811320754717,0.0377358490566037,6.926315789473684,26.045,0.0561797752808988,2024-02-11,22300759.0,BOS,,2.0,6.0,1.0,,0.1176470588235294,,,,,,,0.5,,0.3333333333333333,,1.0,,,,1.0,,,2023-24,2024,Regular Season,
82,48:00,88.0,88.0,1.0,4.0,6.0,176.0,12.0,13.0,1.0,1.0,1.0,1.0,11.0,23.0,3.0,8.0,3.0,7.0,,,9.0,30.0,1.0,2.0,,,26.0,44.0,12.0,37.0,6.0,94.0,1.0,3.0,1.0,2.0,,5.0,1.0,1.0,,,,2.0,24.0,28.0,33.0,2.0,1.0,29.0,9.0,4.0,2.0,12.0,11.0,23.0,8.0,3.0,6.0,5.0,1.0,57.0,3.0,3.0,16.0,13.0,1.0,30.0,6.0,36.0,1.0,4.0,3.0,1.0,6.0,3.0,3.0,5.0,,3.0,,11.0,1.0,,7.0,13.0,,,,10.0,,2.0,2.0,6.0,,,3.0,,,1.0,1.0,,,1.0,1.0,89.0,2.0,1.0,1.0,,0.4615384615384615,0.48,0.9166666666666666,0.3243243243243243,0.5,,0.3333333333333333,0.5909090909090909,0.3333333333333333,1.0,0.5432098765432098,0.5,1.0,0.5595238095238095,0.5,1.0,0.4567901234567901,0.054054054054054,0.0909090909090909,,0.1739130434782608,,0.0666666666666666,0.5454545454545454,1.0,0.8125,0.1666666666666666,0.64,0.125,0.7073170731707317,0.1428571428571428,,0.25,,0.15,0.7777777777777778,1.0,0.6666666666666666,0.55,1.0,0.0277777777777777,88.0,1.0,15.806818181818182,16.920454545454547,15.318181818181818,16.022727272727273,0.1604938271604938,0.9230769230769232,0.9230769230769232,0.5,0.2839506172839506,0.4782608695652174,0.5789473684210527,0.4545454545454545,0.0987654320987654,0.375,0.375,0.3333333333333333,0.0864197530864197,0.4285714285714285,0.4285714285714285,1.0,0.3703703703703703,0.3,0.3214285714285714,0.8888888888888888,0.2,1.0,0.4,0.5,1.0,1.0,1.0,,,,,0.6172839506172839,0.3103448275862069,0.510776875,0.4617,0.6872,0.0357142857142857,0.0638297872340425,,0.0531914893617021,0.0212765957446808,8.668181818181818,26.721621621621622,0.0113636363636363,2024-04-21,42300101.0,BOS,,,3.0,1.0,,,,,,,,,,,,,,,,,,,,2023-24,2024,Playoffs,
83,48:00,92.0,93.0,26.0,27.0,6.0,185.0,5.0,8.0,,2.0,,1.0,7.0,18.0,2.0,6.0,5.0,8.0,,1.0,18.0,35.0,,1.0,6.0,9.0,14.0,32.0,23.0,43.0,14.0,111.0,,4.0,,1.0,,,5.0,11.0,6.0,10.0,7.0,35.0,12.0,16.0,57.0,,,35.0,18.0,8.0,,6.0,19.0,25.0,14.0,5.0,4.0,1.0,1.0,69.0,3.0,3.0,13.0,20.0,4.0,37.0,6.0,43.0,,9.0,7.0,2.0,9.0,,6.0,5.0,,3.0,,14.0,1.0,4.0,7.0,22.0,,3.0,,17.0,,,,18.0,,,6.0,,3.0,1.0,,,1.0,1.0,,111.0,33.0,25.0,4.0,2.0,0.4285714285714285,0.4285714285714285,0.8260869565217391,0.5348837209302325,,0.6,0.5348837209302325,0.4375,,0.4545454545454545,0.6466666666666666,,0.6666666666666666,0.6607142857142857,,0.7,0.5733333333333334,,0.25,0.125,0.3333333333333333,0.1666666666666666,,0.6428571428571429,1.0,0.8695652173913043,0.1666666666666666,0.6842105263157895,0.15,0.7857142857142857,0.1578947368421052,,0.2727272727272727,,0.1176470588235294,0.6666666666666666,0.875,1.0,0.7058823529411765,0.5,,92.5,,16.195652173913043,14.946236559139784,15.815217391304348,14.634408602150538,0.1066666666666666,0.625,0.7142857142857143,0.8,0.24,0.3888888888888889,0.5833333333333334,0.1428571428571428,0.08,0.3333333333333333,0.4,0.5,0.1066666666666666,0.625,0.625,1.0,0.4666666666666667,0.5142857142857142,0.5142857142857142,0.7777777777777778,0.4,,0.2,,,0.0476190476190476,,0.0476190476190476,,0.4285714285714285,0.6666666666666666,0.68,0.5142857142857142,0.5199273333333333,0.5665,0.4935785714285714,0.074074074074074,0.1578947368421052,,,0.3153153153153153,8.03125,25.969767441860466,0.2826086956521739,2024-04-24,42300102.0,BOS,,,12.0,2.0,1.0,,,,,,,,0.3333333333333333,,,,,,,,,,,2023-24,2024,Playoffs,
84,48:00,86.0,84.0,17.0,7.0,8.0,170.0,5.0,8.0,2.0,2.0,,,15.0,34.0,3.0,7.0,3.0,6.0,,1.0,6.0,22.0,,2.0,2.0,7.0,23.0,49.0,9.0,28.0,11.0,84.0,4.0,5.0,1.0,3.0,,11.0,2.0,6.0,2.0,8.0,3.0,13.0,26.0,20.0,24.0,2.0,,22.0,6.0,5.0,1.0,13.0,8.0,21.0,5.0,3.0,3.0,9.0,1.0,50.0,5.0,4.0,18.0,14.0,1.0,33.0,9.0,42.0,,2.0,2.0,,4.0,4.0,3.0,8.0,2.0,1.0,1.0,12.0,1.0,1.0,8.0,14.0,,,,16.0,,1.0,1.0,14.0,3.0,1.0,7.0,1.0,1.0,2.0,1.0,,1.0,2.0,1.0,73.0,13.0,17.0,1.0,1.0,0.5652173913043478,0.5909090909090909,0.8888888888888888,0.3214285714285714,0.3333333333333333,0.25,0.3214285714285714,0.4693877551020408,0.8,0.3333333333333333,0.474025974025974,0.6875,0.3571428571428571,0.5121951219512195,0.6875,0.40625,0.3636363636363636,0.0357142857142857,0.1020408163265306,0.25,0.088235294117647,,0.0454545454545454,0.3333333333333333,0.3333333333333333,0.8235294117647058,0.1538461538461538,0.72,0.2941176470588235,0.7619047619047619,0.2093023255813953,0.3333333333333333,0.1578947368421052,,0.2857142857142857,0.5,0.8888888888888888,1.0,0.7058823529411765,0.75,,85.0,0.5,16.88372093023256,17.0,16.209302325581394,16.488095238095237,0.1038961038961039,0.625,0.8333333333333334,0.6,0.4415584415584415,0.4411764705882353,0.4838709677419355,0.6,0.0909090909090909,0.4285714285714285,0.4285714285714285,0.3333333333333333,0.0779220779220779,0.5,0.5,1.0,0.2857142857142857,0.2727272727272727,0.2857142857142857,0.8333333333333334,0.25,1.0,0.25,,,,,0.0714285714285714,,0.5,0.2857142857142857,0.4675324675324675,0.2727272727272727,0.4923428571428572,0.486575,0.4640535714285714,0.0987654320987654,0.1320754716981132,0.0357142857142857,0.1309523809523809,0.1547619047619047,7.663265306122449,25.610714285714288,0.1976744186046511,2024-04-27,42300103.0,BOS,1.0,1.0,3.0,,,0.125,1.0,1.0,,,,,0.3333333333333333,,,,1.0,,,,,,,2023-24,2024,Playoffs,
85,48:00,93.0,93.0,28.0,18.0,10.0,186.0,7.0,10.0,1.0,2.0,1.0,2.0,15.0,33.0,4.0,10.0,1.0,6.0,,1.0,8.0,27.0,,3.0,4.0,8.0,26.0,53.0,9.0,33.0,9.0,88.0,4.0,5.0,,4.0,2.0,10.0,10.0,19.0,4.0,9.0,5.0,37.0,20.0,32.0,21.0,6.0,,27.0,8.0,2.0,1.0,10.0,7.0,17.0,6.0,1.0,5.0,3.0,2.0,41.0,4.0,7.0,16.0,21.0,,37.0,11.0,48.0,2.0,4.0,1.0,3.0,5.0,3.0,2.0,10.0,2.0,3.0,2.0,15.0,1.0,3.0,7.0,18.0,,1.0,,20.0,,4.0,2.0,12.0,4.0,,5.0,1.0,1.0,3.0,,,3.0,3.0,2.0,78.0,37.0,28.0,1.0,1.0,0.3846153846153846,0.4347826086956521,0.7777777777777778,0.2727272727272727,,0.4444444444444444,0.2727272727272727,0.490566037735849,0.8,0.5263157894736842,0.4593023255813953,0.4444444444444444,0.5714285714285714,0.4943820224719101,0.5,0.6166666666666667,0.3837209302325581,0.0303030303030303,0.0377358490566037,,0.0303030303030303,0.1,0.037037037037037,0.3333333333333333,,0.8076923076923077,0.2592592592592592,0.7272727272727273,0.1739130434782608,0.7708333333333334,0.22,0.6666666666666666,0.2777777777777778,,0.2222222222222222,0.6666666666666666,0.85,0.6666666666666666,0.7368421052631579,0.6666666666666666,0.0425531914893617,93.0,0.6666666666666666,14.580645161290322,16.387096774193548,14.172043010752688,16.021505376344088,0.1162790697674418,0.7,0.7,0.7142857142857143,0.3837209302325581,0.4545454545454545,0.46875,0.2,0.1162790697674418,0.4,0.4444444444444444,0.5,0.0697674418604651,0.1666666666666666,0.1666666666666666,1.0,0.313953488372093,0.2962962962962963,0.3076923076923077,0.75,0.2222222222222222,0.5,0.3333333333333333,,,0.0714285714285714,0.5,0.0357142857142857,,0.2857142857142857,0.5,0.5,0.2962962962962963,0.4982093023255813,0.5384357142857142,0.4770928571428571,0.0681818181818181,0.0925925925925925,0.0294117647058823,0.1136363636363636,0.4204545454545454,8.115094339622642,25.72121212121212,0.3010752688172043,2024-04-29,42300104.0,BOS,,1.0,6.0,2.0,1.0,0.1111111111111111,,,1.0,,,,,,,,,,,,,,,2023-24,2024,Playoffs,
86,48:00,94.0,95.0,2.0,14.0,2.0,189.0,19.0,21.0,,,,,12.0,28.0,2.0,9.0,1.0,8.0,,,2.0,21.0,,,,1.0,33.0,58.0,3.0,29.0,9.0,84.0,,1.0,,1.0,,,,1.0,,1.0,,,34.0,32.0,9.0,,,21.0,2.0,3.0,,17.0,3.0,20.0,2.0,1.0,11.0,6.0,,43.0,2.0,,16.0,9.0,3.0,28.0,2.0,30.0,1.0,4.0,3.0,1.0,5.0,,4.0,1.0,,1.0,,6.0,,,11.0,17.0,,1.0,,15.0,,,4.0,10.0,3.0,,6.0,,,,,,,,,84.0,,2.0,2.0,,0.5151515151515151,0.5151515151515151,1.0,0.1034482758620689,,,0.1034482758620689,0.5689655172413793,,,0.4310344827586206,,,0.4611111111111111,,,0.3333333333333333,,0.0517241379310344,,0.1071428571428571,,,0.8333333333333334,0.75,0.8181818181818182,,0.7272727272727273,0.08,0.7575757575757576,0.04,,,,0.0555555555555555,,0.5,1.0,0.7058823529411765,0.8,0.0212765957446808,94.5,,15.180851063829786,15.294736842105262,14.95744680851064,14.715789473684213,0.2413793103448276,0.9047619047619048,0.9047619047619048,0.5789473684210527,0.3218390804597701,0.4285714285714285,0.48,0.5,0.1034482758620689,0.2222222222222222,0.2222222222222222,,0.0919540229885057,0.125,0.125,1.0,0.2413793103448276,0.0952380952380952,0.0952380952380952,1.0,,,,,,,,,,0.5,,0.5747126436781609,0.0952380952380952,0.5316724137931034,,0.372575,0.0666666666666666,0.0983606557377049,,,,7.986206896551724,25.882758620689657,0.0212765957446808,2024-05-01,42300105.0,BOS,,1.0,,1.0,,0.5,,,1.0,,,,0.1428571428571428,,,,,,,,,,,2023-24,2024,Playoffs,
15,48:00,97.0,99.0,16.0,10.0,9.0,196.0,8.0,10.0,1.0,3.0,2.0,2.0,9.0,19.0,,6.0,3.0,5.0,,,16.0,48.0,2.0,7.0,2.0,10.0,17.0,35.0,19.0,53.0,12.0,103.0,1.0,5.0,2.0,7.0,,8.0,2.0,3.0,2.0,10.0,,10.0,12.0,22.0,27.0,2.0,1.0,47.0,16.0,3.0,,6.0,9.0,15.0,6.0,3.0,4.0,2.0,,39.0,7.0,6.0,21.0,12.0,,33.0,13.0,46.0,1.0,5.0,3.0,2.0,9.0,1.0,6.0,7.0,1.0,3.0,1.0,16.0,,4.0,10.0,17.0,,3.0,,19.0,,1.0,4.0,19.0,2.0,,8.0,1.0,,4.0,2.0,1.0,1.0,4.0,3.0,95.0,10.0,16.0,,,0.3529411764705882,0.375,0.4736842105263157,0.3584905660377358,0.2857142857142857,0.2,0.3653846153846153,0.4857142857142857,0.2,0.6666666666666666,0.5170454545454546,0.3333333333333333,0.3846153846153846,0.5421052631578948,0.3076923076923077,0.3846153846153846,0.6022727272727273,,0.0857142857142857,,0.1578947368421052,,,0.5625,,0.631578947368421,0.3333333333333333,0.65625,0.2121212121212121,0.6470588235294118,0.2549019607843137,0.5,0.3,0.3333333333333333,0.1935483870967742,0.5,0.625,1.0,0.6190476190476191,0.7272727272727273,0.0208333333333333,98.0,0.75,13.824742268041238,15.545454545454543,13.237113402061857,14.8989898989899,0.1136363636363636,0.8,0.8,0.5,0.2159090909090909,0.4736842105263157,0.5625,0.2222222222222222,0.0681818181818181,,,,0.0568181818181818,0.6,0.6,1.0,0.5454545454545454,0.3333333333333333,0.3333333333333333,0.375,0.25,0.3333333333333333,0.5833333333333334,0.2857142857142857,1.0,0.1538461538461538,1.0,,,0.7692307692307693,0.2,0.7159090909090909,0.3404255319148936,0.5115674418604651,0.5135,0.4935730769230769,0.0947368421052631,0.1951219512195122,0.0185185185185185,0.0776699029126213,0.0970873786407767,7.768571428571428,27.556603773584907,0.1649484536082474,2023-11-26,22300246.0,BOS,,,30.0,,,,,,,,,,0.5,,,,,,,,,,,2023-24,2024,Regular Season,
50,48:00,104.0,104.0,5.0,6.0,13.0,208.0,18.0,28.0,5.0,6.0,2.0,2.0,10.0,27.0,2.0,6.0,4.0,13.0,1.0,2.0,9.0,28.0,1.0,3.0,,2.0,30.0,61.0,13.0,41.0,18.0,117.0,6.0,8.0,2.0,4.0,,18.0,2.0,2.0,1.0,4.0,,7.0,28.0,32.0,30.0,10.0,2.0,26.0,9.0,8.0,1.0,14.0,10.0,24.0,6.0,4.0,9.0,5.0,,58.0,2.0,12.0,27.0,10.0,,37.0,14.0,51.0,5.0,8.0,6.0,2.0,6.0,1.0,5.0,3.0,,1.0,,9.0,2.0,,5.0,13.0,,2.0,1.0,16.0,,,3.0,20.0,3.0,1.0,11.0,1.0,,2.0,,,2.0,2.0,1.0,99.0,7.0,5.0,,,0.4666666666666667,0.56,0.7692307692307693,0.3170731707317073,0.5,0.25,0.3333333333333333,0.4918032786885246,0.75,1.0,0.4852941176470588,0.75,0.5833333333333334,0.5318181818181819,0.75,0.5833333333333334,0.4019607843137255,0.024390243902439,0.1311475409836065,0.1785714285714285,0.1111111111111111,,0.0357142857142857,0.6666666666666666,,0.8333333333333334,0.3870967741935484,0.84375,0.08,0.8409090909090909,0.25,0.3,0.4705882352941176,0.25,0.125,0.6666666666666666,0.8571428571428571,1.0,0.8333333333333334,0.875,0.1063829787234042,104.0,0.5,13.60576923076923,14.086538461538462,13.153846153846152,13.913461538461538,0.2745098039215686,0.6428571428571429,0.782608695652174,0.5,0.2647058823529412,0.3703703703703703,0.4166666666666667,0.5,0.0588235294117647,0.3333333333333333,0.3333333333333333,,0.1274509803921568,0.3076923076923077,0.3076923076923077,1.0,0.2745098039215686,0.3214285714285714,0.3333333333333333,0.6666666666666666,0.5,0.8333333333333334,0.25,0.3333333333333333,1.0,0.3333333333333333,1.0,0.3333333333333333,0.5,0.3333333333333333,,0.6764705882352942,0.3461538461538461,0.521870707070707,0.5358272727272727,0.6434599999999999,0.109090909090909,0.1594202898550724,0.024390243902439,0.1538461538461538,0.0598290598290598,6.240983606557377,27.50243902439024,0.048076923076923,2024-02-07,22300729.0,BOS,1.0,1.0,9.0,,1.0,0.0833333333333333,1.0,1.0,,,,,,,,,,,,,,,,2023-24,2024,Regular Season,
70,48:00,93.0,94.0,14.0,22.0,14.0,187.0,21.0,30.0,4.0,7.0,4.0,6.0,6.0,17.0,1.0,4.0,3.0,10.0,,,15.0,26.0,3.0,4.0,4.0,6.0,28.0,51.0,18.0,36.0,10.0,120.0,4.0,8.0,3.0,5.0,1.0,18.0,6.0,10.0,4.0,6.0,3.0,27.0,30.0,26.0,45.0,8.0,,26.0,15.0,7.0,1.0,15.0,15.0,30.0,12.0,3.0,12.0,2.0,1.0,75.0,4.0,10.0,21.0,10.0,2.0,33.0,15.0,48.0,1.0,5.0,4.0,1.0,7.0,3.0,3.0,6.0,,4.0,1.0,13.0,1.0,,10.0,18.0,,2.0,,16.0,,3.0,,17.0,,,5.0,1.0,2.0,2.0,2.0,,,3.0,1.0,102.0,27.0,14.0,,2.0,0.5357142857142857,0.625,0.8333333333333334,0.5,0.6,0.6666666666666666,0.5,0.5490196078431373,0.5,0.6,0.632183908045977,0.6538461538461539,0.75,0.631578947368421,0.6428571428571429,0.75,0.4137931034482758,0.0277777777777777,0.1372549019607843,0.1333333333333333,0.1764705882352941,,,0.5384615384615384,0.6666666666666666,0.5,0.4347826086956521,0.8076923076923077,0.2352941176470588,0.6739130434782609,0.35,0.4444444444444444,0.4545454545454545,0.3333333333333333,0.3,0.6363636363636364,0.375,,0.8,0.8333333333333334,0.03125,93.5,0.3333333333333333,14.290322580645162,16.5,13.946236559139784,15.73404255319149,0.3448275862068966,0.7,0.8076923076923077,0.5714285714285714,0.1954022988505747,0.3529411764705882,0.4285714285714285,0.3333333333333333,0.0459770114942528,0.25,0.25,1.0,0.1149425287356321,0.3,0.3333333333333333,1.0,0.2988505747126437,0.5769230769230769,0.5769230769230769,0.8,0.5384615384615384,0.5714285714285714,0.3076923076923077,0.75,1.0,0.375,0.6666666666666666,,,0.375,0.6666666666666666,0.7586206896551724,0.5769230769230769,0.5790691860465117,0.55589,0.5755466666666667,0.064516129032258,0.0892857142857142,0.027027027027027,0.15,0.225,5.245098039215686,25.355555555555554,0.1505376344086021,2024-03-25,22301034.0,BOS,,1.0,9.0,,,0.0769230769230769,,,,1.0,1.0,0.1,0.1428571428571428,,,,,1.0,0.3333333333333333,,,,,2023-24,2024,Regular Season,
72,53:00,101.0,100.0,4.0,22.0,17.0,201.0,18.0,25.0,5.0,6.0,,,13.0,24.0,5.0,11.0,6.0,10.0,,,9.0,34.0,4.0,6.0,1.0,2.0,36.0,60.0,15.0,44.0,6.0,123.0,8.0,11.0,4.0,6.0,,28.0,1.0,3.0,1.0,2.0,,5.0,22.0,50.0,39.0,10.0,1.0,33.0,9.0,4.0,2.0,11.0,13.0,24.0,7.0,6.0,5.0,6.0,,61.0,10.0,8.0,17.0,21.0,,38.0,19.0,57.0,2.0,5.0,3.0,2.0,7.0,1.0,4.0,4.0,3.0,3.0,,11.0,2.0,,10.0,17.0,,,,15.0,1.0,,3.0,10.0,1.0,,5.0,,1.0,4.0,4.0,,,5.0,4.0,95.0,5.0,4.0,,,0.3055555555555556,0.3548387096774194,0.8666666666666667,0.3409090909090909,0.6666666666666666,0.5,0.3488372093023256,0.6,0.7272727272727273,0.3333333333333333,0.5625,0.8235294117647058,0.5,0.5642201834862385,0.8235294117647058,0.4166666666666667,0.4230769230769231,0.0454545454545454,0.0666666666666666,0.08,0.0416666666666666,0.0909090909090909,0.0588235294117647,0.6363636363636364,,0.8076923076923077,0.3333333333333333,0.8095238095238095,0.3571428571428571,0.8085106382978723,0.3461538461538461,0.4285714285714285,0.3636363636363636,0.1666666666666666,0.375,0.7272727272727273,0.8461538461538461,1.0,0.8,0.8333333333333334,0.0434782608695652,91.01886792452832,0.8,16.683168316831683,14.95,15.94059405940594,14.67,0.2403846153846154,0.72,0.782608695652174,0.2777777777777778,0.2307692307692307,0.5416666666666666,0.5652173913043478,0.4615384615384615,0.1057692307692307,0.4545454545454545,0.5,,0.0961538461538461,0.6,0.6,1.0,0.3269230769230769,0.2647058823529412,0.28125,0.7777777777777778,0.3529411764705882,0.8333333333333334,0.3529411764705882,0.6666666666666666,0.75,,,,,0.4,0.5,0.6634615384615384,0.2727272727272727,0.5271927184466019,0.53235,0.33885,0.0462962962962962,0.078125,,0.2276422764227642,0.040650406504065,7.79,25.627272727272725,0.0396039603960396,2024-03-28,22301060.0,BOS,,,6.0,2.0,,,,,,1.0,1.0,,0.25,2.0,,,,1.0,0.3333333333333333,1.0,,,,2023-24,2024,Regular Season,
31,48:00,98.0,98.0,4.0,21.0,8.0,196.0,15.0,25.0,2.0,6.0,,,12.0,19.0,3.0,7.0,4.0,12.0,,,14.0,28.0,,3.0,,1.0,30.0,51.0,18.0,40.0,13.0,127.0,2.0,6.0,,3.0,,4.0,1.0,1.0,,1.0,4.0,6.0,36.0,24.0,48.0,2.0,1.0,27.0,14.0,8.0,2.0,18.0,16.0,34.0,13.0,3.0,9.0,6.0,3.0,84.0,4.0,7.0,18.0,11.0,1.0,30.0,11.0,41.0,,7.0,2.0,5.0,7.0,,5.0,5.0,,2.0,2.0,12.0,2.0,,12.0,22.0,,,,15.0,1.0,1.0,2.0,17.0,2.0,,7.0,,2.0,10.0,5.0,,5.0,10.0,4.0,123.0,6.0,4.0,3.0,2.0,0.6,0.6206896551724138,0.8888888888888888,0.45,,,0.4615384615384615,0.5882352941176471,0.3333333333333333,1.0,0.6263736263736264,0.2222222222222222,0.5,0.6479591836734694,0.2222222222222222,0.75,0.4395604395604395,0.05,0.1568627450980392,0.28,0.0526315789473684,,0.0357142857142857,0.5833333333333334,0.5,0.44,0.3333333333333333,0.75,0.2,0.5918367346938775,0.2682926829268293,0.4,0.2857142857142857,0.25,0.1538461538461538,0.4166666666666667,0.5,,0.6153846153846154,0.9090909090909092,,98.0,0.4,14.806122448979592,14.581632653061224,14.326530612244898,13.622448979591836,0.2747252747252747,0.6,0.8333333333333334,0.6,0.2087912087912088,0.631578947368421,0.6666666666666666,0.5,0.0769230769230769,0.4285714285714285,0.4285714285714285,1.0,0.1318681318681318,0.3333333333333333,0.3636363636363636,0.75,0.3076923076923077,0.5,0.5185185185185185,0.9285714285714286,0.6666666666666666,0.3333333333333333,0.3333333333333333,,,,,,,0.5,,0.7142857142857143,0.5185185185185185,0.5558805555555555,0.63415,0.438,0.0729166666666666,0.125,,0.0314960629921259,0.0472440944881889,6.166666666666667,25.935,0.0408163265306122,2024-01-02,22300462.0,BOS,,,6.0,1.0,,,,,1.0,,,0.0833333333333333,0.2857142857142857,,0.5,,1.0,,,,,,,2023-24,2024,Regular Season,
75,48:00,98.0,98.0,17.0,9.0,10.0,196.0,18.0,23.0,2.0,3.0,2.0,2.0,10.0,29.0,2.0,5.0,1.0,5.0,1.0,1.0,4.0,19.0,1.0,1.0,1.0,1.0,30.0,57.0,5.0,24.0,25.0,100.0,2.0,6.0,1.0,1.0,4.0,11.0,2.0,7.0,2.0,2.0,12.0,22.0,34.0,26.0,12.0,2.0,,19.0,4.0,10.0,,17.0,4.0,21.0,3.0,1.0,12.0,4.0,1.0,46.0,4.0,6.0,16.0,10.0,,26.0,11.0,37.0,1.0,8.0,5.0,3.0,7.0,2.0,5.0,7.0,2.0,2.0,2.0,14.0,2.0,4.0,8.0,11.0,,,,18.0,,,,28.0,2.0,,13.0,,2.0,5.0,2.0,,3.0,5.0,2.0,89.0,22.0,17.0,1.0,2.0,0.5666666666666667,0.5862068965517241,0.8,0.2083333333333333,1.0,1.0,0.2083333333333333,0.5263157894736842,0.3333333333333333,0.2857142857142857,0.4629629629629629,0.5,0.5555555555555556,0.5319148936170213,0.6111111111111112,0.6875,0.2962962962962963,,0.175438596491228,0.0869565217391304,0.2758620689655172,,,0.5,,0.5263157894736842,0.2307692307692307,0.7619047619047619,0.2105263157894736,0.65,0.2222222222222222,,0.2777777777777778,0.3333333333333333,0.2,0.6,0.4,0.75,0.8571428571428571,0.5714285714285714,0.0285714285714285,98.0,0.4,14.306122448979592,15.081632653061224,13.908163265306122,14.244897959183673,0.2839506172839506,0.782608695652174,0.8571428571428571,0.6666666666666666,0.3580246913580246,0.3448275862068966,0.4761904761904761,0.4,0.0617283950617283,0.4,0.4,0.5,0.0617283950617283,0.2,0.2,1.0,0.2345679012345679,0.2105263157894736,0.2105263157894736,0.75,0.4285714285714285,0.6666666666666666,0.1428571428571428,1.0,1.0,0.2222222222222222,1.0,0.1111111111111111,1.0,0.1111111111111111,1.0,0.5802469135802469,0.2105263157894736,0.5080635802469136,0.474325,0.4817722222222222,0.1413043478260869,0.1911764705882352,,0.11,0.22,6.471929824561403,26.166666666666668,0.173469387755102,2024-04-03,22301105.0,BOS,,,3.0,,,,,,,,,,0.25,,,,,1.0,0.5,,,,,2023-24,2024,Regular Season,
35,48:00,108.0,108.0,41.0,26.0,13.0,216.0,18.0,27.0,2.0,6.0,8.0,9.0,8.0,29.0,2.0,4.0,1.0,8.0,1.0,2.0,5.0,26.0,1.0,2.0,3.0,8.0,28.0,60.0,6.0,34.0,23.0,97.0,3.0,11.0,1.0,3.0,2.0,11.0,12.0,19.0,4.0,10.0,9.0,45.0,36.0,20.0,15.0,2.0,,26.0,5.0,8.0,,18.0,5.0,23.0,4.0,1.0,12.0,5.0,1.0,51.0,8.0,9.0,28.0,12.0,2.0,42.0,18.0,60.0,1.0,11.0,6.0,5.0,9.0,2.0,5.0,9.0,3.0,4.0,,18.0,2.0,6.0,17.0,24.0,2.0,,,23.0,,2.0,,34.0,5.0,,14.0,,5.0,2.0,1.0,,1.0,2.0,2.0,86.0,45.0,41.0,1.0,5.0,0.6428571428571429,0.6666666666666666,0.8333333333333334,0.1764705882352941,0.3333333333333333,0.4,0.1764705882352941,0.4666666666666667,0.2727272727272727,0.631578947368421,0.3936170212765957,0.3214285714285714,0.6206896551724138,0.4444444444444444,0.34375,0.625,0.3617021276595745,,0.1333333333333333,0.1111111111111111,0.1724137931034483,,,0.5,0.6666666666666666,0.631578947368421,0.28125,0.875,0.2962962962962963,0.7843137254901961,0.288135593220339,0.3333333333333333,0.238095238095238,0.5,0.3,0.6666666666666666,0.5454545454545454,1.0,0.8461538461538461,1.0,0.0196078431372549,108.0,1.0,13.48148148148148,13.185185185185183,12.77777777777778,12.703703703703704,0.2872340425531915,0.6666666666666666,0.75,0.6666666666666666,0.3085106382978723,0.2758620689655172,0.3333333333333333,0.625,0.0425531914893617,0.5,0.5,0.5,0.0851063829787234,0.125,0.125,1.0,0.2765957446808511,0.1923076923076923,0.1923076923076923,0.8,0.4285714285714285,0.3333333333333333,0.1428571428571428,0.5,,0.3103448275862069,0.8888888888888888,0.0689655172413793,0.5,0.2758620689655172,0.375,0.648936170212766,0.1923076923076923,0.5149739361702128,0.5219722222222223,0.5273034482758621,0.1359223300970873,0.2028985507246377,,0.1134020618556701,0.4639175257731959,5.87,25.9,0.3796296296296296,2024-01-05,22300479.0,BOS,,1.0,3.0,1.0,,0.0714285714285714,,,1.0,,,,0.2857142857142857,,0.5,,1.0,1.0,0.125,,,,,2023-24,2024,Regular Season,
64,48:00,91.0,90.0,17.0,18.0,10.0,181.0,9.0,9.0,4.0,4.0,1.0,1.0,13.0,38.0,4.0,7.0,3.0,7.0,,1.0,12.0,25.0,,2.0,2.0,6.0,26.0,54.0,15.0,32.0,10.0,107.0,4.0,5.0,,3.0,2.0,10.0,5.0,9.0,2.0,7.0,2.0,18.0,24.0,28.0,33.0,6.0,,25.0,12.0,8.0,,12.0,11.0,23.0,8.0,3.0,3.0,8.0,1.0,57.0,6.0,5.0,20.0,11.0,1.0,32.0,11.0,43.0,3.0,4.0,3.0,1.0,5.0,,4.0,5.0,,1.0,,10.0,2.0,2.0,8.0,18.0,,3.0,,14.0,,1.0,2.0,11.0,1.0,,6.0,,,7.0,1.0,,6.0,7.0,5.0,97.0,18.0,17.0,1.0,,0.4615384615384615,0.5217391304347826,0.7333333333333333,0.46875,,0.2857142857142857,0.46875,0.4814814814814814,0.8,0.5555555555555556,0.563953488372093,0.5,0.5,0.5879120879120879,0.5555555555555556,0.5294117647058824,0.3720930232558139,,0.1481481481481481,,0.2105263157894736,,,0.5,1.0,0.55,0.1785714285714285,0.6896551724137931,0.375,0.6326530612244898,0.25,,0.16,0.3333333333333333,0.4166666666666667,1.0,0.4615384615384615,0.6,0.6538461538461539,1.0,0.0833333333333333,90.5,0.7142857142857143,15.582417582417582,16.244444444444444,15.12087912087912,15.433333333333334,0.1046511627906976,1.0,1.0,0.3333333333333333,0.4418604651162791,0.3421052631578947,0.4333333333333333,0.6153846153846154,0.0813953488372093,0.5714285714285714,0.5714285714285714,0.25,0.0813953488372093,0.4285714285714285,0.4285714285714285,1.0,0.2906976744186046,0.48,0.48,0.6666666666666666,0.5,1.0,0.25,,,0.0625,1.0,0.0625,,0.375,0.3333333333333333,0.4767441860465116,0.48,0.4790872093023256,0.5402083333333333,0.477684375,0.0659340659340659,0.1016949152542373,,0.0934579439252336,0.1682242990654205,8.02962962962963,25.26875,0.1868131868131868,2024-03-12,22300943.0,BOS,,1.0,12.0,1.0,2.0,0.125,,,,,,,0.25,,,,1.0,,,,1.0,,,2023-24,2024,Regular Season,
0,48:00,96.0,95.0,24.0,29.0,20.0,191.0,11.0,33.0,2.0,5.0,3.0,8.0,3.0,15.0,4.0,8.0,4.0,8.0,,3.0,14.0,33.0,3.0,8.0,4.0,10.0,18.0,56.0,18.0,41.0,14.0,104.0,3.0,7.0,3.0,8.0,5.0,20.0,4.0,11.0,4.0,13.0,3.0,23.0,22.0,14.0,39.0,4.0,,33.0,14.0,11.0,,11.0,13.0,24.0,9.0,4.0,5.0,3.0,3.0,61.0,7.0,14.0,21.0,12.0,1.0,34.0,22.0,56.0,3.0,9.0,8.0,1.0,6.0,1.0,2.0,5.0,1.0,4.0,,11.0,4.0,2.0,8.0,22.0,,1.0,,22.0,1.0,2.0,3.0,26.0,2.0,1.0,8.0,2.0,3.0,,,,,,,84.0,23.0,24.0,5.0,3.0,0.6111111111111112,0.6875,0.7222222222222222,0.4390243902439024,0.375,0.3076923076923077,0.4390243902439024,0.3214285714285714,0.4285714285714285,0.3636363636363636,0.4639175257731959,0.5,0.4166666666666667,0.4813084112149532,0.5555555555555556,0.4107142857142857,0.422680412371134,,0.1964285714285714,0.2424242424242424,0.1333333333333333,0.125,,0.5454545454545454,1.0,0.9230769230769232,0.3684210526315789,0.7777777777777778,0.3333333333333333,0.825,0.3559322033898305,0.4545454545454545,0.0833333333333333,0.75,0.2352941176470588,1.0,0.6666666666666666,1.0,0.8,0.7142857142857143,0.0625,95.5,,15.666666666666666,14.48421052631579,14.677083333333334,14.052631578947368,0.3402061855670103,0.3333333333333333,0.44,0.4545454545454545,0.1546391752577319,0.2,0.2307692307692307,1.0,0.0824742268041237,0.5,0.5714285714285714,0.75,0.0824742268041237,0.5,0.5,1.0,0.3402061855670103,0.4242424242424242,0.4242424242424242,0.6428571428571429,0.3333333333333333,0.4,0.5333333333333333,0.375,1.0,0.3333333333333333,0.375,0.125,,0.4166666666666667,0.4,0.7628865979381443,0.4242424242424242,0.5397309278350516,0.48895,0.5388937500000001,0.0961538461538461,0.1290322580645161,0.0476190476190476,0.1923076923076923,0.2211538461538461,5.698214285714286,24.953658536585365,0.25,2023-10-25,22300065.0,BOS,,,15.0,2.0,,,,,2.0,,,,0.75,,,,,1.0,0.2,,,,,2023-24,2024,Regular Season,
9,48:00,85.0,85.0,27.0,12.0,14.0,170.0,5.0,10.0,3.0,5.0,2.0,4.0,4.0,15.0,9.0,19.0,4.0,8.0,1.0,2.0,11.0,27.0,2.0,4.0,2.0,5.0,18.0,44.0,15.0,35.0,17.0,98.0,3.0,7.0,2.0,4.0,3.0,15.0,3.0,10.0,3.0,7.0,11.0,26.0,12.0,24.0,33.0,4.0,,27.0,11.0,3.0,,6.0,11.0,17.0,8.0,3.0,3.0,2.0,1.0,45.0,4.0,11.0,16.0,12.0,,28.0,15.0,43.0,,5.0,2.0,3.0,3.0,1.0,1.0,9.0,2.0,2.0,,12.0,2.0,5.0,7.0,16.0,,2.0,1.0,22.0,,3.0,,24.0,1.0,,9.0,,3.0,2.0,1.0,,1.0,2.0,1.0,83.0,26.0,27.0,1.0,2.0,0.3333333333333333,0.375,0.7333333333333333,0.4285714285714285,0.5,0.4285714285714285,0.4285714285714285,0.4090909090909091,0.4285714285714285,0.3,0.5126582278481012,0.5454545454545454,0.4411764705882353,0.5444444444444444,0.5769230769230769,0.52,0.4430379746835443,,0.0681818181818181,,0.2,,,0.25,,0.8,0.44,0.6956521739130435,0.2105263157894736,0.7368421052631579,0.3409090909090909,0.2,0.5,0.5,0.2666666666666666,1.0,0.5714285714285714,1.0,0.6818181818181818,1.0,,85.0,0.5,17.71764705882353,16.16470588235294,17.105882352941176,15.658823529411764,0.1265822784810126,0.5,0.5,0.6,0.189873417721519,0.2666666666666666,0.3333333333333333,0.5,0.240506329113924,0.4736842105263157,0.4736842105263157,0.1111111111111111,0.1012658227848101,0.5,0.5,0.75,0.3417721518987341,0.4074074074074074,0.4074074074074074,0.7272727272727273,0.4545454545454545,0.6,0.3636363636363636,0.5,1.0,0.2352941176470588,0.5,0.1176470588235294,0.5,0.2941176470588235,0.4,0.569620253164557,0.4074074074074074,0.4951791139240506,0.5291357142857143,0.5361088235294117,0.1034482758620689,0.173076923076923,,0.1530612244897959,0.2653061224489796,10.71818181818182,25.95142857142857,0.3176470588235294,2023-11-13,22300188.0,BOS,,,12.0,2.0,,,,,1.0,,,,,1.0,0.3333333333333333,,,,,,,,,2023-24,2024,Regular Season,
20,48:00,97.0,98.0,35.0,30.0,16.0,195.0,15.0,22.0,5.0,6.0,3.0,5.0,9.0,23.0,5.0,6.0,5.0,10.0,2.0,4.0,10.0,27.0,1.0,2.0,3.0,9.0,29.0,51.0,15.0,37.0,20.0,123.0,8.0,10.0,1.0,2.0,2.0,21.0,9.0,17.0,5.0,13.0,3.0,36.0,30.0,28.0,39.0,14.0,,27.0,10.0,5.0,,15.0,13.0,28.0,8.0,5.0,9.0,3.0,3.0,69.0,8.0,9.0,24.0,9.0,1.0,34.0,17.0,51.0,2.0,4.0,2.0,2.0,8.0,2.0,6.0,6.0,1.0,2.0,1.0,14.0,3.0,5.0,8.0,20.0,1.0,,,19.0,,2.0,,27.0,,,9.0,1.0,2.0,3.0,3.0,,,3.0,2.0,102.0,36.0,35.0,2.0,2.0,0.5172413793103449,0.6818181818181818,0.8666666666666667,0.4054054054054054,0.5,0.3846153846153846,0.4054054054054054,0.5686274509803921,0.8,0.5294117647058824,0.5852272727272727,0.7916666666666666,0.55,0.605,0.75,0.5294117647058824,0.4204545454545454,,0.0980392156862745,0.0454545454545454,0.1739130434782608,,,0.5714285714285714,1.0,0.6,0.4090909090909091,0.8888888888888888,0.3636363636363636,0.7857142857142857,0.3863636363636363,0.4285714285714285,0.3571428571428571,1.0,0.2941176470588235,0.5,0.5,1.0,0.95,0.7142857142857143,0.0512820512820512,97.5,0.6666666666666666,14.41237113402062,15.122448979591836,13.70103092783505,14.591836734693878,0.25,0.6818181818181818,0.7142857142857143,0.6,0.2613636363636363,0.391304347826087,0.4736842105263157,0.3333333333333333,0.0681818181818181,0.8333333333333334,0.8333333333333334,0.6,0.1136363636363636,0.5,0.5,1.0,0.3068181818181818,0.3703703703703703,0.3703703703703703,0.8,0.5,0.8333333333333334,0.1666666666666666,0.5,,0.1666666666666666,0.6,0.1333333333333333,0.5,0.3,0.3333333333333333,0.6704545454545454,0.3703703703703703,0.5188369318181818,0.4785,0.51529,0.1020408163265306,0.15,0.0263157894736842,0.1707317073170731,0.2926829268292683,6.456862745098039,26.216216216216218,0.3608247422680412,2023-12-08,22301227.0,BOS,,,6.0,2.0,,,,,2.0,,,,0.6,1.0,,,,,,,,,,2023-24,2024,Regular Season,
56,48:00,83.0,83.0,9.0,9.0,13.0,166.0,14.0,21.0,4.0,6.0,3.0,4.0,7.0,15.0,3.0,8.0,,4.0,,,13.0,34.0,2.0,8.0,1.0,1.0,24.0,44.0,13.0,38.0,15.0,102.0,5.0,8.0,2.0,9.0,2.0,18.0,4.0,7.0,1.0,1.0,2.0,13.0,26.0,22.0,24.0,2.0,,34.0,13.0,3.0,1.0,13.0,8.0,21.0,8.0,,10.0,2.0,1.0,50.0,10.0,8.0,14.0,10.0,2.0,26.0,18.0,44.0,2.0,1.0,,1.0,8.0,1.0,4.0,6.0,1.0,4.0,2.0,14.0,,2.0,7.0,15.0,,1.0,,16.0,1.0,,4.0,16.0,3.0,,8.0,,,2.0,1.0,,1.0,3.0,3.0,84.0,13.0,9.0,,,0.5416666666666666,0.5652173913043478,0.6153846153846154,0.3421052631578947,0.2222222222222222,1.0,0.3421052631578947,0.5454545454545454,0.625,0.5714285714285714,0.5304878048780488,0.4705882352941176,0.6875,0.5689655172413793,0.5,0.7222222222222222,0.4634146341463415,0.0263157894736842,0.0681818181818181,0.1428571428571428,,,0.0294117647058823,0.5714285714285714,0.6666666666666666,0.6666666666666666,0.4210526315789473,0.7368421052631579,0.4,0.7058823529411765,0.4090909090909091,0.3333333333333333,0.375,0.6,0.4285714285714285,0.5833333333333334,1.0,1.0,0.6875,1.0,0.05,83.0,1.0,18.08433734939759,16.6144578313253,16.626506024096386,15.879518072289155,0.2560975609756097,0.6666666666666666,0.7777777777777778,0.7142857142857143,0.1829268292682926,0.4666666666666667,0.4666666666666667,0.2857142857142857,0.0975609756097561,0.375,0.375,0.3333333333333333,0.048780487804878,,,,0.4146341463414634,0.3823529411764705,0.3939393939393939,0.6153846153846154,0.3529411764705882,0.6666666666666666,0.4705882352941176,0.25,0.5,0.5,0.75,,,0.125,1.0,0.7195121951219512,0.3823529411764705,0.5307384146341464,0.5773666666666667,0.5816625,0.0919540229885057,0.1632653061224489,,0.1764705882352941,0.1274509803921568,7.118181818181818,25.48684210526316,0.108433734939759,2024-02-24,22300816.0,BOS,,1.0,15.0,1.0,,0.0588235294117647,,,3.0,1.0,,,0.25,,0.75,1.0,,,,,,,,2023-24,2024,Regular Season,
79,48:00,96.0,95.0,9.0,11.0,18.0,191.0,17.0,25.0,6.0,9.0,2.0,2.0,12.0,28.0,6.0,10.0,1.0,4.0,,1.0,13.0,32.0,1.0,4.0,1.0,2.0,35.0,63.0,14.0,36.0,6.0,118.0,7.0,11.0,2.0,6.0,2.0,22.0,4.0,5.0,1.0,3.0,3.0,14.0,30.0,40.0,27.0,8.0,1.0,31.0,13.0,12.0,,15.0,9.0,24.0,9.0,,7.0,6.0,2.0,57.0,5.0,15.0,19.0,16.0,2.0,37.0,20.0,57.0,1.0,7.0,5.0,2.0,7.0,3.0,5.0,8.0,,2.0,1.0,15.0,3.0,1.0,9.0,12.0,,1.0,,16.0,3.0,1.0,,10.0,3.0,1.0,5.0,1.0,1.0,3.0,2.0,,1.0,4.0,3.0,96.0,14.0,9.0,,1.0,0.4285714285714285,0.4838709677419355,0.6428571428571429,0.3888888888888889,0.3333333333333333,0.3333333333333333,0.4,0.5555555555555556,0.6363636363636364,0.8,0.5656565656565656,0.5882352941176471,0.6875,0.5784313725490197,0.6111111111111112,0.7777777777777778,0.3636363636363636,,0.1904761904761904,0.16,0.2857142857142857,,,0.4666666666666667,1.0,0.8,0.5769230769230769,0.76,0.238095238095238,0.7777777777777778,0.425531914893617,0.1428571428571428,0.8666666666666667,0.25,0.2222222222222222,0.7777777777777778,0.8571428571428571,0.75,0.7272727272727273,1.0,0.0277777777777777,95.5,0.75,16.4375,13.705263157894738,15.53125,13.31578947368421,0.2525252525252525,0.68,0.8095238095238095,0.4117647058823529,0.2828282828282828,0.4285714285714285,0.6,0.5,0.101010101010101,0.6,0.6,0.3333333333333333,0.0404040404040404,0.25,0.25,,0.3232323232323232,0.40625,0.40625,0.6923076923076923,0.5294117647058824,0.6666666666666666,0.2352941176470588,0.25,1.0,0.25,1.0,0.125,,0.25,0.5,0.6161616161616161,0.4193548387096774,0.5230479591836734,0.5739923076923077,0.5199285714285714,0.0594059405940594,0.0769230769230769,0.0277777777777777,0.1864406779661017,0.1186440677966101,7.198412698412699,26.822222222222223,0.09375,2024-04-11,22301167.0,BOS,1.0,2.0,15.0,,,0.1176470588235294,0.5,,,1.0,1.0,,0.3333333333333333,,0.1666666666666666,,,,,,,,,2023-24,2024,Regular Season,
18,48:00,96.0,96.0,19.0,14.0,11.0,192.0,13.0,23.0,3.0,3.0,2.0,4.0,11.0,23.0,6.0,16.0,4.0,7.0,,1.0,5.0,21.0,1.0,3.0,2.0,5.0,30.0,62.0,9.0,28.0,10.0,97.0,4.0,6.0,1.0,3.0,2.0,13.0,6.0,10.0,2.0,6.0,2.0,20.0,34.0,26.0,24.0,4.0,,21.0,5.0,9.0,,17.0,8.0,25.0,4.0,4.0,10.0,2.0,5.0,58.0,3.0,9.0,17.0,10.0,2.0,29.0,12.0,41.0,,11.0,7.0,4.0,6.0,1.0,3.0,2.0,1.0,3.0,,8.0,,,5.0,13.0,,,,18.0,,,2.0,18.0,2.0,,8.0,,2.0,7.0,4.0,,3.0,7.0,4.0,84.0,20.0,19.0,2.0,,0.5666666666666667,0.6071428571428571,0.8888888888888888,0.3214285714285714,0.3333333333333333,0.3333333333333333,0.3214285714285714,0.4838709677419355,0.6666666666666666,0.6,0.4833333333333333,0.6111111111111112,0.5625,0.4948979591836734,0.5909090909090909,0.5,0.3111111111111111,,0.1451612903225806,0.217391304347826,0.1739130434782608,,,0.75,1.0,0.6666666666666666,0.28125,0.6296296296296297,0.1578947368421052,0.6428571428571429,0.2352941176470588,0.4,0.3333333333333333,0.1,0.125,0.5,0.8571428571428571,0.5,0.6363636363636364,0.6,,96.0,0.5714285714285714,14.947916666666666,15.052083333333334,14.364583333333334,14.458333333333334,0.2555555555555555,0.5652173913043478,0.7222222222222222,0.7692307692307693,0.2555555555555555,0.4782608695652174,0.5789473684210527,0.1818181818181818,0.1777777777777777,0.375,0.375,0.8333333333333334,0.0777777777777777,0.5714285714285714,0.5714285714285714,1.0,0.2333333333333333,0.238095238095238,0.238095238095238,0.8,0.3333333333333333,1.0,0.3333333333333333,0.3333333333333333,1.0,0.25,0.5,0.0625,,0.3125,0.4,0.5666666666666667,0.238095238095238,0.4865622222222222,0.5034583333333333,0.4652,0.0833333333333333,0.1176470588235294,,0.134020618556701,0.2061855670103092,8.761290322580646,26.025,0.1979166666666666,2023-11-28,22300053.0,BOS,,,3.0,3.0,,,,,,,,,0.3333333333333333,,0.3333333333333333,,,,,,,,,2023-24,2024,Regular Season,
55,48:00,99.0,99.0,17.0,23.0,13.0,198.0,21.0,39.0,3.0,8.0,4.0,5.0,5.0,16.0,8.0,11.0,3.0,5.0,,1.0,7.0,23.0,1.0,1.0,2.0,7.0,34.0,66.0,10.0,28.0,14.0,112.0,5.0,12.0,1.0,2.0,1.0,14.0,7.0,8.0,2.0,8.0,,20.0,42.0,26.0,27.0,4.0,,23.0,7.0,11.0,,21.0,9.0,30.0,7.0,2.0,11.0,3.0,7.0,69.0,3.0,13.0,20.0,11.0,3.0,34.0,16.0,50.0,2.0,6.0,4.0,2.0,10.0,1.0,7.0,3.0,1.0,3.0,,13.0,1.0,1.0,10.0,17.0,,1.0,,16.0,1.0,,4.0,16.0,,,8.0,,,2.0,1.0,,1.0,2.0,1.0,98.0,20.0,17.0,2.0,,0.6176470588235294,0.65625,0.9,0.3571428571428571,0.5,0.25,0.3571428571428571,0.5151515151515151,0.4166666666666667,0.875,0.5212765957446809,0.4642857142857143,0.625,0.5490196078431373,0.4666666666666667,0.625,0.2978723404255319,,0.1666666666666666,0.2564102564102564,0.0625,,,0.7692307692307693,1.0,0.7857142857142857,0.40625,0.9090909090909092,0.1764705882352941,0.8611111111111112,0.3265306122448979,0.5,0.3636363636363636,,0.2,0.6666666666666666,1.0,0.5,0.8947368421052632,1.0,0.0526315789473684,99.0,0.5,14.656565656565656,14.434343434343434,13.818181818181818,14.151515151515152,0.4148936170212766,0.5384615384615384,0.7241379310344828,0.5238095238095238,0.1702127659574468,0.3125,0.3333333333333333,0.6,0.1170212765957446,0.7272727272727273,0.7272727272727273,0.875,0.0531914893617021,0.6,0.6,0.6666666666666666,0.2446808510638297,0.3043478260869565,0.3043478260869565,1.0,0.5714285714285714,0.375,0.0714285714285714,1.0,1.0,0.3125,0.8,0.0625,,0.4375,0.2857142857142857,0.7127659574468085,0.3043478260869565,0.564595744680851,0.5784909090909092,0.55039375,0.0784313725490196,0.1081081081081081,,0.125,0.1785714285714285,5.512121212121213,25.13214285714286,0.1717171717171717,2024-02-22,22300797.0,BOS,,1.0,3.0,,,0.0714285714285714,,,,,,,,,,,,,,,,,,2023-24,2024,Regular Season,
70,48:00,89.0,90.0,4.0,18.0,3.0,179.0,22.0,32.0,1.0,1.0,1.0,2.0,11.0,18.0,5.0,8.0,5.0,12.0,,,4.0,12.0,,1.0,,1.0,38.0,58.0,9.0,24.0,10.0,113.0,1.0,3.0,,1.0,1.0,3.0,2.0,4.0,,1.0,1.0,5.0,54.0,22.0,27.0,2.0,,12.0,4.0,3.0,,27.0,9.0,36.0,4.0,5.0,17.0,7.0,3.0,81.0,3.0,2.0,18.0,9.0,,27.0,5.0,32.0,,7.0,5.0,2.0,5.0,1.0,4.0,2.0,1.0,1.0,,7.0,1.0,1.0,7.0,18.0,,,,9.0,,1.0,,11.0,2.0,,6.0,,,3.0,2.0,,1.0,3.0,1.0,110.0,5.0,4.0,2.0,,0.7105263157894737,0.7297297297297297,1.0,0.375,,,0.375,0.6551724137931034,0.3333333333333333,0.5,0.6280487804878049,0.25,0.4,0.6511627906976745,0.25,0.4,0.2926829268292683,,0.0517241379310344,0.09375,,,,0.7142857142857143,,0.6428571428571429,0.1,0.6666666666666666,0.2,0.6585365853658537,0.1428571428571428,0.1,,0.3333333333333333,0.375,0.25,0.8,0.8,0.6842105263157895,0.625,,89.5,0.3333333333333333,14.337078651685394,17.822222222222223,13.898876404494382,17.07777777777778,0.3902439024390244,0.6875,0.7586206896551724,0.7727272727272727,0.2195121951219512,0.6111111111111112,0.6111111111111112,0.6363636363636364,0.0975609756097561,0.625,0.625,0.6,0.1463414634146341,0.4166666666666667,0.4166666666666667,1.0,0.1463414634146341,0.3333333333333333,0.3333333333333333,1.0,0.25,1.0,0.25,,,0.4,0.5,,,0.2,,0.6829268292682927,0.3333333333333333,0.5648975609756097,0.4608333333333334,0.48704,0.0697674418604651,0.0967741935483871,,0.0265486725663716,0.0442477876106194,6.306896551724138,24.866666666666664,0.0449438202247191,2024-03-23,22301023.0,BOS,,,,2.0,,,,,1.0,,,,,,,,,,,,,,,2023-24,2024,Regular Season,
5,53:00,110.0,108.0,29.0,22.0,7.0,218.0,12.0,17.0,2.0,3.0,2.0,3.0,14.0,22.0,5.0,9.0,4.0,9.0,2.0,2.0,9.0,28.0,1.0,2.0,1.0,5.0,31.0,48.0,13.0,37.0,13.0,114.0,2.0,5.0,1.0,2.0,2.0,9.0,5.0,8.0,3.0,7.0,7.0,26.0,30.0,32.0,33.0,4.0,,28.0,9.0,2.0,,15.0,11.0,26.0,7.0,4.0,7.0,6.0,2.0,63.0,4.0,6.0,17.0,21.0,3.0,41.0,11.0,52.0,,7.0,2.0,5.0,13.0,2.0,8.0,11.0,,5.0,4.0,24.0,2.0,8.0,16.0,26.0,,4.0,,26.0,,6.0,3.0,25.0,4.0,,11.0,,4.0,4.0,,,4.0,5.0,1.0,105.0,26.0,29.0,2.0,2.0,0.4838709677419355,0.5172413793103449,0.8461538461538461,0.3513513513513513,0.5,0.4285714285714285,0.3513513513513513,0.6458333333333334,0.4,0.625,0.5941176470588235,0.5,0.6333333333333333,0.59375,0.5,0.6190476190476191,0.4352941176470588,,0.0416666666666666,0.0588235294117647,0.0454545454545454,,,0.5416666666666666,1.0,0.7777777777777778,0.3529411764705882,0.6538461538461539,0.1666666666666666,0.7169811320754716,0.2439024390243902,0.4,0.25,0.5,0.1578947368421052,0.7,0.7692307692307693,1.0,0.6521739130434783,0.6666666666666666,,98.71698113207547,0.2,14.354545454545455,14.824074074074074,13.754545454545454,14.166666666666666,0.2,0.7058823529411765,0.75,0.5833333333333334,0.2588235294117647,0.6363636363636364,0.6666666666666666,0.4285714285714285,0.1058823529411764,0.5555555555555556,0.5555555555555556,0.4,0.1058823529411764,0.4444444444444444,0.4444444444444444,1.0,0.3294117647058823,0.3214285714285714,0.3214285714285714,0.7777777777777778,0.4285714285714285,0.6666666666666666,0.2857142857142857,0.5,,0.2,0.6666666666666666,0.1333333333333333,1.0,0.3333333333333333,0.2,0.6352941176470588,0.3214285714285714,0.5249482352941177,0.54335,0.54942,0.1195652173913043,0.2,,0.0789473684210526,0.2280701754385964,8.15,24.74864864864865,0.2636363636363636,2023-11-06,22300154.0,BOS,,,6.0,1.0,,,,,,1.0,,,0.2,,,1.0,,1.0,0.125,1.0,,,,2023-24,2024,Regular Season,
36,53:00,102.0,104.0,13.0,42.0,9.0,206.0,12.0,15.0,3.0,3.0,1.0,2.0,15.0,32.0,3.0,14.0,3.0,6.0,,,11.0,28.0,,,2.0,3.0,30.0,61.0,14.0,34.0,18.0,120.0,3.0,8.0,,,1.0,7.0,3.0,8.0,2.0,3.0,6.0,18.0,22.0,38.0,33.0,6.0,,28.0,11.0,4.0,,11.0,11.0,22.0,8.0,3.0,5.0,6.0,,55.0,3.0,7.0,21.0,20.0,,41.0,10.0,51.0,,4.0,3.0,1.0,5.0,1.0,3.0,4.0,,2.0,,9.0,1.0,,12.0,27.0,,2.0,1.0,18.0,,1.0,1.0,20.0,3.0,,10.0,,1.0,6.0,2.0,,4.0,6.0,5.0,113.0,18.0,13.0,2.0,1.0,0.3666666666666666,0.4074074074074074,0.7857142857142857,0.4117647058823529,,0.6666666666666666,0.4117647058823529,0.4918032786885246,0.375,0.375,0.5368421052631579,0.375,0.5454545454545454,0.5776699029126213,0.3888888888888889,0.6071428571428571,0.3578947368421052,,0.0655737704918032,0.0666666666666666,0.0625,0.0714285714285714,,0.5555555555555556,,0.9090909090909092,0.2258064516129032,0.7777777777777778,0.15,0.8367346938775511,0.196078431372549,0.3333333333333333,0.2352941176470588,0.1818181818181818,0.1764705882352941,1.0,0.8,1.0,0.8260869565217391,0.5,,93.28301886792453,0.8333333333333334,16.598039215686274,14.298076923076923,16.19607843137255,13.884615384615383,0.1578947368421052,0.8,0.8571428571428571,0.4166666666666667,0.3368421052631579,0.46875,0.5,0.4,0.1473684210526315,0.2142857142857142,0.2307692307692307,,0.0631578947368421,0.5,0.5,1.0,0.2947368421052631,0.3928571428571428,0.3928571428571428,0.7272727272727273,0.375,1.0,,,,0.1818181818181818,0.5,,,0.2727272727272727,0.6666666666666666,0.5157894736842106,0.3928571428571428,0.4860484210526316,0.50738,0.4802909090909091,0.0980392156862745,0.1470588235294117,,0.0583333333333333,0.15,9.181967213114756,25.97058823529412,0.1274509803921568,2024-01-10,22300517.0,BOS,,,9.0,1.0,,,,,1.0,,,,,,,,,,,,,,,2023-24,2024,Regular Season,
5,48:00,99.0,100.0,13.0,27.0,11.0,199.0,15.0,24.0,3.0,5.0,2.0,3.0,6.0,14.0,5.0,10.0,2.0,6.0,,3.0,15.0,46.0,,3.0,1.0,4.0,26.0,48.0,17.0,52.0,11.0,114.0,4.0,7.0,,3.0,1.0,9.0,3.0,6.0,1.0,7.0,4.0,13.0,20.0,32.0,36.0,6.0,,46.0,15.0,5.0,1.0,10.0,12.0,22.0,10.0,2.0,8.0,1.0,1.0,56.0,8.0,5.0,22.0,10.0,3.0,35.0,13.0,48.0,1.0,4.0,2.0,2.0,4.0,,4.0,2.0,,,,6.0,2.0,1.0,14.0,21.0,,,,17.0,,2.0,2.0,17.0,1.0,,7.0,,1.0,5.0,3.0,,2.0,5.0,,105.0,13.0,13.0,,1.0,0.3846153846153846,0.4347826086956521,0.7058823529411765,0.3269230769230769,,0.1428571428571428,0.3269230769230769,0.5416666666666666,0.5714285714285714,0.5,0.515,0.4,0.3461538461538461,0.5280373831775701,0.4090909090909091,0.4333333333333333,0.52,0.0192307692307692,0.1041666666666666,0.125,0.1428571428571428,,0.0217391304347826,0.6666666666666666,1.0,0.5882352941176471,0.238095238095238,0.7586206896551724,0.2352941176470588,0.6956521739130435,0.2363636363636363,0.3333333333333333,0.2857142857142857,,0.2666666666666666,0.4285714285714285,0.625,1.0,0.782608695652174,0.6666666666666666,0.02,99.5,,15.272727272727272,13.68,14.656565656565656,13.22,0.24,0.625,0.7142857142857143,0.5333333333333333,0.14,0.4285714285714285,0.5,0.1666666666666666,0.1,0.5,0.5,0.2,0.06,0.3333333333333333,0.3333333333333333,1.0,0.46,0.3260869565217391,0.3333333333333333,0.6666666666666666,0.5,0.6,0.3,,,0.2307692307692307,0.6666666666666666,0.2307692307692307,,0.3076923076923077,0.25,0.76,0.3260869565217391,0.5302175,0.5123428571428571,0.5038807692307692,0.0660377358490566,0.1296296296296296,,0.0789473684210526,0.1140350877192982,7.243749999999999,25.17692307692308,0.1313131313131313,2023-11-04,22300136.0,BOS,,,15.0,1.0,,,,,2.0,,,,,,,,1.0,,,,,,,2023-24,2024,Regular Season,
8,48:00,95.0,96.0,2.0,29.0,9.0,191.0,9.0,16.0,,2.0,,1.0,7.0,18.0,7.0,14.0,3.0,7.0,,,12.0,30.0,,2.0,,1.0,23.0,48.0,15.0,37.0,16.0,107.0,,4.0,,2.0,5.0,5.0,,1.0,,1.0,2.0,2.0,26.0,20.0,39.0,,1.0,29.0,12.0,3.0,,13.0,13.0,26.0,10.0,3.0,6.0,5.0,2.0,65.0,6.0,4.0,21.0,15.0,2.0,38.0,10.0,48.0,1.0,,,,5.0,2.0,2.0,7.0,,3.0,,12.0,1.0,,12.0,25.0,,3.0,1.0,13.0,1.0,2.0,,18.0,1.0,,8.0,,1.0,3.0,2.0,,1.0,3.0,2.0,102.0,2.0,2.0,2.0,1.0,0.5652173913043478,0.5652173913043478,0.8666666666666667,0.4054054054054054,,,0.4166666666666667,0.4791666666666667,,,0.5352941176470588,,,0.5698924731182796,0.2777777777777778,0.3333333333333333,0.4352941176470588,,0.0625,0.0625,0.1111111111111111,,,0.4166666666666667,0.5,0.75,0.16,0.6363636363636364,0.2857142857142857,0.6792452830188679,0.217391304347826,0.2857142857142857,,0.2857142857142857,0.2352941176470588,0.625,0.6666666666666666,1.0,0.6333333333333333,0.6666666666666666,0.0232558139534883,95.5,0.6666666666666666,15.157894736842104,15.0,14.663157894736845,13.677083333333334,0.188235294117647,0.5625,0.6,0.6666666666666666,0.2117647058823529,0.3888888888888889,0.4375,0.7142857142857143,0.1647058823529411,0.5,0.5,0.2857142857142857,0.0823529411764705,0.4285714285714285,0.4285714285714285,1.0,0.3529411764705882,0.4,0.4,0.8333333333333334,0.3333333333333333,,0.3333333333333333,,,0.5,,,,0.5,,0.6235294117647059,0.4137931034482758,0.4888303571428571,0.5668166666666666,0.4108,0.0869565217391304,0.1454545454545454,,0.0467289719626168,0.0186915887850467,9.366666666666667,26.80540540540541,0.0210526315789473,2023-11-10,22300010.0,BOS,,,6.0,2.0,,,,,1.0,,,,0.5,1.0,,,,,,,,,,2023-24,2024,Regular Season,
52,48:00,96.0,96.0,20.0,35.0,7.0,192.0,16.0,23.0,2.0,3.0,2.0,4.0,6.0,16.0,2.0,7.0,3.0,7.0,,,12.0,26.0,,1.0,1.0,5.0,24.0,46.0,15.0,33.0,17.0,110.0,3.0,5.0,,1.0,3.0,9.0,2.0,5.0,1.0,5.0,10.0,17.0,30.0,18.0,39.0,4.0,,26.0,12.0,1.0,,15.0,13.0,28.0,10.0,3.0,10.0,3.0,2.0,69.0,3.0,4.0,17.0,10.0,5.0,32.0,8.0,40.0,1.0,6.0,5.0,1.0,6.0,1.0,4.0,6.0,2.0,2.0,,12.0,1.0,3.0,6.0,21.0,,1.0,,24.0,1.0,,2.0,26.0,3.0,,9.0,1.0,4.0,3.0,2.0,,1.0,3.0,2.0,101.0,17.0,20.0,5.0,1.0,0.625,0.6818181818181818,0.8666666666666667,0.4545454545454545,,0.2,0.4545454545454545,0.5217391304347826,0.6,0.4,0.5886075949367089,0.5,0.35,0.6111111111111112,0.6428571428571429,0.5,0.4177215189873418,,0.0217391304347826,,0.0625,,,0.5,1.0,0.625,0.1818181818181818,0.7727272727272727,0.1666666666666666,0.7105263157894737,0.175,0.1428571428571428,0.2,0.2,0.0714285714285714,1.0,0.375,0.8,0.7777777777777778,0.75,0.0256410256410256,96.0,0.6666666666666666,14.71875,15.28125,14.520833333333334,14.604166666666666,0.2911392405063291,0.6956521739130435,0.6956521739130435,0.625,0.2025316455696202,0.375,0.4,0.5,0.0886075949367088,0.2857142857142857,0.2857142857142857,1.0,0.0886075949367088,0.4285714285714285,0.4285714285714285,1.0,0.3291139240506329,0.4615384615384615,0.4615384615384615,0.8333333333333334,0.5,0.6666666666666666,0.1666666666666666,,,0.4,0.5,,,0.5,0.2,0.7088607594936709,0.4615384615384615,0.5369177215189873,0.5432666666666667,0.5394650000000001,0.1162790697674418,0.173076923076923,0.0294117647058823,0.0818181818181818,0.1545454545454545,6.882608695652174,25.03333333333333,0.2083333333333333,2024-02-13,22300771.0,BOS,,,6.0,4.0,1.0,,,,,,,,0.5,,,,1.0,1.0,0.25,,,,,2023-24,2024,Regular Season,
53,48:00,92.0,93.0,14.0,9.0,8.0,185.0,9.0,13.0,2.0,4.0,2.0,2.0,8.0,23.0,4.0,14.0,3.0,7.0,1.0,1.0,7.0,24.0,,,1.0,2.0,21.0,50.0,10.0,31.0,14.0,86.0,2.0,7.0,,,2.0,6.0,3.0,7.0,2.0,3.0,3.0,15.0,34.0,8.0,30.0,,1.0,23.0,7.0,5.0,,17.0,10.0,27.0,7.0,3.0,9.0,6.0,2.0,64.0,3.0,5.0,16.0,10.0,1.0,27.0,8.0,35.0,1.0,5.0,4.0,1.0,6.0,1.0,1.0,6.0,,5.0,2.0,12.0,,1.0,6.0,12.0,,1.0,1.0,13.0,,,,15.0,1.0,,8.0,,,1.0,1.0,,,1.0,,80.0,15.0,14.0,,,0.8095238095238095,0.8095238095238095,1.0,0.3225806451612903,,0.6666666666666666,0.3333333333333333,0.42,0.2857142857142857,0.4285714285714285,0.4444444444444444,0.2857142857142857,0.6,0.4886363636363636,0.375,0.625,0.382716049382716,,0.1,0.2307692307692307,0.0869565217391304,,,0.5,1.0,0.625,0.1724137931034483,0.6956521739130435,0.15,0.6666666666666666,0.1632653061224489,0.5,0.2,,0.125,0.4285714285714285,0.6666666666666666,0.8333333333333334,0.631578947368421,1.0,0.0227272727272727,92.5,,15.967391304347826,15.172043010752688,15.402173913043478,14.387096774193548,0.1604938271604938,0.6923076923076923,0.9,1.0,0.2839506172839506,0.3478260869565217,0.3809523809523809,0.75,0.1728395061728395,0.2857142857142857,0.2857142857142857,0.5,0.0864197530864197,0.4285714285714285,0.4285714285714285,1.0,0.2962962962962963,0.2916666666666667,0.2916666666666667,1.0,0.5714285714285714,0.5,,,,0.2,1.0,0.1,1.0,0.2,0.5,0.5432098765432098,0.3043478260869565,0.483356875,0.46655,0.447495,0.0909090909090909,0.1403508771929824,,0.0697674418604651,0.1744186046511628,9.646,26.55806451612903,0.1521739130434782,2024-02-14,22300780.0,BOS,,,,1.0,,,,,,,,,0.25,,1.0,,1.0,,,,,,,2023-24,2024,Regular Season,
23,48:00,97.0,96.0,7.0,18.0,12.0,193.0,11.0,20.0,3.0,3.0,,,7.0,15.0,7.0,12.0,1.0,4.0,,,18.0,41.0,2.0,3.0,1.0,3.0,25.0,47.0,19.0,45.0,6.0,113.0,4.0,5.0,2.0,3.0,1.0,15.0,,2.0,1.0,3.0,,3.0,24.0,26.0,45.0,2.0,,41.0,18.0,7.0,2.0,12.0,15.0,27.0,14.0,1.0,6.0,4.0,2.0,69.0,4.0,9.0,17.0,13.0,,30.0,13.0,43.0,,6.0,5.0,1.0,9.0,,5.0,4.0,1.0,4.0,,13.0,4.0,1.0,9.0,18.0,1.0,,,13.0,,1.0,1.0,9.0,1.0,,5.0,,,4.0,2.0,,2.0,4.0,3.0,98.0,3.0,7.0,4.0,,0.48,0.5,0.7894736842105263,0.4222222222222222,0.6666666666666666,0.3333333333333333,0.4222222222222222,0.5319148936170213,0.8,,0.5815217391304348,0.875,0.3,0.5885416666666666,0.8333333333333334,0.3,0.4891304347826087,0.0444444444444444,0.1489361702127659,0.25,0.1333333333333333,,0.048780487804878,0.6923076923076923,,0.6842105263157895,0.4285714285714285,0.7083333333333334,0.1538461538461538,0.6976744186046512,0.2765957446808511,0.5555555555555556,0.375,0.25,0.1739130434782608,0.5555555555555556,0.8571428571428571,0.6666666666666666,0.6666666666666666,1.0,,96.5,0.75,15.329896907216495,14.510416666666666,14.618556701030927,14.052083333333334,0.217391304347826,0.55,0.7333333333333333,0.5454545454545454,0.1630434782608695,0.4666666666666667,0.5384615384615384,0.5714285714285714,0.1304347826086956,0.5833333333333334,0.5833333333333334,0.2857142857142857,0.0434782608695652,0.25,0.25,1.0,0.4456521739130434,0.4390243902439024,0.4615384615384615,0.7777777777777778,0.375,1.0,0.375,0.6666666666666666,1.0,,,,,0.6,0.3333333333333333,0.7065217391304348,0.4390243902439024,0.5165619565217391,0.5309714285714285,0.4427999999999999,0.0520833333333333,0.0980392156862745,,0.1327433628318584,0.0265486725663716,8.37872340425532,26.531111111111112,0.0721649484536082,2023-12-12,22300305.0,BOS,,,12.0,2.0,,,,,,,,,,,0.6666666666666666,,1.0,,,,,,,2023-24,2024,Regular Season,
24,48:00,95.0,95.0,10.0,15.0,12.0,190.0,16.0,24.0,2.0,2.0,,,10.0,20.0,3.0,6.0,3.0,6.0,,1.0,8.0,27.0,2.0,3.0,1.0,4.0,29.0,50.0,11.0,33.0,16.0,107.0,3.0,4.0,2.0,3.0,2.0,14.0,3.0,4.0,1.0,5.0,4.0,13.0,22.0,36.0,30.0,4.0,,27.0,8.0,8.0,,11.0,10.0,21.0,7.0,3.0,6.0,3.0,2.0,52.0,6.0,5.0,16.0,13.0,2.0,31.0,12.0,43.0,,7.0,5.0,2.0,7.0,2.0,4.0,9.0,,3.0,2.0,16.0,4.0,,10.0,18.0,1.0,3.0,,15.0,,,,17.0,,,8.0,,,1.0,1.0,,,1.0,1.0,93.0,13.0,10.0,,,0.3793103448275862,0.4074074074074074,0.9090909090909092,0.3333333333333333,0.6666666666666666,0.2,0.3333333333333333,0.58,0.75,0.75,0.5481927710843374,0.8571428571428571,0.5,0.5824175824175825,0.875,0.5909090909090909,0.3975903614457831,,0.16,0.125,0.2,0.1666666666666666,,0.4375,1.0,0.6842105263157895,0.238095238095238,0.6956521739130435,0.2727272727272727,0.6904761904761905,0.2558139534883721,0.125,0.3,0.3333333333333333,0.2105263157894736,0.4285714285714285,0.8,1.0,0.7777777777777778,0.4,,95.0,1.0,15.715789473684213,14.6,15.189473684210526,14.25263157894737,0.2891566265060241,0.6666666666666666,0.7619047619047619,0.375,0.2409638554216867,0.5,0.625,0.3,0.072289156626506,0.5,0.6,0.6666666666666666,0.072289156626506,0.5,0.5,1.0,0.3253012048192771,0.2962962962962963,0.2962962962962963,0.875,0.2857142857142857,1.0,0.4285714285714285,0.6666666666666666,1.0,,,0.1111111111111111,,0.4444444444444444,0.25,0.6867469879518072,0.2962962962962963,0.5061481927710844,0.47502,0.4385722222222222,0.0879120879120879,0.1379310344827586,,0.1308411214953271,0.1214953271028037,6.834,26.86060606060606,0.1052631578947368,2023-12-14,22300319.0,BOS,,,3.0,,,,,,1.0,,,,0.6666666666666666,,,,1.0,1.0,1.0,,,,,2023-24,2024,Regular Season,
60,48:00,94.0,95.0,8.0,13.0,9.0,189.0,13.0,27.0,3.0,5.0,2.0,3.0,3.0,15.0,3.0,6.0,4.0,9.0,1.0,1.0,16.0,33.0,1.0,1.0,1.0,2.0,19.0,48.0,20.0,42.0,7.0,105.0,4.0,7.0,2.0,2.0,,14.0,2.0,3.0,2.0,3.0,1.0,11.0,22.0,16.0,51.0,6.0,,33.0,16.0,7.0,2.0,11.0,17.0,28.0,13.0,4.0,8.0,2.0,1.0,73.0,2.0,7.0,15.0,21.0,,36.0,9.0,45.0,1.0,11.0,9.0,2.0,6.0,1.0,5.0,3.0,,1.0,,9.0,,2.0,7.0,10.0,,,,13.0,,1.0,1.0,11.0,1.0,,5.0,,1.0,3.0,2.0,,1.0,3.0,1.0,91.0,11.0,8.0,,1.0,0.5789473684210527,0.6875,0.85,0.4761904761904761,1.0,0.6666666666666666,0.4761904761904761,0.3958333333333333,0.5714285714285714,0.6666666666666666,0.5444444444444444,0.7777777777777778,0.8333333333333334,0.5526315789473685,0.7777777777777778,0.7857142857142857,0.4666666666666667,0.0476190476190476,0.1458333333333333,0.2222222222222222,,0.1666666666666666,0.0303030303030303,0.6666666666666666,,0.6774193548387096,0.2413793103448276,0.6818181818181818,0.0952380952380952,0.6792452830188679,0.18,0.3571428571428571,0.1666666666666666,,0.1176470588235294,0.625,0.8,0.6,0.7857142857142857,0.5,0.0238095238095238,94.5,0.3333333333333333,14.351063829787234,16.11578947368421,14.04255319148936,15.536842105263158,0.3,0.4814814814814814,0.6190476190476191,0.6153846153846154,0.1666666666666666,0.2,0.2,0.6666666666666666,0.0666666666666666,0.5,0.6,0.3333333333333333,0.1,0.4444444444444444,0.5,1.0,0.3666666666666666,0.4848484848484848,0.5,0.8125,0.5555555555555556,0.6,0.1111111111111111,1.0,1.0,0.5,0.6666666666666666,0.1666666666666666,1.0,0.3333333333333333,0.5,0.7666666666666667,0.4848484848484848,0.5720644444444444,0.578575,0.571425,0.0531914893617021,0.0961538461538461,,0.1333333333333333,0.1047619047619047,4.983333333333333,25.19285714285714,0.0851063829787234,2024-03-05,22300886.0,BOS,1.0,1.0,9.0,,,0.1111111111111111,1.0,1.0,,,,0.1111111111111111,,,,,1.0,,,,,,,2023-24,2024,Regular Season,
89,48:00,91.0,92.0,7.0,16.0,10.0,183.0,14.0,17.0,2.0,3.0,3.0,3.0,8.0,21.0,4.0,10.0,,1.0,,,11.0,41.0,1.0,4.0,1.0,3.0,26.0,48.0,11.0,42.0,10.0,95.0,3.0,5.0,1.0,4.0,,9.0,3.0,4.0,1.0,3.0,1.0,10.0,24.0,28.0,21.0,,1.0,40.0,11.0,6.0,1.0,12.0,7.0,19.0,7.0,,5.0,5.0,2.0,45.0,6.0,3.0,20.0,11.0,1.0,32.0,10.0,42.0,,2.0,1.0,1.0,2.0,1.0,,3.0,,2.0,,5.0,1.0,1.0,6.0,18.0,,1.0,,13.0,,1.0,,13.0,1.0,,7.0,,,3.0,2.0,,1.0,3.0,1.0,86.0,10.0,7.0,2.0,,0.4615384615384615,0.4615384615384615,0.6363636363636364,0.2619047619047619,0.25,0.3333333333333333,0.2682926829268293,0.5416666666666666,0.6,0.75,0.4722222222222222,0.5,0.6428571428571429,0.4947916666666667,0.5,0.7142857142857143,0.4666666666666667,0.0238095238095238,0.125,,0.2857142857142857,,0.024390243902439,0.4,1.0,0.5789473684210527,0.1363636363636363,0.7692307692307693,0.2,0.6888888888888889,0.173076923076923,,0.1538461538461538,0.1666666666666666,0.2068965517241379,0.6666666666666666,0.5,0.5,0.8095238095238095,0.6,,91.5,0.3333333333333333,14.967032967032967,16.5,14.384615384615383,15.565217391304348,0.1888888888888888,0.8235294117647058,0.8235294117647058,0.3571428571428571,0.2333333333333333,0.3809523809523809,0.5333333333333333,0.625,0.1111111111111111,0.4,0.4,0.5,0.0111111111111111,,,,0.4555555555555555,0.2682926829268293,0.275,0.6363636363636364,0.3333333333333333,0.6666666666666666,0.4444444444444444,0.25,1.0,0.4285714285714285,1.0,,,0.4285714285714285,0.3333333333333333,0.6555555555555556,0.275,0.5126112359550562,0.58867,0.5102166666666667,0.0729166666666666,0.1296296296296296,,0.0947368421052631,0.1052631578947368,7.666666666666667,27.014285714285712,0.0769230769230769,2024-05-07,42300201.0,BOS,,,12.0,1.0,,,,,,,,,,,,,1.0,1.0,1.0,,,,,2023-24,2024,Playoffs,
90,48:00,92.0,91.0,9.0,25.0,10.0,183.0,23.0,31.0,2.0,3.0,1.0,1.0,9.0,19.0,2.0,8.0,1.0,4.0,,,12.0,24.0,,1.0,1.0,2.0,34.0,58.0,13.0,28.0,11.0,118.0,2.0,5.0,,2.0,1.0,5.0,1.0,3.0,1.0,2.0,6.0,11.0,38.0,30.0,15.0,4.0,,24.0,12.0,3.0,,19.0,5.0,24.0,4.0,1.0,13.0,5.0,1.0,53.0,2.0,9.0,24.0,15.0,,39.0,11.0,50.0,3.0,4.0,1.0,3.0,5.0,1.0,3.0,7.0,,2.0,1.0,12.0,3.0,,12.0,20.0,,2.0,,15.0,,2.0,1.0,16.0,1.0,,3.0,1.0,3.0,3.0,1.0,,2.0,3.0,3.0,113.0,11.0,9.0,1.0,3.0,0.5588235294117647,0.59375,0.3846153846153846,0.4642857142857143,,0.5,0.4642857142857143,0.5862068965517241,0.4,0.3333333333333333,0.622093023255814,0.2857142857142857,0.5,0.6413043478260869,0.3125,0.6111111111111112,0.3255813953488372,,0.0517241379310344,0.064516129032258,0.0526315789473684,,,0.4166666666666667,,0.75,0.391304347826087,0.8888888888888888,0.1333333333333333,0.8297872340425532,0.2894736842105263,0.5,0.2222222222222222,0.5,0.1666666666666666,0.6666666666666666,0.75,1.0,0.8636363636363636,1.0,0.0857142857142857,91.5,1.0,15.793478260869565,15.68131868131868,15.195652173913045,15.131868131868131,0.3604651162790697,0.7419354838709677,0.7931034482758621,0.5652173913043478,0.2209302325581395,0.4736842105263157,0.5,0.5555555555555556,0.0930232558139534,0.25,0.25,0.5,0.0465116279069767,0.25,0.25,1.0,0.2790697674418604,0.5,0.5,0.3333333333333333,0.4285714285714285,0.6666666666666666,0.1428571428571428,,,0.2,1.0,,,0.4,0.5,0.686046511627907,0.5,0.5321529069767442,0.52738,0.43601,0.0449438202247191,0.05,0.0344827586206896,0.0423728813559322,0.0932203389830508,6.577586206896552,26.7,0.0978260869565217,2024-05-09,42300202.0,BOS,,1.0,24.0,2.0,,0.1428571428571428,,,,,,,,,,,1.0,,,,,,,2023-24,2024,Playoffs,
91,48:00,89.0,88.0,18.0,15.0,7.0,177.0,18.0,33.0,3.0,5.0,2.0,4.0,5.0,12.0,1.0,3.0,1.0,8.0,,2.0,11.0,28.0,1.0,1.0,3.0,6.0,24.0,48.0,12.0,36.0,9.0,93.0,3.0,5.0,1.0,2.0,,9.0,5.0,8.0,3.0,8.0,,19.0,24.0,24.0,15.0,2.0,,28.0,11.0,4.0,,12.0,5.0,17.0,4.0,1.0,11.0,1.0,,39.0,5.0,3.0,13.0,15.0,1.0,29.0,8.0,37.0,,4.0,3.0,1.0,3.0,2.0,3.0,5.0,,,1.0,8.0,1.0,3.0,7.0,14.0,,,,14.0,,1.0,1.0,10.0,2.0,,6.0,,,2.0,1.0,1.0,,2.0,2.0,84.0,19.0,18.0,,,0.5,0.5217391304347826,0.4166666666666667,0.3333333333333333,0.5,0.375,0.3333333333333333,0.5,0.6,0.625,0.5,0.6428571428571429,0.59375,0.5284090909090909,0.6428571428571429,0.59375,0.4285714285714285,,0.0833333333333333,0.0909090909090909,0.0833333333333333,,,0.375,1.0,0.8823529411764706,0.1304347826086956,0.6190476190476191,0.217391304347826,0.7368421052631579,0.1739130434782608,0.0666666666666666,0.2857142857142857,,0.3125,1.0,0.6,1.0,0.7333333333333333,0.3333333333333333,,88.5,1.0,15.49438202247191,17.056818181818183,15.044943820224718,16.193181818181817,0.3928571428571428,0.5454545454545454,0.6,0.6111111111111112,0.1428571428571428,0.4166666666666667,0.4545454545454545,0.2,0.0357142857142857,0.3333333333333333,0.3333333333333333,,0.0952380952380952,0.125,0.125,1.0,0.3333333333333333,0.3928571428571428,0.3928571428571428,0.3636363636363636,0.7142857142857143,0.6,0.1428571428571428,1.0,,0.25,0.5,0.125,,0.375,0.5,0.8214285714285714,0.3928571428571428,0.601252380952381,0.7315999999999999,0.5508375,0.0681818181818181,0.1153846153846153,,0.0967741935483871,0.2043010752688172,3.889583333333333,25.530555555555555,0.2022471910112359,2024-05-11,42300203.0,BOS,,1.0,21.0,1.0,,0.1428571428571428,,,,,,,,1.0,0.6666666666666666,,1.0,,,,,1.0,,2023-24,2024,Playoffs,
92,48:00,92.0,90.0,12.0,25.0,9.0,182.0,15.0,25.0,1.0,2.0,2.0,4.0,9.0,18.0,2.0,3.0,2.0,10.0,,1.0,13.0,38.0,2.0,4.0,,3.0,26.0,46.0,15.0,48.0,5.0,102.0,2.0,4.0,2.0,6.0,,10.0,5.0,7.0,,4.0,1.0,11.0,26.0,26.0,39.0,2.0,,38.0,13.0,4.0,,13.0,13.0,26.0,11.0,2.0,8.0,5.0,,65.0,8.0,3.0,13.0,13.0,2.0,28.0,11.0,39.0,1.0,8.0,4.0,4.0,6.0,,4.0,2.0,1.0,2.0,,8.0,1.0,1.0,8.0,17.0,,,,12.0,,,2.0,7.0,3.0,,4.0,,1.0,3.0,2.0,,1.0,3.0,2.0,92.0,11.0,12.0,2.0,,0.5,0.52,0.8666666666666667,0.3125,0.3333333333333333,,0.3125,0.5652173913043478,0.5,0.7142857142857143,0.5159574468085106,0.5,0.4545454545454545,0.5260416666666666,0.5,0.5,0.5106382978723404,,0.0869565217391304,0.16,,,,0.75,1.0,0.6842105263157895,0.15,0.65,0.25,0.6666666666666666,0.2115384615384615,0.1,0.2222222222222222,,0.25,0.6,0.8,0.5,0.7272727272727273,0.5555555555555556,0.0208333333333333,91.0,0.6666666666666666,15.51086956521739,16.144444444444446,14.847826086956522,15.622222222222222,0.2659574468085106,0.6,0.7142857142857143,0.5333333333333333,0.1914893617021276,0.5,0.5,0.5555555555555556,0.0319148936170212,0.6666666666666666,0.6666666666666666,,0.1063829787234042,0.2,0.2,1.0,0.4042553191489361,0.3421052631578947,0.3421052631578947,0.8461538461538461,0.2,0.5,0.4,0.5,1.0,0.3636363636363636,0.5,0.0909090909090909,,0.2727272727272727,,0.776595744680851,0.3421052631578947,0.5615301075268817,0.5116375,0.5268409090909091,0.0421052631578947,0.0851063829787234,,0.0980392156862745,0.1078431372549019,5.452173913043478,26.06875,0.1304347826086956,2024-05-13,42300204.0,BOS,,2.0,6.0,2.0,,0.2,,,1.0,,,,0.25,,,,,,,,,,,2023-24,2024,Playoffs,
93,48:00,86.0,87.0,10.0,12.0,8.0,173.0,13.0,16.0,1.0,3.0,2.0,2.0,8.0,22.0,4.0,10.0,,3.0,,2.0,13.0,28.0,1.0,2.0,1.0,3.0,25.0,48.0,13.0,31.0,9.0,98.0,1.0,5.0,1.0,2.0,,5.0,2.0,4.0,1.0,5.0,1.0,8.0,28.0,22.0,33.0,2.0,,28.0,13.0,4.0,2.0,14.0,11.0,25.0,11.0,,8.0,4.0,2.0,61.0,2.0,6.0,16.0,8.0,,24.0,8.0,32.0,2.0,5.0,3.0,2.0,6.0,,4.0,4.0,,2.0,1.0,10.0,1.0,,5.0,16.0,1.0,1.0,,15.0,,1.0,1.0,12.0,2.0,,5.0,1.0,,2.0,2.0,,,2.0,1.0,93.0,8.0,10.0,1.0,,0.56,0.5833333333333334,0.8461538461538461,0.4193548387096774,0.5,0.2,0.4193548387096774,0.5208333333333334,0.2,0.5,0.5632911392405063,0.3571428571428571,0.3888888888888889,0.5843373493975904,0.3571428571428571,0.3888888888888889,0.3924050632911392,0.064516129032258,0.0833333333333333,0.0625,0.1363636363636363,,0.0357142857142857,0.6,,0.5714285714285714,0.2608695652173913,0.6956521739130435,0.1111111111111111,0.6486486486486487,0.1951219512195122,,0.2857142857142857,0.3333333333333333,0.1333333333333333,0.6666666666666666,0.5,0.5,0.5882352941176471,1.0,0.0571428571428571,86.5,0.5,15.383720930232558,17.896551724137932,15.069767441860463,16.551724137931036,0.2025316455696202,0.8125,0.8666666666666667,0.6153846153846154,0.2784810126582278,0.3636363636363636,0.4210526315789473,0.5,0.1265822784810126,0.4,0.4,0.5,0.0379746835443038,,,,0.3544303797468354,0.4642857142857143,0.4814814814814814,0.8461538461538461,0.4285714285714285,0.3333333333333333,0.2857142857142857,0.5,1.0,0.2222222222222222,1.0,0.2222222222222222,,0.3333333333333333,0.3333333333333333,0.5949367088607594,0.4642857142857143,0.5222911392405064,0.5105916666666667,0.5328111111111111,0.072289156626506,0.0980392156862745,0.03125,0.0510204081632653,0.0816326530612244,7.95,26.27741935483871,0.1162790697674418,2024-05-15,42300205.0,BOS,,,6.0,2.0,1.0,,,,1.0,,,0.3333333333333333,,,,,1.0,,,,,,,2023-24,2024,Playoffs,
37,48:00,107.0,106.0,34.0,35.0,14.0,213.0,19.0,30.0,6.0,10.0,8.0,13.0,9.0,26.0,5.0,13.0,1.0,1.0,,,6.0,29.0,1.0,3.0,,7.0,33.0,69.0,7.0,30.0,26.0,113.0,7.0,12.0,1.0,3.0,3.0,20.0,12.0,24.0,,7.0,8.0,32.0,30.0,36.0,15.0,10.0,,29.0,6.0,8.0,,15.0,5.0,20.0,4.0,1.0,8.0,4.0,3.0,45.0,4.0,13.0,19.0,14.0,3.0,36.0,17.0,53.0,4.0,10.0,6.0,4.0,7.0,,3.0,6.0,3.0,4.0,2.0,13.0,1.0,5.0,12.0,18.0,,,,21.0,1.0,1.0,,30.0,6.0,,13.0,,4.0,3.0,2.0,,1.0,3.0,3.0,93.0,32.0,34.0,1.0,4.0,0.4545454545454545,0.5357142857142857,0.7142857142857143,0.2333333333333333,0.3333333333333333,,0.2333333333333333,0.4782608695652174,0.5833333333333334,0.5,0.4393939393939394,0.5666666666666667,0.3870967741935484,0.509090909090909,0.625,0.4571428571428571,0.303030303030303,,0.1159420289855072,0.1,0.1923076923076923,,,0.5384615384615384,1.0,0.6666666666666666,0.3611111111111111,0.8260869565217391,0.1818181818181818,0.75,0.293103448275862,0.4545454545454545,0.3529411764705882,0.25,0.1818181818181818,0.7142857142857143,0.5555555555555556,0.8,0.8421052631578947,0.75,0.08,106.5,1.0,13.495327102803738,13.547169811320757,13.037383177570094,13.037735849056604,0.303030303030303,0.6333333333333333,0.7037037037037037,0.4210526315789473,0.2626262626262626,0.3461538461538461,0.4285714285714285,0.4444444444444444,0.1313131313131313,0.3846153846153846,0.3846153846153846,0.6,0.0101010101010101,1.0,1.0,1.0,0.2929292929292929,0.2068965517241379,0.2068965517241379,0.6666666666666666,0.6666666666666666,0.6,0.2,0.3333333333333333,1.0,0.4193548387096774,0.6153846153846154,,,0.2258064516129032,,0.6060606060606061,0.2068965517241379,0.5046030303030303,0.5733615384615385,0.4998741935483871,0.1226415094339622,0.1710526315789473,,0.1769911504424778,0.2831858407079646,7.453623188405796,26.146666666666665,0.3177570093457944,2024-01-13,22300542.0,BOS,,,6.0,1.0,1.0,,,,2.0,,,,,,0.3333333333333333,,,,,,,,,2023-24,2024,Regular Season,
41,48:00,103.0,104.0,30.0,20.0,13.0,207.0,22.0,33.0,5.0,6.0,6.0,9.0,8.0,22.0,1.0,4.0,2.0,7.0,,1.0,8.0,28.0,,2.0,3.0,10.0,31.0,59.0,10.0,35.0,15.0,107.0,5.0,9.0,,2.0,,10.0,9.0,14.0,3.0,11.0,4.0,31.0,32.0,30.0,30.0,8.0,1.0,27.0,8.0,11.0,1.0,16.0,10.0,26.0,8.0,2.0,10.0,5.0,1.0,62.0,5.0,9.0,20.0,17.0,1.0,38.0,14.0,52.0,2.0,9.0,5.0,4.0,10.0,1.0,6.0,5.0,1.0,4.0,1.0,15.0,2.0,6.0,5.0,17.0,,,1.0,16.0,,,1.0,22.0,3.0,,10.0,1.0,1.0,3.0,1.0,,2.0,3.0,2.0,97.0,31.0,30.0,2.0,1.0,0.5161290322580645,0.5925925925925926,1.0,0.2857142857142857,,0.2727272727272727,0.2941176470588235,0.5254237288135594,0.5555555555555556,0.6428571428571429,0.4893617021276595,0.4545454545454545,0.54,0.5194174757281553,0.4166666666666667,0.5740740740740741,0.3723404255319149,0.0285714285714285,0.1864406779661017,0.0909090909090909,0.3636363636363636,,0.0357142857142857,0.6666666666666666,0.5,0.7083333333333334,0.3214285714285714,0.6666666666666666,0.2083333333333333,0.6851851851851852,0.2692307692307692,0.2727272727272727,0.4285714285714285,,0.2631578947368421,0.875,0.6363636363636364,0.6,0.5909090909090909,0.875,0.048780487804878,103.5,0.6666666666666666,12.79611650485437,15.01923076923077,12.12621359223301,14.221153846153848,0.351063829787234,0.6666666666666666,0.7333333333333333,0.4545454545454545,0.2340425531914893,0.3636363636363636,0.5714285714285714,0.625,0.0425531914893617,0.25,0.25,1.0,0.0744680851063829,0.2857142857142857,0.2857142857142857,1.0,0.2978723404255319,0.2857142857142857,0.2962962962962963,1.0,0.5454545454545454,0.8333333333333334,0.1818181818181818,,,0.36,0.6666666666666666,0.04,,0.4,0.3,0.723404255319149,0.2962962962962963,0.5413747311827957,0.52721875,0.5687166666666666,0.1078431372549019,0.1515151515151515,0.0277777777777777,0.0934579439252336,0.2897196261682243,6.098305084745763,26.314285714285717,0.2912621359223301,2024-01-21,22300603.0,BOS,,,,2.0,,,,,,,,,,,0.2,,1.0,,,,,,,2023-24,2024,Regular Season,
26,53:00,106.0,107.0,7.0,9.0,14.0,213.0,12.0,20.0,5.0,11.0,,,16.0,32.0,2.0,7.0,2.0,4.0,1.0,1.0,18.0,46.0,1.0,6.0,,3.0,30.0,59.0,20.0,50.0,12.0,132.0,5.0,12.0,1.0,6.0,,13.0,,2.0,1.0,4.0,2.0,5.0,32.0,28.0,39.0,6.0,1.0,45.0,18.0,3.0,2.0,16.0,13.0,29.0,11.0,2.0,4.0,11.0,1.0,71.0,8.0,11.0,27.0,17.0,1.0,45.0,19.0,64.0,5.0,4.0,4.0,,6.0,1.0,4.0,4.0,,2.0,2.0,10.0,1.0,1.0,9.0,15.0,,1.0,,13.0,1.0,1.0,,14.0,2.0,,7.0,,1.0,4.0,,,4.0,5.0,4.0,119.0,3.0,6.0,1.0,,0.5333333333333333,0.5925925925925926,0.65,0.4,0.1666666666666666,0.25,0.4081632653061224,0.5084745762711864,0.4166666666666667,,0.5504587155963303,0.3611111111111111,0.25,0.5739130434782609,0.3611111111111111,0.3571428571428571,0.4587155963302752,0.04,0.0508474576271186,,0.09375,,0.0434782608695652,0.6,1.0,0.6538461538461539,0.3793103448275862,0.6923076923076923,0.2758620689655172,0.676923076923077,0.3275862068965517,0.875,0.1875,0.2,0.2592592592592592,0.5555555555555556,0.5833333333333334,1.0,0.7058823529411765,0.6,0.0943396226415094,96.45283018867924,0.8,15.028301886792454,14.83177570093458,14.39622641509434,14.018691588785046,0.1834862385321101,0.6,0.6,0.3333333333333333,0.2935779816513761,0.5,0.5517241379310345,0.6875,0.0642201834862385,0.2857142857142857,0.2857142857142857,0.5,0.036697247706422,0.5,0.5,1.0,0.4220183486238532,0.391304347826087,0.4090909090909091,0.6111111111111112,0.6111111111111112,0.4545454545454545,0.3333333333333333,0.1666666666666666,1.0,,,0.1666666666666666,1.0,0.5,,0.6422018348623854,0.4,0.4991111111111111,0.6191692307692308,0.49252,0.0614035087719298,0.109375,,0.0984848484848484,0.0378787878787878,6.8338983050847455,27.058000000000003,0.0660377358490566,2023-12-19,22300362.0,BOS,,,21.0,1.0,,,,,,1.0,1.0,,0.5,1.0,0.2,,,,,,,,,2023-24,2024,Regular Season,
59,48:00,100.0,101.0,20.0,11.0,11.0,201.0,22.0,29.0,3.0,6.0,2.0,3.0,7.0,18.0,,4.0,3.0,10.0,1.0,2.0,4.0,31.0,,3.0,,8.0,29.0,51.0,7.0,41.0,9.0,88.0,4.0,9.0,,3.0,,8.0,2.0,8.0,1.0,10.0,3.0,10.0,34.0,24.0,21.0,6.0,,31.0,4.0,5.0,,17.0,7.0,24.0,4.0,3.0,14.0,3.0,,55.0,9.0,4.0,18.0,16.0,1.0,35.0,14.0,49.0,1.0,2.0,1.0,1.0,10.0,3.0,10.0,7.0,1.0,,,17.0,2.0,3.0,5.0,13.0,,1.0,,19.0,,1.0,2.0,13.0,2.0,,7.0,,,3.0,2.0,,1.0,3.0,2.0,80.0,10.0,20.0,,,0.5862068965517241,0.6538461538461539,1.0,0.1707317073170731,,0.1,0.1707317073170731,0.5686274509803921,0.4444444444444444,0.25,0.4293478260869565,0.3333333333333333,0.1944444444444444,0.4484536082474227,0.3333333333333333,0.25,0.4456521739130434,,0.0980392156862745,0.0689655172413793,0.1111111111111111,0.25,,0.5882352941176471,1.0,0.8421052631578947,0.1818181818181818,0.782608695652174,0.2647058823529412,0.8095238095238095,0.2321428571428571,0.2857142857142857,0.1818181818181818,,0.1851851851851851,0.8333333333333334,0.8181818181818182,1.0,0.7619047619047619,1.0,0.0196078431372549,100.5,0.6666666666666666,15.34,13.326732673267326,14.59,12.910891089108912,0.3152173913043478,0.7586206896551724,0.8148148148148148,0.6363636363636364,0.1956521739130435,0.3888888888888889,0.4375,0.4285714285714285,0.0434782608695652,,,,0.108695652173913,0.3,0.3,1.0,0.3369565217391304,0.1290322580645161,0.1290322580645161,1.0,0.5,0.5,0.25,,,0.1666666666666666,0.6666666666666666,0.1111111111111111,0.5,0.4444444444444444,,0.7608695652173914,0.1290322580645161,0.5402266304347826,0.5746800000000001,0.4981472222222222,0.0721649484536082,0.125,,0.0909090909090909,0.1136363636363636,5.394117647058824,26.26829268292683,0.2,2024-03-03,22300872.0,BOS,,,,,,,,,1.0,,,,0.5714285714285714,,,,,1.0,0.3333333333333333,,,1.0,,2023-24,2024,Regular Season,
25,48:00,93.0,95.0,28.0,13.0,14.0,188.0,11.0,20.0,4.0,5.0,6.0,8.0,9.0,23.0,2.0,4.0,4.0,10.0,,2.0,17.0,34.0,3.0,4.0,4.0,8.0,22.0,47.0,21.0,44.0,12.0,119.0,5.0,8.0,3.0,5.0,1.0,20.0,9.0,19.0,4.0,10.0,1.0,31.0,24.0,20.0,51.0,2.0,,34.0,17.0,9.0,1.0,12.0,17.0,29.0,13.0,4.0,8.0,4.0,,75.0,7.0,7.0,14.0,12.0,2.0,28.0,15.0,43.0,2.0,4.0,1.0,3.0,6.0,,6.0,1.0,1.0,,,7.0,,1.0,10.0,15.0,,,,17.0,,1.0,1.0,23.0,1.0,,11.0,,1.0,8.0,5.0,1.0,2.0,8.0,3.0,99.0,31.0,28.0,2.0,1.0,0.5454545454545454,0.5714285714285714,0.8095238095238095,0.4772727272727273,0.6,0.4,0.4772727272727273,0.4680851063829787,0.625,0.4736842105263157,0.5879120879120879,0.7307692307692307,0.5172413793103449,0.5833333333333334,0.6666666666666666,0.4696969696969697,0.4835164835164835,0.0227272727272727,0.1914893617021276,0.3,0.1304347826086956,,0.0294117647058823,0.8571428571428571,1.0,0.5714285714285714,0.28,0.7,0.3181818181818182,0.6341463414634146,0.2978723404255319,0.2222222222222222,0.3571428571428571,,0.3125,0.625,0.5,0.5714285714285714,0.7222222222222222,0.5,0.054054054054054,94.0,0.375,15.043010752688172,15.589473684210526,14.118279569892474,14.76842105263158,0.2197802197802197,0.55,0.7857142857142857,0.7272727272727273,0.2527472527472527,0.391304347826087,0.45,0.4444444444444444,0.0439560439560439,0.5,0.5,,0.1098901098901098,0.4,0.4,1.0,0.3736263736263736,0.5,0.5151515151515151,0.7647058823529411,0.3846153846153846,0.8,0.3076923076923077,0.75,1.0,0.2758620689655172,0.75,0.0689655172413793,,0.2758620689655172,0.5,0.7032967032967034,0.5,0.5291021978021978,0.55785625,0.5420172413793104,0.1089108910891089,0.1929824561403508,,0.1680672268907563,0.2605042016806723,5.761702127659575,25.270454545454548,0.3010752688172043,2023-12-20,22300373.0,BOS,,1.0,12.0,,,0.0769230769230769,,,,,,,0.3333333333333333,,0.5,,,1.0,0.2,,,,,2023-24,2024,Regular Season,
76,48:00,94.0,93.0,5.0,17.0,17.0,187.0,9.0,14.0,3.0,6.0,,,10.0,21.0,2.0,13.0,6.0,15.0,,,11.0,36.0,1.0,2.0,1.0,2.0,21.0,48.0,17.0,51.0,7.0,100.0,7.0,14.0,2.0,4.0,,20.0,1.0,4.0,1.0,2.0,,5.0,14.0,28.0,42.0,4.0,1.0,35.0,11.0,4.0,,7.0,14.0,21.0,8.0,6.0,4.0,3.0,,56.0,11.0,7.0,24.0,14.0,1.0,39.0,18.0,57.0,1.0,4.0,2.0,2.0,6.0,,3.0,1.0,,3.0,1.0,7.0,,1.0,8.0,15.0,,,,11.0,,1.0,,13.0,1.0,,7.0,,,3.0,,2.0,1.0,3.0,2.0,80.0,5.0,5.0,1.0,,0.3333333333333333,0.3684210526315789,0.8235294117647058,0.3333333333333333,0.5,0.5,0.34,0.4375,0.5,0.25,0.4696969696969697,0.5555555555555556,0.4166666666666667,0.4761904761904761,0.5555555555555556,0.4166666666666667,0.5151515151515151,,0.0833333333333333,0.1428571428571428,0.0952380952380952,,,0.8571428571428571,1.0,0.7368421052631579,0.2692307692307692,0.7741935483870968,0.34375,0.76,0.3103448275862069,,0.4,0.2727272727272727,0.3478260869565217,0.5,0.7777777777777778,0.75,0.76,0.8333333333333334,0.0185185185185185,93.5,0.6666666666666666,14.648936170212766,16.161290322580644,13.648936170212766,15.494623655913978,0.1414141414141414,0.6428571428571429,0.75,0.4444444444444444,0.2121212121212121,0.4761904761904761,0.5263157894736842,0.3,0.1313131313131313,0.1538461538461538,0.1538461538461538,,0.1515151515151515,0.4,0.4,1.0,0.3636363636363636,0.3055555555555556,0.3055555555555556,0.7272727272727273,0.3333333333333333,0.5,0.1111111111111111,0.5,1.0,,,,,0.3333333333333333,0.5,0.6565656565656566,0.3142857142857143,0.5112637755102041,0.4525444444444444,0.363625,0.0666666666666666,0.1296296296296296,,0.2,0.05,8.158333333333333,26.123529411764704,0.0531914893617021,2024-04-05,22301118.0,BOS,1.0,2.0,9.0,1.0,,0.1111111111111111,0.5,1.0,,,,,0.3333333333333333,,0.3333333333333333,,,,,,,,,2023-24,2024,Regular Season,
8,48:00,95.0,96.0,20.0,9.0,9.0,191.0,15.0,19.0,3.0,6.0,4.0,5.0,7.0,27.0,3.0,8.0,1.0,5.0,,,9.0,32.0,,1.0,1.0,7.0,25.0,54.0,10.0,37.0,14.0,94.0,3.0,8.0,,1.0,,6.0,9.0,17.0,1.0,7.0,,21.0,30.0,20.0,30.0,2.0,2.0,30.0,9.0,3.0,1.0,15.0,10.0,25.0,9.0,1.0,10.0,5.0,,60.0,2.0,7.0,25.0,7.0,3.0,35.0,9.0,44.0,3.0,8.0,5.0,3.0,1.0,3.0,,8.0,1.0,1.0,2.0,9.0,,,7.0,14.0,,,,14.0,,,,16.0,1.0,,8.0,,,1.0,1.0,,,1.0,,88.0,21.0,20.0,1.0,,0.6,0.625,1.0,0.2702702702702703,,0.1428571428571428,0.2857142857142857,0.4629629629629629,0.375,0.5294117647058824,0.4395604395604395,0.3333333333333333,0.4375,0.4744897959183674,0.3333333333333333,0.4375,0.4065934065934066,0.027027027027027,0.0555555555555555,,0.1111111111111111,,0.03125,0.1111111111111111,0.75,0.7,0.25,0.8620689655172413,0.0833333333333333,0.8205128205128205,0.173076923076923,,0.2631578947368421,0.4,0.1,0.8333333333333334,0.5,,0.875,0.8,0.0625,95.5,,15.51578947368421,14.645833333333334,15.147368421052631,14.052083333333334,0.2087912087912088,0.7894736842105263,0.7894736842105263,0.6666666666666666,0.2967032967032967,0.2592592592592592,0.2916666666666667,0.7142857142857143,0.0879120879120879,0.375,0.375,,0.0549450549450549,0.2,0.2,1.0,0.3516483516483517,0.28125,0.2903225806451613,1.0,0.6666666666666666,0.5,0.1111111111111111,,,0.2083333333333333,0.8,,,0.2916666666666667,0.1428571428571428,0.6153846153846154,0.3,0.4986668539325842,0.517275,0.4748909090909091,0.0816326530612244,0.1311475409836065,,0.0638297872340425,0.2234042553191489,7.296296296296297,27.51891891891892,0.2105263157894736,2023-11-11,22300174.0,BOS,,,,2.0,,,,,1.0,,,,,,0.6666666666666666,,,,,,,,,2023-24,2024,Regular Season,
11,48:00,97.0,97.0,12.0,1.0,8.0,194.0,18.0,28.0,2.0,4.0,2.0,2.0,10.0,23.0,2.0,3.0,2.0,7.0,,1.0,10.0,26.0,,1.0,,1.0,30.0,54.0,12.0,33.0,9.0,105.0,2.0,7.0,,1.0,,4.0,6.0,7.0,,2.0,2.0,14.0,36.0,24.0,33.0,2.0,,26.0,10.0,4.0,,18.0,11.0,29.0,9.0,2.0,13.0,4.0,1.0,69.0,4.0,4.0,22.0,18.0,,40.0,8.0,48.0,,4.0,2.0,2.0,5.0,5.0,4.0,8.0,1.0,1.0,1.0,13.0,,3.0,3.0,11.0,,1.0,,13.0,1.0,1.0,1.0,14.0,2.0,,6.0,,1.0,1.0,1.0,,,1.0,,101.0,14.0,12.0,1.0,1.0,0.6,0.6206896551724138,0.9166666666666666,0.3636363636363636,,,0.3636363636363636,0.5555555555555556,0.2857142857142857,0.8571428571428571,0.5517241379310345,0.25,0.6666666666666666,0.5652173913043478,0.25,0.7,0.3793103448275862,,0.074074074074074,0.1071428571428571,0.0434782608695652,,,0.3846153846153846,,0.9,0.1739130434782608,0.7333333333333333,0.1904761904761904,0.8,0.1818181818181818,0.3,0.0769230769230769,,0.1875,0.5,1.0,1.0,0.8,0.4,,97.0,,15.103092783505154,14.58762886597938,14.515463917525771,13.917525773195877,0.3218390804597701,0.6428571428571429,0.72,0.7222222222222222,0.264367816091954,0.4347826086956521,0.4545454545454545,0.4,0.0344827586206896,0.6666666666666666,0.6666666666666666,0.5,0.0804597701149425,0.2857142857142857,0.2857142857142857,1.0,0.2988505747126437,0.3846153846153846,0.3846153846153846,0.9,0.5,0.5,0.125,,,0.2222222222222222,1.0,0.1111111111111111,,0.1111111111111111,,0.7011494252873564,0.3846153846153846,0.5491241379310345,0.4675,0.46785,0.0659340659340659,0.1034482758620689,,0.0380952380952381,0.1333333333333333,5.527777777777778,25.45151515151515,0.1237113402061855,2023-11-17,22300031.0,BOS,,,3.0,,,,,,2.0,,,,0.2,,0.5,,,,,,,,,2023-24,2024,Regular Season,
30,48:00,98.0,96.0,9.0,16.0,10.0,194.0,15.0,19.0,5.0,5.0,,,8.0,23.0,4.0,9.0,5.0,7.0,,,12.0,37.0,1.0,3.0,1.0,4.0,27.0,51.0,17.0,44.0,13.0,118.0,5.0,6.0,1.0,3.0,,13.0,1.0,3.0,1.0,4.0,2.0,7.0,24.0,30.0,51.0,6.0,,37.0,12.0,4.0,2.0,12.0,17.0,29.0,12.0,5.0,8.0,3.0,1.0,75.0,4.0,6.0,13.0,16.0,2.0,31.0,10.0,41.0,,10.0,6.0,4.0,3.0,1.0,2.0,2.0,,1.0,,5.0,1.0,,7.0,15.0,,,,17.0,,,3.0,20.0,4.0,,10.0,,2.0,6.0,3.0,,3.0,6.0,3.0,105.0,7.0,9.0,2.0,2.0,0.4444444444444444,0.5,1.0,0.3863636363636363,0.3333333333333333,0.25,0.3863636363636363,0.5294117647058824,0.8333333333333334,0.3333333333333333,0.5526315789473685,0.7222222222222222,0.3571428571428571,0.5728155339805825,0.7222222222222222,0.3888888888888889,0.4631578947368421,0.0454545454545454,0.0784313725490196,0.1578947368421052,0.0434782608695652,,0.027027027027027,0.6,1.0,0.6956521739130435,0.25,0.6190476190476191,0.1538461538461538,0.6590909090909091,0.2,0.25,0.2666666666666666,0.2,0.125,0.6666666666666666,0.6,1.0,0.631578947368421,0.5,,97.0,0.5,14.66326530612245,15.03125,14.214285714285714,14.552083333333334,0.2,0.7894736842105263,0.9375,0.5333333333333333,0.2421052631578947,0.3478260869565217,0.3636363636363636,0.375,0.0947368421052631,0.4444444444444444,0.4444444444444444,0.25,0.0736842105263157,0.7142857142857143,0.8333333333333334,1.0,0.3894736842105263,0.3243243243243243,0.3333333333333333,1.0,0.5555555555555556,1.0,0.3333333333333333,0.3333333333333333,1.0,,,,,0.5714285714285714,0.25,0.6631578947368421,0.3243243243243243,0.5007947368421053,0.580975,0.4317785714285714,0.099009900990099,0.175438596491228,,0.1101694915254237,0.059322033898305,7.613725490196079,26.4,0.0918367346938775,2023-12-29,22300432.0,BOS,,,,1.0,,,,,,,,0.1428571428571428,0.5,1.0,0.2,,,,,,,,,2023-24,2024,Regular Season,
39,48:00,100.0,100.0,24.0,25.0,9.0,200.0,19.0,29.0,2.0,5.0,3.0,5.0,13.0,28.0,2.0,6.0,1.0,16.0,,5.0,3.0,16.0,,3.0,1.0,3.0,34.0,63.0,4.0,32.0,16.0,96.0,2.0,7.0,,3.0,,4.0,5.0,12.0,1.0,8.0,,13.0,42.0,26.0,12.0,4.0,,16.0,3.0,6.0,1.0,21.0,4.0,25.0,3.0,1.0,12.0,8.0,1.0,54.0,4.0,8.0,22.0,22.0,2.0,46.0,12.0,58.0,,6.0,2.0,4.0,3.0,2.0,2.0,4.0,1.0,1.0,,7.0,2.0,4.0,11.0,21.0,,1.0,,16.0,1.0,1.0,1.0,21.0,3.0,,11.0,,1.0,2.0,,1.0,1.0,2.0,2.0,92.0,13.0,24.0,3.0,1.0,0.6176470588235294,0.65625,1.0,0.125,,0.125,0.125,0.5396825396825397,0.2857142857142857,0.4166666666666667,0.4210526315789473,0.2,0.325,0.4615384615384615,0.2,0.3095238095238095,0.3368421052631579,0.03125,0.0952380952380952,0.1379310344827586,0.0714285714285714,,,0.4285714285714285,1.0,0.8461538461538461,0.2758620689655172,0.9565217391304348,0.1481481481481481,0.8979591836734694,0.2142857142857142,0.4,0.2,0.25,0.1666666666666666,0.8,0.75,1.0,1.0,0.75,,100.0,1.0,14.01,14.79,13.33,14.68,0.3052631578947368,0.6551724137931034,0.76,0.631578947368421,0.2947368421052631,0.4642857142857143,0.5,0.6153846153846154,0.0631578947368421,0.3333333333333333,0.3333333333333333,0.5,0.1684210526315789,0.0625,0.0666666666666666,1.0,0.1684210526315789,0.1875,0.1875,1.0,0.5,0.4,0.3,,,0.25,0.6,0.25,,0.15,0.3333333333333333,0.6421052631578947,0.1875,0.5474289473684211,0.5515,0.5459324999999999,0.1067961165048543,0.1549295774647887,,0.0416666666666666,0.1354166666666666,5.466666666666666,24.628125,0.24,2024-01-15,22300563.0,BOS,,,,1.0,1.0,,,,,,,0.0625,0.1333333333333333,,,,,,,,,,,2023-24,2024,Regular Season,
6,48:00,102.0,101.0,10.0,15.0,11.0,203.0,16.0,29.0,6.0,9.0,,,14.0,22.0,3.0,10.0,3.0,6.0,1.0,1.0,6.0,28.0,2.0,3.0,,4.0,33.0,61.0,9.0,34.0,13.0,106.0,6.0,9.0,2.0,3.0,1.0,19.0,2.0,4.0,1.0,5.0,,7.0,24.0,42.0,24.0,10.0,,28.0,6.0,6.0,,12.0,8.0,20.0,5.0,3.0,5.0,5.0,2.0,48.0,4.0,9.0,27.0,16.0,1.0,44.0,13.0,57.0,2.0,7.0,4.0,3.0,8.0,2.0,3.0,6.0,1.0,5.0,,14.0,1.0,2.0,7.0,16.0,,,,13.0,1.0,,,15.0,,,7.0,,,7.0,4.0,,3.0,7.0,4.0,87.0,7.0,10.0,3.0,,0.3636363636363636,0.4285714285714285,0.8888888888888888,0.2647058823529412,0.6666666666666666,0.2,0.2647058823529412,0.5409836065573771,0.6666666666666666,0.5,0.4894736842105263,0.75,0.3888888888888889,0.5196078431372549,0.7307692307692307,0.3888888888888889,0.3578947368421052,,0.0983606557377049,0.1034482758620689,0.0454545454545454,0.2,,0.5714285714285714,1.0,0.7272727272727273,0.3214285714285714,0.84375,0.1739130434782608,0.7962962962962963,0.2549019607843137,0.4615384615384615,0.125,0.2857142857142857,0.2,0.7777777777777778,0.6666666666666666,0.75,0.8695652173913043,0.7777777777777778,0.0444444444444444,101.5,0.5714285714285714,14.303921568627452,14.069306930693068,13.970588235294118,13.623762376237623,0.3052631578947368,0.5517241379310345,0.6153846153846154,0.3125,0.231578947368421,0.6363636363636364,0.6666666666666666,0.3571428571428571,0.1052631578947368,0.3,0.375,0.6666666666666666,0.0631578947368421,0.5,0.5,1.0,0.2947368421052631,0.2142857142857142,0.2142857142857142,0.8333333333333334,0.75,0.6666666666666666,0.25,0.6666666666666666,1.0,,,0.1111111111111111,1.0,0.4444444444444444,,0.6631578947368421,0.2142857142857142,0.5300231578947369,0.5828388888888889,0.3999277777777777,0.0686274509803921,0.1029411764705882,,0.1792452830188679,0.0660377358490566,6.834426229508196,26.58235294117647,0.0980392156862745,2023-11-08,22300159.0,BOS,,,3.0,2.0,,,,,1.0,,,,,,,,,,,,1.0,,,2023-24,2024,Regular Season,
10,48:00,93.0,93.0,16.0,10.0,11.0,186.0,17.0,33.0,6.0,8.0,3.0,5.0,10.0,16.0,1.0,6.0,3.0,7.0,,2.0,8.0,23.0,,,,6.0,28.0,55.0,11.0,30.0,18.0,107.0,6.0,8.0,,,4.0,16.0,5.0,8.0,,8.0,1.0,11.0,24.0,32.0,18.0,10.0,1.0,22.0,8.0,6.0,2.0,12.0,6.0,18.0,3.0,3.0,6.0,5.0,1.0,42.0,3.0,8.0,24.0,8.0,1.0,33.0,11.0,44.0,1.0,5.0,3.0,2.0,7.0,,3.0,2.0,,4.0,1.0,9.0,1.0,1.0,9.0,14.0,,1.0,,15.0,,,1.0,22.0,2.0,,12.0,,,1.0,1.0,,,1.0,1.0,91.0,11.0,16.0,,,0.4285714285714285,0.5217391304347826,0.5454545454545454,0.3666666666666666,,,0.3793103448275862,0.509090909090909,0.75,0.625,0.5235294117647059,0.75,0.3125,0.5631578947368421,0.8,0.34375,0.3529411764705882,0.0666666666666666,0.109090909090909,0.1212121212121212,0.0625,0.1666666666666666,0.0869565217391304,0.7777777777777778,0.5,0.5714285714285714,0.2962962962962963,0.75,0.1764705882352941,0.6956521739130435,0.25,0.375,0.3333333333333333,,0.1538461538461538,0.8571428571428571,0.2,0.5,0.7586206896551724,0.6666666666666666,0.0277777777777777,93.0,1.0,15.827956989247312,15.13978494623656,15.75268817204301,14.817204301075268,0.388235294117647,0.5151515151515151,0.5862068965517241,0.3529411764705882,0.188235294117647,0.625,0.6666666666666666,0.5,0.0705882352941176,0.1666666666666666,0.2,1.0,0.0823529411764705,0.4285714285714285,0.4285714285714285,1.0,0.2705882352941176,0.3478260869565217,0.3809523809523809,0.375,1.0,0.75,,,,0.3125,0.6,0.125,,0.375,,0.7411764705882353,0.3636363636363636,0.538377380952381,0.6186666666666667,0.51466,0.1263157894736842,0.1846153846153846,,0.1495327102803738,0.102803738317757,5.103636363636364,26.59,0.1720430107526881,2023-11-15,22300194.0,BOS,,,15.0,,1.0,,,,,,,,0.25,,,,,,,,,,,2023-24,2024,Regular Season,
18,48:00,102.0,101.0,25.0,28.0,15.0,203.0,13.0,26.0,4.0,7.0,1.0,1.0,13.0,26.0,1.0,7.0,1.0,5.0,1.0,3.0,15.0,30.0,1.0,2.0,3.0,7.0,27.0,59.0,16.0,35.0,17.0,119.0,4.0,9.0,1.0,2.0,5.0,16.0,5.0,9.0,4.0,10.0,4.0,26.0,12.0,42.0,30.0,6.0,,30.0,15.0,8.0,,6.0,10.0,16.0,9.0,1.0,4.0,2.0,,42.0,4.0,12.0,13.0,15.0,1.0,29.0,16.0,45.0,1.0,16.0,6.0,10.0,10.0,2.0,6.0,6.0,,4.0,1.0,16.0,2.0,4.0,13.0,24.0,1.0,,,18.0,,,,23.0,3.0,,9.0,,2.0,5.0,3.0,,2.0,5.0,3.0,103.0,26.0,25.0,5.0,2.0,0.2222222222222222,0.25,0.625,0.4571428571428571,0.5,0.4,0.4571428571428571,0.4576271186440678,0.4444444444444444,0.5555555555555556,0.5425531914893617,0.5,0.5789473684210527,0.5735294117647058,0.5714285714285714,0.5652173913043478,0.3723404255319149,,0.135593220338983,0.1538461538461538,0.1538461538461538,,,0.625,0.5,0.7142857142857143,0.375,0.7647058823529411,0.2222222222222222,0.7368421052631579,0.32,0.5384615384615384,0.3076923076923077,0.1666666666666666,0.1428571428571428,0.8,0.8,0.5,0.6666666666666666,1.0,0.0238095238095238,101.5,0.6,15.441176470588236,12.92079207920792,14.941176470588236,12.445544554455443,0.2765957446808511,0.5,0.5909090909090909,0.3076923076923077,0.2765957446808511,0.5,0.5909090909090909,0.1538461538461538,0.0744680851063829,0.1428571428571428,0.1428571428571428,,0.0531914893617021,0.2,0.2,1.0,0.3191489361702128,0.5,0.5,0.6,0.6363636363636364,0.5714285714285714,0.1818181818181818,0.5,,0.0526315789473684,1.0,0.1578947368421052,0.3333333333333333,0.3684210526315789,0.4285714285714285,0.648936170212766,0.5,0.4841579787234042,0.5300888888888889,0.4423868421052632,0.09,0.1384615384615384,,0.134453781512605,0.2184873949579832,6.735593220338982,26.89428571428571,0.2450980392156862,2023-12-01,22300275.0,BOS,,,18.0,1.0,1.0,,,,2.0,,,,0.5,,,,,,,,1.0,,,2023-24,2024,Regular Season,
57,48:00,97.0,97.0,9.0,31.0,7.0,194.0,14.0,18.0,3.0,4.0,2.0,3.0,7.0,29.0,2.0,5.0,2.0,7.0,,,12.0,35.0,,2.0,,2.0,23.0,52.0,14.0,42.0,11.0,99.0,3.0,6.0,,3.0,,6.0,2.0,5.0,,2.0,3.0,7.0,16.0,30.0,36.0,6.0,1.0,34.0,12.0,7.0,2.0,8.0,12.0,20.0,10.0,2.0,5.0,3.0,,52.0,4.0,6.0,14.0,11.0,1.0,26.0,10.0,36.0,,6.0,3.0,3.0,7.0,1.0,6.0,3.0,,1.0,,10.0,1.0,2.0,18.0,23.0,,,,16.0,,3.0,2.0,12.0,5.0,,7.0,,1.0,5.0,1.0,1.0,3.0,5.0,4.0,93.0,7.0,9.0,2.0,1.0,0.3478260869565217,0.4,0.8571428571428571,0.3333333333333333,,,0.3414634146341463,0.4423076923076923,0.5,0.4,0.4680851063829787,0.3333333333333333,0.2857142857142857,0.5051546391752577,0.3333333333333333,0.4375,0.4468085106382978,0.0476190476190476,0.1346153846153846,0.0555555555555555,0.2068965517241379,,0.0571428571428571,0.7,1.0,0.6111111111111112,0.2068965517241379,0.875,0.1481481481481481,0.7352941176470589,0.1785714285714285,0.25,0.2272727272727272,,0.1363636363636363,0.5,0.5555555555555556,1.0,0.8181818181818182,1.0,,97.0,0.8,16.051546391752577,13.639175257731958,15.711340206185566,13.391752577319588,0.1914893617021276,0.7777777777777778,0.8235294117647058,0.3571428571428571,0.3085106382978723,0.2413793103448276,0.3043478260869565,0.4285714285714285,0.0531914893617021,0.4,0.4,,0.0744680851063829,0.2857142857142857,0.2857142857142857,1.0,0.3723404255319149,0.3428571428571428,0.3636363636363636,0.8333333333333334,0.4444444444444444,0.75,0.2222222222222222,,,0.4285714285714285,0.6666666666666666,,,0.2857142857142857,,0.6382978723404256,0.3529411764705882,0.5015150537634409,0.5586666666666666,0.5338833333333334,0.0729166666666666,0.1296296296296296,,0.0606060606060606,0.0707070707070707,6.036538461538461,26.87857142857143,0.0927835051546391,2024-02-27,22300836.0,BOS,,1.0,6.0,,,0.1111111111111111,,,1.0,,,,0.2,,,,,,,,,,,2023-24,2024,Regular Season,
