PLAYER_ID,PLAYER_NAME,NICKNAME,TEAM_ID,TEAM_ABBREVIATION,AGE,GP,W,L,W_PCT,MIN,FGM,FGA,FG_PCT,FG3M,FG3A,FG3_PCT,FTM,FTA,FT_PCT,OREB,DREB,REB,AST,TOV,STL,BLK,BLKA,PF,PFD,PTS,PLUS_MINUS,NBA_FANTASY_PTS,DD2,TD3,WNBA_FANTASY_PTS,GP_RANK,W_RANK,L_RANK,W_PCT_RANK,MIN_RANK,FGM_RANK,FGA_RANK,FG_PCT_RANK,FG3M_RANK,FG3A_RANK,FG3_PCT_RANK,FTM_RANK,FTA_RANK,FT_PCT_RANK,OREB_RANK,DREB_RANK,REB_RANK,AST_RANK,TOV_RANK,STL_RANK,BLK_RANK,BLKA_RANK,PF_RANK,PFD_RANK,PTS_RANK,PLUS_MINUS_RANK,NBA_FANTASY_PTS_RANK,DD2_RANK,TD3_RANK,WNBA_FANTASY_PTS_RANK,team_poss,FGM_PG,DEF_RATING,NET_RATING,FGM_PG_RANK,OREB_PCT_RANK,PACE_RANK,OFF_RATING_RANK,E_NET_RATING,DREB_PCT,FGA_PG_RANK,E_TOV_PCT,E_DEF_RATING,PIE,E_TOV_PCT_RANK,AST_PCT_RANK,sp_work_NET_RATING_RANK,AST_PCT,AST_TO,DREB_PCT_RANK,OFF_RATING,sp_work_PACE,sp_work_DEF_RATING,E_PACE_RANK,sp_work_DEF_RATING_RANK,PACE_PER40,sp_work_OFF_RATING,AST_RATIO,NET_RATING_RANK,AST_RATIO_RANK,E_PACE,TS_PCT_RANK,POSS,PACE,AST_TO_RANK,PIE_RANK,sp_work_PACE_RANK,USG_PCT_RANK,EFG_PCT,sp_work_NET_RATING,USG_PCT,E_DEF_RATING_RANK,TM_TOV_PCT_RANK,OREB_PCT,E_OFF_RATING_RANK,E_USG_PCT_RANK,E_NET_RATING_RANK,TS_PCT,sp_work_OFF_RATING_RANK,REB_PCT,TM_TOV_PCT,FGA_PG,E_USG_PCT,DEF_RATING_RANK,REB_PCT_RANK,EFG_PCT_RANK,E_OFF_RATING,PASSES_RECEIVED,AST_TO_PASS_PCT_ADJ,FT_AST,POTENTIAL_AST,PASSES_MADE,AST_PTS_CREATED,AST_TO_PASS_PCT,SECONDARY_AST,AST_ADJ,DRIVE_FT_PCT,DRIVE_FTA,DRIVE_AST,DRIVE_AST_PCT,DRIVE_PTS_PCT,DRIVE_FGM,DRIVE_PF_PCT,DRIVE_PF,DRIVE_TOV_PCT,DRIVE_FGA,DRIVES,DRIVE_PASSES,DRIVE_PTS,DRIVE_FTM,DRIVE_FG_PCT,DRIVE_PASSES_PCT,DRIVE_TOV,PAINT_TOUCHES,AVG_DRIB_PER_TOUCH,AVG_SEC_PER_TOUCH,POINTS,PTS_PER_PAINT_TOUCH,PTS_PER_TOUCH,POST_TOUCHES,ELBOW_TOUCHES,TOUCHES,PTS_PER_POST_TOUCH,TIME_OF_POSS,PTS_PER_ELBOW_TOUCH,FRONT_CT_TOUCHES,REB_CHANCE_PCT_ADJ,OREB_CONTEST_PCT,OREB_CHANCES,DREB_CONTEST,OREB_CHANCE_PCT,DREB_CONTEST_PCT,REB_CHANCES,REB_CHANCE_PCT,OREB_CONTEST,DREB_CHANCES,REB_UNCONTEST,AVG_REB_DIST,DREB_CHANCE_DEFER,REB_CONTEST,AVG_DREB_DIST,AVG_OREB_DIST,OREB_UNCONTEST,DREB_UNCONTEST,OREB_CHANCE_PCT_ADJ,REB_CHANCE_DEFER,DREB_CHANCE_PCT_ADJ,OREB_CHANCE_DEFER,REB_CONTEST_PCT,DREB_CHANCE_PCT,very_tight_FG2A,very_tight_FGM,very_tight_FG3_PCT,very_tight_FG2M,very_tight_FG2_PCT,very_tight_FGA_FREQUENCY,very_tight_FG_PCT,very_tight_FG3A,very_tight_FG3M,very_tight_FGA,PLAYER_LAST_TEAM_ABBREVIATION,G,very_tight_FG3A_FREQUENCY,PLAYER_LAST_TEAM_ID,very_tight_FG2A_FREQUENCY,very_tight_EFG_PCT,tight_FG3A,tight_FGA,tight_FGA_FREQUENCY,tight_FG2_PCT,tight_FG3_PCT,tight_FG2M,tight_FG2A_FREQUENCY,tight_FG3A_FREQUENCY,tight_FG3M,tight_EFG_PCT,tight_FGM,tight_FG_PCT,tight_FG2A,open_FGA_FREQUENCY,open_FG3_PCT,open_FG3A,open_FG2A,open_FG2M,open_FG3M,open_FG2A_FREQUENCY,open_FG3A_FREQUENCY,open_FG_PCT,open_FGA,open_FGM,open_FG2_PCT,open_EFG_PCT,wide_open_FG3_PCT,wide_open_FGA,wide_open_EFG_PCT,wide_open_FG3A_FREQUENCY,wide_open_FG_PCT,wide_open_FGA_FREQUENCY,wide_open_FGM,wide_open_FG2A_FREQUENCY,wide_open_FG2M,wide_open_FG3M,wide_open_FG2_PCT,wide_open_FG3A,wide_open_FG2A,PULL_UP_FG3A,PULL_UP_FGA,PULL_UP_FG3_PCT,PULL_UP_FG_PCT,PULL_UP_FGM,PULL_UP_FG3M,PULL_UP_EFG_PCT,PULL_UP_PTS,CATCH_SHOOT_FG_PCT,EFF_FG_PCT,POST_TOUCH_FG_PCT,PAINT_TOUCH_PTS,ELBOW_TOUCH_PTS,CATCH_SHOOT_PTS,PAINT_TOUCH_FG_PCT,POST_TOUCH_PTS,ELBOW_TOUCH_FG_PCT,MID_FGA,ITP_FG_PCT,RA_FGA,LEFT_CORNER_3_FGA,BACKCOURT_FGM,LEFT_CORNER_3_FGM,ITP_FGM,MID_FGM,ABOVE_BREAK_3_FG_PCT,CORNER_3_FGM,RIGHT_CORNER_3_FGM,RA_FGM,ITP_FGA,BACKCOURT_FG_PCT,MID_FG_PCT,CORNER_3_FGA,ABOVE_BREAK_3_FGM,LEFT_CORNER_3_FG_PCT,RIGHT_CORNER_3_FG_PCT,CORNER_3_FG_PCT,BACKCOURT_FGA,ABOVE_BREAK_3_FGA,RIGHT_CORNER_3_FGA,RA_FG_PCT,PLUSMINUS,FGA_LT_06,PLAYER_POSITION,FREQ,FGM_LT_06,LT_06_PCT,NS_LT_06_PCT,FGA_40_PLUS,FGA_30_34,FGM_15_19,FGM_25_29,FGM_35_39,FGM_20_24,FGP_20_24,FGA_5_9,FGP_15_19,FGA_20_24,FGP_LT_5,FGP_10_14,FGP_30_34,TEAM_ABBR,FGP_40_PLUS,FGA_LT_5,FGA_15_19,FGM_10_14,FGA_35_39,FGP_25_29,FGM_30_34,FGP_5_9,FGA_25_29,FGM_LT_5,FGA_10_14,FGP_35_39,FGM_40_PLUS,FGM_5_9,CATCH_SHOOT_FG3M,CATCH_SHOOT_EFG_PCT,CATCH_SHOOT_FGM,CATCH_SHOOT_FG3_PCT,CATCH_SHOOT_FGA,CATCH_SHOOT_FG3A,year,date,playoffs,GAME_ID,index,HTM,VTM,overall_def_FREQ,overall_def_D_FGM,overall_def_D_FGA,overall_def_D_FG_PCT,overall_def_NORMAL_FG_PCT,overall_def_PCT_PLUSMINUS,three_pt_def_FREQ,three_pt_def_FG3M,three_pt_def_FG3A,three_pt_def_FG3_PCT,three_pt_def_NS_FG3_PCT,three_pt_def_PLUSMINUS,two_pt_def_FREQ,two_pt_def_FG2M,two_pt_def_FG2A,two_pt_def_FG2_PCT,two_pt_def_NS_FG2_PCT,two_pt_def_PLUSMINUS,less_6ft_def_FREQ,less_6ft_def_FGM_LT_06,less_6ft_def_FGA_LT_06,less_6ft_def_LT_06_PCT,less_6ft_def_NS_LT_06_PCT,less_6ft_def_PLUSMINUS,less_10ft_def_FREQ,less_10ft_def_FGM_LT_10,less_10ft_def_FGA_LT_10,less_10ft_def_LT_10_PCT,less_10ft_def_NS_LT_10_PCT,less_10ft_def_PLUSMINUS,more_15ft_def_FREQ,more_15ft_def_FGM_GT_15,more_15ft_def_FGA_GT_15,more_15ft_def_GT_15_PCT,more_15ft_def_NS_GT_15_PCT,more_15ft_def_PLUSMINUS,hustle_TEAM_ID,hustle_TEAM_ABBREVIATION,hustle_CONTESTED_SHOTS,hustle_CONTESTED_SHOTS_2PT,hustle_CONTESTED_SHOTS_3PT,hustle_DEFLECTIONS,hustle_CHARGES_DRAWN,hustle_SCREEN_ASSISTS,hustle_SCREEN_AST_PTS,hustle_OFF_LOOSE_BALLS_RECOVERED,hustle_DEF_LOOSE_BALLS_RECOVERED,hustle_LOOSE_BALLS_RECOVERED,hustle_PCT_LOOSE_BALLS_RECOVERED_OFF,hustle_PCT_LOOSE_BALLS_RECOVERED_DEF,hustle_OFF_BOXOUTS,hustle_DEF_BOXOUTS,hustle_BOX_OUTS,hustle_BOX_OUT_PLAYER_TEAM_REBS,hustle_BOX_OUT_PLAYER_REBS,hustle_PCT_BOX_OUTS_OFF,hustle_PCT_BOX_OUTS_DEF,hustle_PCT_BOX_OUTS_TEAM_REB,hustle_PCT_BOX_OUTS_REB,post_touch_TEAM_ID,post_touch_TEAM_ABBREVIATION,post_touch_TOUCHES,post_touch_POST_TOUCHES,post_touch_POST_TOUCH_FGM,post_touch_POST_TOUCH_FGA,post_touch_POST_TOUCH_FG_PCT,post_touch_POST_TOUCH_FTM,post_touch_POST_TOUCH_FTA,post_touch_POST_TOUCH_FT_PCT,post_touch_POST_TOUCH_PTS,post_touch_POST_TOUCH_PTS_PCT,post_touch_POST_TOUCH_PASSES,post_touch_POST_TOUCH_PASSES_PCT,post_touch_POST_TOUCH_AST,post_touch_POST_TOUCH_AST_PCT,post_touch_POST_TOUCH_TOV,post_touch_POST_TOUCH_TOV_PCT,post_touch_POST_TOUCH_FOULS,post_touch_POST_TOUCH_FOULS_PCT,speed_distance_TEAM_ID,speed_distance_TEAM_ABBREVIATION,speed_distance_MIN1,speed_distance_DIST_FEET,speed_distance_DIST_MILES,speed_distance_DIST_MILES_OFF,speed_distance_DIST_MILES_DEF,speed_distance_AVG_SPEED,speed_distance_AVG_SPEED_OFF,speed_distance_AVG_SPEED_DEF,season
1629001,De'Anthony Melton,De'Anthony,1610612755,PHI,25.0,1,1,0,1.0,31.666666666666668,2,7,0.286,2,3,0.667,0,0,0.0,0,4,4,3,1,3,2,1,2,1,6,1,29.3,0,0,25.0,1,1,1,1,34,92,73,116,27,55,6,71,74,71,69,40,49,33,48,4,3,103,74,63,96,62,39,13,1,47,,2.0,121.7,5.1,92,69,33,29,0.3,0.121,73,9.1,126.4,0.061,82,56,64,0.125,3.0,74,126.9,103.07,121.7,52,107,85.89,126.9,27.3,64,35,101.25,109,67,103.07,13,95,33,123,0.429,5.1,0.108,115,82,0.0,31,124,71,0.429,29,0.062,9.1,7.0,0.109,107,93,102,126.6,27.0,0.125,0.0,5.0,40.0,8.0,0.075,2.0,5.0,0.0,0.0,0.0,0.0,0.0,0.0,0.0,0.0,0.2,2.0,5.0,2.0,0.0,0.0,0.0,0.4,1.0,1.0,1.54,2.2,6.0,0.0,0.125,0.0,0.0,48.0,0.0,1.8,0.0,18.0,0.444,0.0,3.0,3.0,0.0,0.75,9.0,0.444,0.0,6.0,1.0,8.8,0.0,3.0,8.8,0.0,0.0,1.0,0.0,0.0,0.667,0.0,0.75,0.667,,,,,,,,,,,,,,,,,0.0,4.0,0.571,0.0,,0.0,0.571,0.0,0.0,0.0,0.0,0.0,4.0,0.143,1.0,1.0,0.0,0.0,1.0,0.0,0.143,1.0,1.0,1.0,,1.5,0.5,2.0,0.75,0.286,0.5,0.286,1.0,0.0,0.0,1.0,,2.0,0.0,1.0,1,1.0,1.0,1,1.0,1.5,3,0.5,0.429,0.0,0.0,0.0,3.0,0.0,0.0,0.0,0.0,0.0,3.0,1.0,0.0,1.0,0.0,0.0,0.5,1.0,0.0,0.0,1.0,0.0,0.0,1.0,1.0,1.0,0.0,1.0,0.0,2.0,0.0,0.0,0.015,192.0,G,0.381,122.0,0.635,0.62,0.0,,0.0,1.0,,1.0,1.0,0.0,0.0,1.0,0.0,0.0,,PHI,0.0,4.0,0.0,0.0,,0.5,,0.0,2.0,0.0,0.0,,0.0,0.0,1.0,0.75,1,0.5,2,2.0,2023,20230114,False,22200646,,,,1.0,12.0,24.0,0.5,0.445,0.055,0.292,2.0,7.0,0.286,0.366,-0.08,0.708,10.0,17.0,0.588,0.525,0.063,0.25,5.0,6.0,0.833,0.612,0.221,0.333,6.0,8.0,0.75,0.565,0.185,0.542,5.0,13.0,0.385,0.356,0.029,1610612755.0,PHI,11.0,8.0,3.0,3.0,0.0,1.0,3.0,0.0,1.0,1.0,0.0,1.0,0.0,1.0,1.0,1.0,0.0,0.0,1.0,1.0,0.0,1610612755,PHI,48.0,0.0,0.0,0.0,0.0,0.0,0.0,0.0,0.0,0.0,0.0,0.0,0.0,0.0,0.0,0.0,0.0,0.0,1610612755,PHI,31.67,12573.0,2.38,1.25,1.13,4.18,4.19,3.84,2022_23
1627777,Georges Niang,Georges,1610612755,PHI,30.0,1,1,0,1.0,12.4,0,3,0.0,0,3,0.0,0,0,0.0,0,0,0,1,0,0,0,0,0,0,0,1,1.5,0,0,1.0,1,1,1,1,118,132,118,132,87,55,87,71,74,71,69,128,133,74,90,56,43,1,1,93,136,62,139,13,1,139,,0.0,80.8,0.7,132,69,38,133,6.5,0.0,118,0.0,75.3,-0.057,1,71,71,0.1,0.0,128,81.5,102.58,80.8,27,11,85.48,81.5,25.0,71,36,105.99,136,27,102.58,76,145,38,129,0.0,0.7,0.103,6,1,0.0,130,128,54,0.0,133,0.0,0.0,3.0,0.108,11,133,132,81.8,8.0,0.167,0.0,1.0,12.0,2.0,0.083,1.0,2.0,0.0,0.0,0.0,0.0,0.0,0.0,0.0,0.0,0.0,0.0,1.0,1.0,0.0,0.0,0.0,1.0,0.0,1.0,0.27,0.98,0.0,0.0,0.0,0.0,0.0,15.0,0.0,0.2,0.0,8.0,,,,,,,,,,,,,,,,,,,,,,,,,,,,,,,,,,,,,,,,,,,,,,,,,,,,,,0.667,0.0,2.0,0.0,0.0,0.0,0.0,0.667,0.0,2.0,0.0,,0.0,0.0,1.0,0.0,0.333,0.0,0.333,0.0,0.0,0.0,0.0,,1.0,0.0,0.0,0,,,0,0.0,,0,0.0,0.0,0.0,0.0,0.0,0.0,0.0,0.0,0.0,0.0,0.0,0.0,1.0,,0.0,0.0,0.0,0.0,0.0,0.0,0.0,0.0,,0.0,1.0,0.0,0.0,0.0,0.0,,2.0,0.0,0.0,0.028,96.0,F,0.338,63.0,0.656,0.628,0.0,,0.0,0.0,,0.0,0.0,0.0,0.0,1.0,0.0,0.0,,PHI,0.0,0.0,0.0,0.0,,0.0,,0.0,2.0,0.0,0.0,,0.0,0.0,0.0,0.0,0,0.0,3,3.0,2023,20230114,False,22200646,,,,1.0,3.0,5.0,0.6,0.417,0.183,0.6,1.0,3.0,0.333,0.338,-0.005,0.4,2.0,2.0,1.0,0.565,0.435,0.4,2.0,2.0,1.0,0.611,0.389,0.4,2.0,2.0,1.0,0.589,0.411,0.6,1.0,3.0,0.333,0.346,-0.013,1610612755.0,PHI,1.0,0.0,1.0,0.0,0.0,0.0,0.0,0.0,0.0,0.0,0.0,0.0,0.0,1.0,1.0,0.0,0.0,0.0,1.0,0.0,0.0,1610612755,PHI,15.0,0.0,0.0,0.0,0.0,0.0,0.0,0.0,0.0,0.0,0.0,0.0,0.0,0.0,0.0,0.0,0.0,0.0,1610612755,PHI,12.4,4899.0,0.93,0.49,0.44,4.0,4.22,3.74,2022_23
1629667,Jalen McDaniels,Jalen,1610612755,PHI,25.0,1,0,1,0.0,27.93166666666667,4,8,0.5,1,2,0.5,0,0,0.0,0,0,0,1,0,0,0,0,2,0,9,-12,10.5,0,0,11.0,1,73,73,73,52,56,65,53,52,80,21,71,74,71,69,128,133,74,90,56,43,1,74,93,68,125,110,13,1,103,,4.0,135.6,-16.3,56,69,62,52,-20.0,0.0,65,0.0,139.1,0.025,1,106,112,0.043,0.0,128,119.3,99.67,135.6,86,131,83.06,119.3,11.1,112,83,98.47,76,57,99.67,76,122,62,115,0.563,-16.3,0.127,135,1,0.0,60,116,119,0.563,52,0.0,0.0,8.0,0.129,131,133,62,119.1,21.0,0.045,0.0,4.0,22.0,3.0,0.045,0.0,1.0,0.0,0.0,1.0,0.143,0.571,2.0,0.0,0.0,0.0,4.0,7.0,3.0,4.0,0.0,0.5,0.429,0.0,0.0,1.1,2.13,9.0,0.0,0.29,1.0,0.0,31.0,0.0,1.1,0.0,19.0,,,,,,,,,,,,,,,,,,,,,,,,,,,,,,,,,,,,,,,,,0.0,2.0,0.25,0.0,,0.0,0.25,0.0,0.0,0.0,0.0,0.0,2.0,0.5,,0.0,4.0,3.0,0.0,0.5,0.0,0.75,4.0,3.0,0.75,0.75,0.5,2.0,0.75,0.25,0.5,0.25,1.0,0.0,0.0,1.0,,2.0,0.0,0.0,3,,0.0,0,0.0,0.0,0,0.5,0.563,0.0,0.0,0.0,3.0,0.0,0.0,0.0,0.0,0.25,2.0,2.0,,1.0,1.0,0.0,0.0,1.0,0.0,2.0,4.0,,0.0,2.0,0.0,0.5,0.0,0.5,,0.0,0.0,1.0,-0.02,174.0,F-C,0.341,107.0,0.615,0.635,,,0.0,0.0,,1.0,0.5,4.0,0.0,2.0,1.0,0.0,,PHI,,2.0,0.0,0.0,,0.0,,0.25,0.0,2.0,0.0,,,1.0,1.0,0.75,1,0.5,2,2.0,2023,20230114,False,22200646,,,,1.0,8.0,21.0,0.381,0.486,-0.105,0.714,5.0,15.0,0.333,0.372,-0.038,0.286,3.0,6.0,0.5,0.626,-0.126,0.095,1.0,2.0,0.5,0.723,-0.223,0.19,2.0,4.0,0.5,0.692,-0.192,0.81,6.0,17.0,0.353,0.373,-0.02,1610612755.0,PHI,10.0,2.0,8.0,2.0,0.0,1.0,2.0,0.0,0.0,0.0,0.0,0.0,0.0,0.0,0.0,0.0,0.0,0.0,0.0,0.0,0.0,1610612755,PHI,31.0,1.0,0.0,1.0,0.0,0.0,0.0,0.0,0.0,0.0,0.0,0.0,0.0,0.0,0.0,0.0,0.0,0.0,1610612755,PHI,27.93,11075.0,2.1,1.06,1.03,4.25,4.72,3.83,2022_23
201935,James Harden,James,1610612755,PHI,33.0,1,1,0,1.0,37.66833333333334,11,19,0.579,4,10,0.4,5,5,1.0,1,5,6,11,2,0,0,0,4,3,31,-2,52.7,1,0,52.0,1,1,1,1,7,3,6,39,5,7,47,13,17,1,37,31,33,2,19,56,43,1,130,25,4,84,6,1,1,4,,11.0,126.3,0.7,3,66,56,28,1.9,0.135,6,5.8,124.0,0.18,68,6,72,0.5,5.5,70,126.9,100.67,126.3,46,117,83.89,126.9,32.4,72,23,102.04,29,78,100.67,6,22,56,22,0.684,0.7,0.274,110,68,0.027,35,26,65,0.731,28,0.081,5.9,19.0,0.277,117,76,36,125.8,76.0,0.212,1.0,17.0,66.0,29.0,0.167,2.0,14.0,1.0,4.0,3.0,0.167,0.944,6.0,0.111,2.0,0.0,7.0,18.0,8.0,17.0,4.0,0.857,0.444,0.0,0.0,5.33,6.23,31.0,0.0,0.337,0.0,0.0,92.0,0.0,9.6,0.0,30.0,1.0,0.0,1.0,1.0,1.0,0.2,6.0,1.0,0.0,5.0,5.0,14.9,0.0,1.0,9.9,39.9,1.0,4.0,1.0,0.0,1.0,0.0,0.167,1.0,,,,,,,,,,,,,,,,,3.0,9.0,0.474,1.0,0.0,6.0,0.316,0.158,0.0,0.667,6.0,0.667,6.0,0.316,0.5,6.0,0.0,0.0,3.0,0.0,0.316,0.5,6.0,3.0,,0.75,1.0,4.0,0.625,0.053,0.5,0.211,2.0,0.158,1.0,1.0,0.333,1.0,3.0,8.0,12,0.5,0.5,6,4.0,0.667,16,0.0,0.684,0.0,0.0,0.0,0.0,0.0,0.0,0.0,3.0,1.0,0.0,0.0,0.0,0.0,6.0,1.0,0.5,0.0,0.0,0.0,6.0,0.0,0.333,2.0,4.0,0.0,0.0,0.0,0.0,8.0,2.0,0.0,0.047,112.0,G,0.326,76.0,0.679,0.631,0.0,,1.0,4.0,,0.0,0.0,4.0,1.0,3.0,1.0,0.333,,PHI,0.0,1.0,1.0,1.0,,0.571,,1.0,7.0,1.0,3.0,,0.0,4.0,0.0,0.0,0,0.0,2,2.0,2023,20230114,False,22200646,,,,1.0,3.0,12.0,0.25,0.455,-0.205,0.417,0.0,5.0,0.0,0.337,-0.337,0.583,3.0,7.0,0.429,0.56,-0.132,0.417,3.0,5.0,0.6,0.65,-0.05,0.5,3.0,6.0,0.5,0.597,-0.097,0.417,0.0,5.0,0.0,0.339,-0.339,1610612755.0,PHI,3.0,0.0,3.0,1.0,0.0,0.0,0.0,0.0,0.0,0.0,0.0,0.0,0.0,0.0,0.0,0.0,0.0,0.0,0.0,0.0,0.0,1610612755,PHI,92.0,0.0,0.0,0.0,0.0,0.0,0.0,0.0,0.0,0.0,0.0,0.0,0.0,0.0,0.0,0.0,0.0,0.0,1610612755,PHI,37.67,12465.0,2.36,1.24,1.13,3.54,3.59,3.2,2022_23
203954,Joel Embiid,Joel,1610612755,PHI,29.0,1,1,0,1.0,35.6,9,18,0.5,2,3,0.667,10,13,0.769,1,6,7,2,2,0,2,2,2,9,30,2,45.4,0,0,45.0,1,1,1,1,18,11,10,53,27,55,6,1,1,51,37,14,21,49,19,56,3,139,74,1,6,57,10,13,1,10,,9.0,119.7,2.6,11,64,39,41,4.0,0.162,10,7.2,117.3,0.141,75,76,67,0.095,1.0,59,122.4,102.47,119.7,31,99,85.39,122.4,7.4,67,103,104.01,55,76,102.47,42,37,39,13,0.556,2.6,0.305,91,75,0.028,49,11,61,0.632,41,0.096,7.4,18.0,0.319,99,59,65,121.3,49.0,0.053,0.0,6.0,38.0,6.0,0.053,0.0,2.0,0.5,2.0,0.0,0.0,0.25,0.0,0.25,1.0,0.0,2.0,4.0,1.0,1.0,1.0,0.0,0.25,0.0,6.0,0.86,2.1,30.0,1.0,0.476,6.0,9.0,63.0,0.333,2.2,0.444,48.0,0.389,1.0,5.0,3.0,0.2,0.5,22.0,0.318,1.0,17.0,3.0,5.9,4.0,4.0,6.4,2.9,0.0,3.0,0.2,4.0,0.462,0.0,0.571,0.353,,,,,,,,,,,,,,,,,0.0,9.0,0.5,0.556,,5.0,0.5,0.0,0.0,0.556,5.0,0.556,9.0,0.333,,0.0,6.0,2.0,0.0,0.333,0.0,0.333,6.0,2.0,0.333,0.333,0.667,3.0,1.0,0.167,0.667,0.167,2.0,0.0,0.0,2.0,,3.0,0.0,1.0,6,0.0,0.667,4,0.0,0.667,8,0.4,0.556,0.5,6.0,4.0,6.0,0.333,2.0,0.167,3.0,0.667,3.0,0.0,0.0,0.0,6.0,0.0,0.667,0.0,0.0,1.0,9.0,0.0,0.0,0.0,2.0,0.0,0.0,0.0,0.0,3.0,0.0,0.333,0.004,255.0,C-F,0.408,163.0,0.639,0.635,0.0,,1.0,0.0,,2.0,1.0,2.0,0.25,2.0,0.4,0.75,,PHI,0.0,5.0,4.0,3.0,,0.0,,0.5,1.0,2.0,4.0,,0.0,1.0,2.0,0.6,2,1.0,5,2.0,2023,20230114,False,22200646,,,,1.0,5.0,11.0,0.455,0.506,-0.052,0.273,1.0,3.0,0.333,0.321,0.013,0.727,4.0,8.0,0.5,0.586,-0.086,0.545,4.0,6.0,0.667,0.647,0.019,0.636,4.0,7.0,0.571,0.616,-0.045,0.364,1.0,4.0,0.25,0.332,-0.082,1610612755.0,PHI,5.0,5.0,0.0,0.0,0.0,4.0,9.0,1.0,0.0,1.0,1.0,0.0,0.0,3.0,3.0,2.0,0.0,0.0,1.0,0.667,0.0,1610612755,PHI,63.0,6.0,1.0,2.0,0.5,0.0,0.0,0.0,2.0,0.333,3.0,0.5,1.0,0.167,1.0,0.167,0.0,0.0,1610612755,PHI,35.6,11654.0,2.21,1.12,1.09,3.42,3.46,3.38,2022_23
203903,Jordan Clarkson,Jordan,1610612762,UTA,31.0,1,0,1,0.0,36.21666666666667,16,29,0.552,3,12,0.25,3,3,1.0,2,7,9,5,1,0,0,1,4,3,38,-2,55.3,0,0,55.0,1,73,73,73,14,1,1,47,14,2,75,24,35,1,15,11,9,19,48,56,43,103,130,25,1,84,2,13,1,1,,16.0,130.7,-6.0,1,45,53,37,-8.7,0.194,1,2.8,129.7,0.189,60,19,82,0.263,5.0,45,124.7,100.73,130.7,42,126,83.94,124.7,13.9,82,74,102.66,57,77,100.73,7,17,53,8,0.603,-6.0,0.341,122,60,0.051,53,8,93,0.627,37,0.12,2.8,29.0,0.35,126,41,51,121.0,51.0,0.147,0.0,10.0,34.0,14.0,0.147,0.0,5.0,0.0,0.0,1.0,0.077,1.077,7.0,0.0,0.0,0.0,9.0,13.0,4.0,14.0,0.0,0.778,0.308,0.0,2.0,4.76,5.16,38.0,2.0,0.576,1.0,1.0,66.0,0.0,5.7,2.0,27.0,0.75,0.5,4.0,1.0,0.5,0.143,12.0,0.75,1.0,8.0,7.0,6.5,0.0,2.0,7.7,2.5,1.0,6.0,0.5,0.0,0.875,0.0,0.222,0.875,,,,,,,,,,,,,,,,,5.0,20.0,0.69,0.733,0.2,11.0,0.517,0.172,1.0,0.625,12.0,0.6,15.0,0.207,0.0,4.0,2.0,2.0,0.0,0.069,0.138,0.333,6.0,2.0,1.0,0.333,0.667,3.0,1.0,0.103,0.667,0.103,2.0,0.0,0.0,2.0,,3.0,0.0,6.0,15,0.167,0.467,7,1.0,0.5,15,0.333,0.603,0.0,4.0,2.0,6.0,1.0,0.0,0.0,6.0,0.75,3.0,0.0,0.0,0.0,6.0,4.0,0.273,0.0,0.0,3.0,8.0,0.0,0.667,0.0,3.0,0.0,0.0,0.0,1.0,11.0,0.0,1.0,-0.048,234.0,G,0.453,135.0,0.577,0.625,1.0,,2.0,3.0,,0.0,0.0,6.0,1.0,0.0,1.0,0.5,,UTA,0.0,3.0,2.0,3.0,,0.273,,0.833,11.0,3.0,6.0,,0.0,5.0,2.0,0.5,2,0.333,6,6.0,2023,20230114,False,22200646,,,,1.0,8.0,16.0,0.5,0.457,0.043,0.313,2.0,5.0,0.4,0.369,0.031,0.688,6.0,11.0,0.545,0.501,0.045,0.438,3.0,7.0,0.429,0.553,-0.125,0.5,3.0,8.0,0.375,0.533,-0.158,0.375,3.0,6.0,0.5,0.391,0.109,1610612762.0,UTA,4.0,3.0,1.0,1.0,0.0,1.0,3.0,0.0,0.0,0.0,0.0,0.0,0.0,0.0,0.0,0.0,0.0,0.0,0.0,0.0,0.0,1610612762,UTA,66.0,1.0,0.0,1.0,0.0,0.0,0.0,0.0,0.0,0.0,0.0,0.0,0.0,0.0,0.0,0.0,0.0,0.0,1610612762,UTA,36.22,13546.0,2.57,1.41,1.16,4.03,4.36,3.69,2022_23
1626149,Montrezl Harrell,Montrezl,1610612755,PHI,29.0,1,1,0,1.0,12.4,2,5,0.4,0,0,0.0,2,4,0.5,4,1,5,1,0,1,1,0,0,4,6,-1,19.5,0,0,16.0,1,1,1,1,118,92,89,91,87,115,87,32,22,59,3,100,40,74,90,26,15,1,1,15,96,78,72,13,1,82,,2.0,108.3,-8.3,92,4,119,108,3.8,0.091,89,0.0,106.0,0.181,1,56,90,0.125,0.0,88,100.0,94.84,108.3,127,56,79.03,100.0,12.5,90,78,91.51,106,25,94.84,76,20,119,42,0.4,-8.3,0.233,50,1,0.267,84,42,62,0.444,108,0.192,0.0,5.0,0.244,56,18,108,109.8,18.0,0.045,0.0,1.0,22.0,2.0,0.045,0.0,1.0,0.0,0.0,0.0,0.0,0.0,0.0,0.0,0.0,0.0,0.0,0.0,0.0,0.0,0.0,0.0,0.0,0.0,7.0,0.72,1.76,6.0,0.571,0.188,9.0,1.0,32.0,0.333,0.9,0.0,19.0,0.5,0.75,5.0,0.0,0.8,0.0,10.0,0.5,3.0,5.0,2.0,13.4,0.0,3.0,3.7,15.9,1.0,1.0,0.8,0.0,0.2,0.0,0.6,0.2,3.0,0.0,,0.0,0.0,0.6,0.0,0.0,0.0,3.0,PHI,1.0,0.0,1610612755.0,0.6,0.0,0.0,2.0,0.4,1.0,,2.0,0.4,0.0,0.0,1.0,2.0,1.0,2.0,,,,,,,,,,,,,,,,,,,,,,,,,,,,0,,,0,,,0,0.0,0.4,0.5,4.0,0.0,0.0,0.333,3.0,0.0,0.0,0.0,5.0,0.0,,0.0,0.0,0.0,0.0,0.0,0.0,2.0,0.0,,0.0,0.0,0.0,0.0,0.0,0.0,,0.0,0.0,0.4,-0.035,91.0,F-C,0.349,55.0,0.604,0.639,0.0,,0.0,0.0,,0.0,0.0,0.0,0.0,0.0,0.4,0.0,,PHI,0.0,5.0,0.0,0.0,,0.0,,0.0,0.0,2.0,0.0,,0.0,0.0,,,0,,0,,2023,20230114,False,22200646,,,,1.0,2.0,4.0,0.5,0.48,0.02,0.25,1.0,1.0,1.0,0.286,0.714,0.75,1.0,3.0,0.333,0.575,-0.242,0.5,1.0,2.0,0.5,0.636,-0.136,0.75,1.0,3.0,0.333,0.6,-0.267,0.25,1.0,1.0,1.0,0.288,0.712,1610612755.0,PHI,3.0,3.0,0.0,3.0,0.0,3.0,8.0,0.0,0.0,0.0,0.0,0.0,1.0,0.0,1.0,1.0,1.0,1.0,0.0,1.0,1.0,1610612755,PHI,32.0,9.0,1.0,2.0,0.5,1.0,2.0,0.5,3.0,0.333,5.0,0.556,1.0,0.111,0.0,0.0,1.0,0.111,1610612755,PHI,12.4,4401.0,0.83,0.49,0.35,3.62,4.15,2.98,2022_23
1630534,Ochai Agbaji,Ochai,1610612762,UTA,23.0,1,0,1,0.0,20.683333333333334,1,3,0.333,0,0,0.0,1,2,0.5,0,1,1,1,1,1,0,1,3,1,3,-3,7.7,0,0,7.0,1,73,73,73,90,114,118,106,87,115,87,59,42,59,69,100,110,74,48,26,43,103,113,63,117,89,123,13,1,124,,1.0,121.4,-9.8,114,69,75,81,-10.2,0.042,118,17.0,119.4,-0.012,125,99,96,0.059,1.0,123,111.6,98.63,121.4,56,104,82.19,111.6,16.7,96,61,100.58,118,43,98.63,42,137,75,127,0.333,-9.8,0.104,98,122,0.0,85,129,96,0.387,81,0.024,16.7,3.0,0.106,104,126,119,109.2,6.0,0.125,0.0,1.0,8.0,3.0,0.125,0.0,1.0,0.0,0.0,1.0,0.333,0.0,0.0,0.0,0.0,0.0,1.0,3.0,2.0,0.0,0.0,0.0,0.667,0.0,1.0,1.31,1.82,3.0,2.0,0.231,0.0,0.0,13.0,0.0,0.4,0.0,7.0,0.25,0.0,2.0,0.0,0.0,0.0,4.0,0.25,0.0,2.0,1.0,11.2,0.0,0.0,11.2,0.0,0.0,1.0,0.0,0.0,0.5,0.0,0.0,0.5,1.0,0.0,,0.0,0.0,0.333,0.0,0.0,0.0,1.0,UTA,1.0,0.0,1610612762.0,0.333,0.0,0.0,2.0,0.667,0.5,,1.0,0.667,0.0,0.0,0.5,1.0,0.5,2.0,,,,,,,,,,,,,,,,,,,,,,,,,,,,0,,,0,,,0,0.0,0.333,0.0,2.0,0.0,0.0,1.0,0.0,0.0,0.0,0.0,3.0,0.0,,0.0,0.0,0.0,0.0,0.0,0.0,1.0,0.0,,0.0,0.0,0.0,0.0,0.0,0.0,,0.0,0.0,0.333,-0.203,36.0,G,0.316,15.0,0.417,0.62,0.0,,0.0,0.0,,0.0,0.0,0.0,0.0,0.0,0.333,0.0,,UTA,0.0,3.0,0.0,0.0,,0.0,,0.0,0.0,1.0,0.0,,0.0,0.0,,,0,,0,,2023,20230114,False,22200646,,,,1.0,3.0,10.0,0.3,0.487,-0.187,0.6,1.0,6.0,0.167,0.397,-0.23,0.4,2.0,4.0,0.5,0.566,-0.066,0.3,1.0,3.0,0.333,0.649,-0.315,0.4,2.0,4.0,0.5,0.626,-0.126,0.6,1.0,6.0,0.167,0.392,-0.226,1610612762.0,UTA,3.0,0.0,3.0,1.0,0.0,1.0,2.0,0.0,0.0,0.0,0.0,0.0,0.0,1.0,1.0,1.0,0.0,0.0,1.0,1.0,0.0,1610612762,UTA,13.0,0.0,0.0,0.0,0.0,0.0,0.0,0.0,0.0,0.0,0.0,0.0,0.0,0.0,0.0,0.0,0.0,0.0,1610612762,UTA,20.68,8389.0,1.59,0.84,0.75,4.33,4.51,4.18,2022_23
200782,P.J. Tucker,P.J.,1610612755,PHI,38.0,1,1,0,1.0,22.85,1,2,0.5,1,2,0.5,2,2,1.0,1,3,4,1,0,0,0,0,1,3,5,-6,11.3,0,0,11.0,1,1,1,1,81,114,127,53,52,80,21,32,42,1,37,52,49,74,90,56,43,1,34,25,106,105,106,13,1,103,,1.0,130.0,-9.6,114,49,30,46,-7.9,0.12,127,0.0,130.7,0.065,1,99,94,0.059,0.0,76,120.4,103.98,130.0,41,124,86.65,120.4,25.0,94,36,102.68,19,49,103.98,76,93,30,143,0.75,-9.6,0.057,125,1,0.043,44,143,90,0.868,46,0.083,0.0,2.0,0.056,124,72,26,122.8,5.0,0.067,0.0,2.0,15.0,2.0,0.067,0.0,1.0,0.0,0.0,0.0,0.0,0.0,0.0,0.0,0.0,0.0,0.0,0.0,0.0,0.0,0.0,0.0,0.0,0.0,0.0,0.29,1.32,5.0,0.0,0.294,0.0,0.0,17.0,0.0,0.4,0.0,6.0,0.571,0.0,2.0,0.0,0.5,0.0,7.0,0.571,0.0,5.0,4.0,10.6,0.0,0.0,7.6,19.7,1.0,3.0,0.5,0.0,0.6,0.0,0.0,0.6,,,,,,,,,,,,,,,,,,,,,,,,,,,,,,,,,,,,,,,,,,,0.5,2.0,0.75,1.0,0.5,1.0,1.0,0.0,0.0,1.0,,2.0,0.0,0.0,0,,,0,0.0,,0,0.5,0.75,0.0,0.0,0.0,3.0,0.0,0.0,0.0,0.0,0.0,0.0,1.0,0.0,0.0,0.0,0.0,0.0,1.0,1.0,0.0,0.0,0.0,0.0,2.0,0.0,0.0,1.0,0.5,0.0,0.0,1.0,0.0,0.009,117.0,F,0.293,76.0,0.65,0.641,0.0,,0.0,0.0,,1.0,0.5,0.0,0.0,2.0,0.0,0.0,,PHI,0.0,0.0,0.0,0.0,,0.0,,0.0,0.0,0.0,0.0,,0.0,0.0,1.0,0.75,1,0.5,2,2.0,2023,20230114,False,22200646,,,,1.0,5.0,11.0,0.455,0.454,0.001,0.455,1.0,5.0,0.2,0.337,-0.137,0.545,4.0,6.0,0.667,0.546,0.121,0.364,3.0,4.0,0.75,0.606,0.144,0.364,3.0,4.0,0.75,0.578,0.172,0.455,1.0,5.0,0.2,0.343,-0.143,1610612755.0,PHI,7.0,4.0,3.0,1.0,0.0,0.0,0.0,1.0,0.0,1.0,1.0,0.0,0.0,0.0,0.0,0.0,0.0,0.0,0.0,0.0,0.0,1610612755,PHI,17.0,0.0,0.0,0.0,0.0,0.0,0.0,0.0,0.0,0.0,0.0,0.0,0.0,0.0,0.0,0.0,0.0,0.0,1610612755,PHI,22.85,9080.0,1.72,0.87,0.85,4.17,4.62,4.24,2022_23
1629003,Shake Milton,Shake,1610612755,PHI,26.0,1,1,0,1.0,28.816666666666663,7,12,0.583,3,5,0.6,0,0,0.0,0,4,4,2,1,0,0,2,3,2,17,3,23.8,0,0,26.0,1,1,1,1,47,22,32,38,14,36,14,71,74,71,69,40,49,49,48,56,43,139,113,38,27,53,55,13,1,44,,7.0,110.0,6.9,22,69,71,64,4.2,0.16,32,6.7,111.6,0.125,71,62,61,0.118,2.0,60,116.9,99.11,110.0,78,61,82.59,116.9,13.3,61,75,98.91,35,59,99.11,19,49,71,55,0.708,6.9,0.197,69,70,0.0,70,60,60,0.708,64,0.07,6.7,12.0,0.198,61,85,31,115.8,40.0,0.143,1.0,9.0,35.0,7.0,0.057,2.0,5.0,0.0,0.0,0.0,0.0,1.0,3.0,0.0,0.0,0.0,5.0,6.0,1.0,6.0,0.0,0.6,0.167,0.0,0.0,2.3,2.91,17.0,0.0,0.34,0.0,0.0,50.0,0.0,2.4,0.0,26.0,0.571,0.0,1.0,1.0,0.0,0.25,7.0,0.571,0.0,6.0,3.0,5.8,0.0,1.0,5.8,0.0,0.0,3.0,0.0,0.0,0.667,0.0,0.25,0.667,1.0,0.0,,0.0,0.0,0.083,0.0,0.0,0.0,1.0,PHI,1.0,0.0,1610612755.0,0.083,0.0,0.0,2.0,0.167,0.5,,1.0,0.167,0.0,0.0,0.5,1.0,0.5,2.0,0.333,,0.0,4.0,3.0,0.0,0.333,0.0,0.75,4.0,3.0,0.75,0.75,0.6,5.0,0.9,0.417,0.6,0.417,3.0,0.0,0.0,3.0,,5.0,0.0,0.0,1,,1.0,1,0.0,1.0,2,0.6,0.708,0.0,0.0,0.0,9.0,0.0,0.0,0.0,1.0,0.4,1.0,0.0,0.0,0.0,2.0,1.0,0.6,0.0,0.0,1.0,5.0,0.0,1.0,0.0,3.0,0.0,0.0,0.0,0.0,5.0,0.0,1.0,0.054,82.0,G-F,0.298,55.0,0.671,0.617,0.0,,1.0,2.0,,1.0,1.0,3.0,1.0,1.0,0.333,0.0,,PHI,0.0,3.0,1.0,0.0,,0.5,,0.667,4.0,1.0,0.0,,0.0,2.0,3.0,0.9,3,0.6,5,5.0,2023,20230114,False,22200646,,,,1.0,6.0,9.0,0.667,0.508,0.159,0.222,0.0,2.0,0.0,0.385,-0.385,0.778,6.0,7.0,0.857,0.582,0.276,0.556,5.0,5.0,1.0,0.657,0.343,0.556,5.0,5.0,1.0,0.631,0.369,0.222,0.0,2.0,0.0,0.406,-0.406,1610612755.0,PHI,1.0,0.0,1.0,2.0,1.0,0.0,0.0,1.0,0.0,1.0,1.0,0.0,0.0,0.0,0.0,0.0,0.0,0.0,0.0,0.0,0.0,1610612755,PHI,50.0,0.0,0.0,0.0,0.0,0.0,0.0,0.0,0.0,0.0,0.0,0.0,0.0,0.0,0.0,0.0,0.0,0.0,1610612755,PHI,28.82,10705.0,2.03,1.09,0.94,3.83,3.97,3.67,2022_23
1631323,Simone Fontecchio,Simone,1610612762,UTA,27.0,1,0,1,0.0,7.766666666666667,1,3,0.333,1,3,0.333,0,0,0.0,0,0,0,0,1,0,0,0,2,0,3,-6,2.0,0,0,4.0,1,73,73,73,130,114,118,106,52,55,54,71,74,71,69,128,133,110,48,56,43,1,74,93,117,105,138,13,1,129,,1.0,100.0,-31.3,114,69,44,140,-23.6,0.0,118,25.0,97.5,-0.082,137,110,131,0.0,0.0,128,68.8,101.97,100.0,63,30,84.98,68.8,0.0,131,110,99.87,90,16,101.97,76,146,44,31,0.5,-31.3,0.25,25,137,0.0,139,28,123,0.5,140,0.0,25.0,3.0,0.269,30,133,76,73.9,5.0,0.0,0.0,0.0,3.0,0.0,0.0,0.0,0.0,0.0,0.0,0.0,0.0,0.0,0.0,0.0,0.0,0.0,0.0,1.0,1.0,0.0,0.0,0.0,1.0,0.0,0.0,0.71,1.53,3.0,0.0,0.429,0.0,0.0,7.0,0.0,0.2,0.0,5.0,,,,,,,,,,,,,,,,,,,,,,,,,,,,,,,,,,,,,,,,,,,,,,,,,,,,,,0.667,0.0,2.0,0.0,0.0,0.0,0.0,0.667,0.0,2.0,0.0,,0.0,1.0,1.0,1.5,0.333,1.0,0.333,1.0,0.0,0.0,1.0,,1.0,0.0,0.0,0,,,0,0.0,,0,0.333,0.5,0.0,0.0,0.0,3.0,0.0,0.0,0.0,0.0,0.0,0.0,0.0,,0.0,0.0,0.0,0.5,0.0,0.0,0.0,0.0,,0.0,1.0,1.0,0.0,0.0,0.0,,2.0,1.0,0.0,-0.035,29.0,F,0.46,17.0,0.586,0.621,0.0,,0.0,1.0,,0.0,0.0,0.0,0.0,1.0,0.0,0.0,,UTA,0.0,0.0,0.0,0.0,,0.5,,0.0,2.0,0.0,0.0,,0.0,0.0,1.0,0.5,1,0.333,3,3.0,2023,20230114,False,22200646,,,,1.0,3.0,5.0,0.6,0.515,0.085,0.2,0.0,1.0,0.0,0.365,-0.365,0.8,3.0,4.0,0.75,0.571,0.179,0.6,2.0,3.0,0.667,0.687,-0.02,0.6,2.0,3.0,0.667,0.652,0.015,0.4,1.0,2.0,0.5,0.377,0.124,1610612762.0,UTA,2.0,2.0,0.0,0.0,0.0,0.0,0.0,0.0,0.0,0.0,0.0,0.0,0.0,1.0,1.0,1.0,0.0,0.0,1.0,1.0,0.0,1610612762,UTA,7.0,0.0,0.0,0.0,0.0,0.0,0.0,0.0,0.0,0.0,0.0,0.0,0.0,0.0,0.0,0.0,0.0,0.0,1610612762,UTA,7.77,3476.0,0.66,0.35,0.3,4.77,5.88,3.82,2022_23
1629659,Talen Horton-Tucker,Talen,1610612762,UTA,22.0,1,0,1,0.0,28.35,5,10,0.5,2,4,0.5,8,10,0.8,0,6,6,2,3,0,2,1,2,5,20,11,33.2,0,0,34.0,1,73,73,73,49,38,41,53,27,46,21,6,3,48,69,14,33,49,8,56,3,103,74,11,22,27,30,13,1,25,,5.0,111.9,14.4,38,69,46,31,10.3,0.2,41,15.5,110.7,0.136,119,80,46,0.087,0.67,38,126.2,101.59,111.9,30,67,84.66,126.2,10.0,46,88,104.3,38,61,101.59,61,41,46,29,0.6,14.4,0.254,66,117,0.0,51,37,49,0.694,31,0.107,15.0,10.0,0.254,67,49,52,121.1,32.0,0.063,0.0,7.0,32.0,4.0,0.063,0.0,2.0,0.833,6.0,1.0,0.067,0.733,3.0,0.2,3.0,0.133,5.0,15.0,5.0,11.0,5.0,0.6,0.333,2.0,0.0,1.87,2.9,20.0,0.0,0.377,0.0,0.0,53.0,0.0,2.6,0.0,29.0,0.6,0.0,1.0,0.0,0.0,0.0,12.0,0.5,0.0,11.0,6.0,6.6,2.0,0.0,6.6,0.0,0.0,6.0,0.0,2.0,0.667,0.0,0.0,0.545,,,,,,,,,,,,,,,,,0.0,5.0,0.5,0.6,,3.0,0.5,0.0,0.0,0.6,3.0,0.6,5.0,0.3,0.5,2.0,1.0,0.0,1.0,0.1,0.2,0.333,3.0,1.0,0.0,0.5,0.5,2.0,0.75,0.2,0.5,0.2,1.0,0.0,0.0,1.0,,2.0,0.0,4.0,5,0.5,0.4,2,2.0,0.6,6,0.0,0.6,0.0,0.0,0.0,0.0,0.0,0.0,0.0,1.0,0.6,0.0,0.0,0.0,0.0,3.0,0.0,0.5,0.0,0.0,0.0,5.0,0.0,0.0,0.0,2.0,0.0,0.0,0.0,0.0,4.0,0.0,0.0,-0.032,77.0,G,0.348,46.0,0.597,0.629,1.0,,0.0,1.0,,0.0,0.0,5.0,0.0,0.0,0.0,0.0,,UTA,1.0,0.0,1.0,0.0,,0.333,,0.6,3.0,0.0,0.0,,1.0,3.0,0.0,,0,,0,0.0,2023,20230114,False,22200646,,,,1.0,2.0,7.0,0.286,0.474,-0.188,0.714,2.0,5.0,0.4,0.393,0.007,0.286,0.0,2.0,0.0,0.54,-0.54,0.143,0.0,1.0,0.0,0.708,-0.708,0.143,0.0,1.0,0.0,0.66,-0.66,0.714,2.0,5.0,0.4,0.393,0.007,1610612762.0,UTA,4.0,2.0,2.0,0.0,0.0,0.0,0.0,0.0,0.0,0.0,0.0,0.0,0.0,0.0,0.0,0.0,0.0,0.0,0.0,0.0,0.0,1610612762,UTA,53.0,0.0,0.0,0.0,0.0,0.0,0.0,0.0,0.0,0.0,0.0,0.0,0.0,0.0,0.0,0.0,0.0,0.0,1610612762,UTA,28.35,10891.0,2.06,1.18,0.88,4.03,4.72,3.39,2022_23
1630178,Tyrese Maxey,Tyrese,1610612755,PHI,22.0,1,1,0,1.0,38.13333333333333,7,20,0.35,5,11,0.455,2,2,1.0,1,2,3,1,1,0,0,1,2,2,21,6,25.1,0,0,30.0,1,1,1,1,5,22,4,105,2,4,44,32,42,1,37,71,73,74,48,56,43,103,74,38,19,38,49,13,1,32,,7.0,113.8,7.5,22,68,55,43,10.7,0.051,4,4.4,114.7,0.053,66,107,58,0.038,1.0,119,121.3,100.7,113.8,84,79,83.92,121.3,4.3,58,109,98.63,89,80,100.7,42,100,55,37,0.475,7.5,0.242,83,65,0.025,37,38,48,0.503,43,0.038,4.3,20.0,0.253,79,115,94,125.4,57.0,0.041,1.0,4.0,49.0,5.0,0.02,0.0,2.0,1.0,2.0,0.0,0.0,0.5,0.0,0.25,1.0,0.0,2.0,4.0,1.0,2.0,2.0,0.0,0.25,0.0,0.0,1.89,2.79,21.0,0.0,0.292,0.0,0.0,72.0,0.0,3.3,0.0,46.0,0.75,0.0,2.0,0.0,0.5,0.0,4.0,0.75,0.0,2.0,3.0,13.1,0.0,0.0,8.3,22.6,1.0,2.0,0.5,0.0,1.0,0.0,0.0,1.0,3.0,0.0,,0.0,0.0,0.15,0.0,0.0,0.0,3.0,PHI,1.0,0.0,1610612755.0,0.15,0.0,0.0,5.0,0.25,0.4,,2.0,0.25,0.0,0.0,0.4,2.0,0.4,5.0,0.25,0.5,4.0,1.0,0.0,2.0,0.05,0.2,0.4,5.0,2.0,0.0,0.6,0.429,7.0,0.643,0.35,0.429,0.35,3.0,0.0,0.0,3.0,,7.0,0.0,1.0,3,0.0,0.0,0,0.0,0.0,0,0.5,0.475,0.0,0.0,0.0,15.0,0.0,0.0,0.0,1.0,0.25,4.0,1.0,0.0,0.0,1.0,0.0,0.429,2.0,2.0,1.0,4.0,0.0,0.0,4.0,3.0,0.0,0.667,0.5,0.0,7.0,3.0,0.25,0.049,76.0,G,0.329,52.0,0.684,0.635,0.0,,0.0,2.0,,3.0,0.5,3.0,0.0,6.0,0.25,0.0,,PHI,0.0,4.0,1.0,0.0,,0.4,,0.333,5.0,1.0,1.0,,0.0,1.0,5.0,0.75,5,0.5,10,10.0,2023,20230114,False,22200646,,,,1.0,10.0,16.0,0.625,0.476,0.149,0.625,5.0,10.0,0.5,0.374,0.126,0.375,5.0,6.0,0.833,0.599,0.235,0.313,4.0,5.0,0.8,0.655,0.145,0.375,5.0,6.0,0.833,0.621,0.213,0.625,5.0,10.0,0.5,0.383,0.117,1610612755.0,PHI,1.0,0.0,1.0,1.0,0.0,1.0,2.0,0.0,0.0,0.0,0.0,0.0,0.0,0.0,0.0,0.0,0.0,0.0,0.0,0.0,0.0,1610612755,PHI,72.0,0.0,0.0,0.0,0.0,0.0,0.0,0.0,0.0,0.0,0.0,0.0,0.0,0.0,0.0,0.0,0.0,0.0,1610612755,PHI,38.13,14766.0,2.8,1.51,1.29,4.08,4.28,3.88,2022_23
1631117,Walker Kessler,Walker,1610612762,UTA,21.0,1,0,1,0.0,31.785,7,7,1.0,0,0,0.0,1,1,1.0,3,9,12,0,1,1,2,0,1,1,15,-5,37.4,1,0,33.0,1,73,73,73,33,22,73,1,87,115,87,59,66,1,6,5,4,110,48,26,3,1,34,63,35,97,21,1,1,27,,7.0,126.5,-7.4,22,26,36,54,-7.1,0.3,73,11.8,125.0,0.162,100,110,89,0.0,0.0,15,119.1,102.69,126.5,33,118,85.57,119.1,0.0,89,110,103.84,4,68,102.69,76,29,36,130,1.0,-7.4,0.1,112,102,0.091,62,127,88,1.008,54,0.19,12.5,7.0,0.109,118,19,3,117.9,15.0,0.0,0.0,0.0,25.0,0.0,0.0,0.0,0.0,0.0,0.0,0.0,0.0,0.0,0.0,0.0,0.0,0.0,0.0,0.0,0.0,0.0,0.0,0.0,0.0,0.0,8.0,0.47,1.6,15.0,1.625,0.441,1.0,2.0,34.0,3.0,0.9,1.0,16.0,0.667,0.667,7.0,2.0,0.429,0.222,20.0,0.6,2.0,13.0,8.0,3.4,2.0,4.0,3.8,2.1,1.0,7.0,0.429,2.0,0.818,0.0,0.333,0.692,4.0,4.0,,4.0,1.0,0.571,1.0,0.0,0.0,4.0,UTA,1.0,0.0,1610612762.0,0.571,1.0,0.0,1.0,0.143,1.0,,1.0,0.143,0.0,0.0,1.0,1.0,1.0,1.0,0.143,,0.0,1.0,1.0,0.0,0.143,0.0,1.0,1.0,1.0,1.0,1.0,,1.0,1.0,0.0,1.0,0.143,1.0,0.143,1.0,0.0,1.0,0.0,1.0,,0,,,0,,,0,0.0,1.0,1.0,13.0,2.0,0.0,1.0,3.0,1.0,0.0,1.0,6.0,0.0,0.0,0.0,1.0,0.0,0.0,0.0,0.0,6.0,1.0,0.0,0.0,0.0,0.0,0.0,0.0,0.0,0.0,0.0,0.0,1.0,-0.128,250.0,C,0.465,130.0,0.52,0.648,0.0,,0.0,0.0,,0.0,0.0,1.0,0.0,0.0,1.0,0.0,,UTA,0.0,6.0,0.0,0.0,,0.0,,1.0,0.0,6.0,0.0,,0.0,1.0,,,0,,0,,2023,20230114,False,22200646,,,,1.0,9.0,17.0,0.529,0.511,0.019,0.294,4.0,5.0,0.8,0.34,0.46,0.706,5.0,12.0,0.417,0.561,-0.144,0.176,1.0,3.0,0.333,0.652,-0.319,0.176,1.0,3.0,0.333,0.603,-0.27,0.412,5.0,7.0,0.714,0.406,0.308,1610612762.0,UTA,10.0,8.0,2.0,3.0,0.0,3.0,6.0,0.0,0.0,0.0,0.0,0.0,0.0,0.0,0.0,0.0,0.0,0.0,0.0,0.0,0.0,1610612762,UTA,34.0,1.0,1.0,1.0,1.0,0.0,0.0,0.0,3.0,3.0,0.0,0.0,0.0,0.0,0.0,0.0,0.0,0.0,1610612762,UTA,31.78,12561.0,2.38,1.32,1.05,4.2,4.44,3.94,2022_23
1629020,Jarred Vanderbilt,Jarred,1610612762,UTA,24.0,1,0,1,0.0,24.916666666666668,4,9,0.444,0,1,0.0,0,0,0.0,3,6,9,1,0,0,1,0,4,1,8,-5,23.3,0,0,20.0,1,73,73,73,73,56,52,82,87,105,87,71,74,71,6,14,9,74,90,56,15,1,130,63,79,97,59,13,1,69,,4.0,113.7,-9.8,56,17,81,100,-10.0,0.207,52,0.0,116.4,0.094,1,90,97,0.067,0.0,34,103.9,98.25,113.7,99,78,81.87,103.9,10.0,97,88,96.01,105,51,98.25,76,73,81,88,0.444,-9.8,0.155,86,1,0.111,92,82,95,0.444,100,0.161,0.0,9.0,0.164,78,27,99,106.3,18.0,0.04,0.0,3.0,25.0,3.0,0.04,0.0,1.0,0.0,0.0,0.0,0.0,0.0,0.0,0.0,0.0,0.0,0.0,0.0,0.0,0.0,0.0,0.0,0.0,0.0,10.0,1.21,2.21,8.0,0.6,0.235,0.0,3.0,34.0,0.0,1.3,0.0,20.0,0.5,0.333,6.0,1.0,0.5,0.167,18.0,0.5,1.0,13.0,7.0,4.9,0.0,2.0,3.5,7.7,2.0,5.0,0.5,0.0,0.462,0.0,0.222,0.462,2.0,0.0,,0.0,0.0,0.222,0.0,0.0,0.0,2.0,LAL,1.0,0.0,1610612747.0,0.222,0.0,0.0,3.0,0.333,0.667,,2.0,0.333,0.0,0.0,0.667,2.0,0.667,3.0,0.222,,0.0,2.0,1.0,0.0,0.222,0.0,0.5,2.0,1.0,0.5,0.5,0.0,2.0,0.5,0.111,0.5,0.222,1.0,0.111,1.0,0.0,1.0,1.0,1.0,0.0,0,,,0,0.0,,0,0.0,0.444,0.0,6.0,0.0,0.0,0.429,0.0,0.0,0.0,0.0,6.0,1.0,0.0,0.0,0.0,0.0,0.0,0.0,0.0,4.0,2.0,0.0,0.0,1.0,0.0,0.0,0.0,0.0,0.0,0.0,0.0,0.667,-0.026,224.0,F,0.457,140.0,0.625,0.651,0.0,,0.0,0.0,,0.0,0.0,2.0,0.0,1.0,0.667,0.0,,LAL,0.0,6.0,0.0,0.0,,0.0,,0.0,0.0,4.0,0.0,,0.0,0.0,0.0,0.0,0,0.0,1,1.0,2023,20230114,False,22200646,4029.0,UTA,PHI,1.0,7.0,13.0,0.538,0.483,0.056,0.231,3.0,3.0,1.0,0.384,0.616,0.769,4.0,10.0,0.4,0.539,-0.139,0.538,2.0,7.0,0.286,0.62,-0.334,0.615,3.0,8.0,0.375,0.591,-0.216,0.385,4.0,5.0,0.8,0.388,0.412,1610612747.0,LAL,6.0,3.0,3.0,1.0,0.0,2.0,6.0,0.0,0.0,0.0,0.0,0.0,0.0,0.0,0.0,0.0,0.0,0.0,0.0,0.0,0.0,1610612747,LAL,34.0,0.0,0.0,0.0,0.0,0.0,0.0,0.0,0.0,0.0,0.0,0.0,0.0,0.0,0.0,0.0,0.0,0.0,1610612747,LAL,24.92,10083.0,1.91,0.98,0.93,4.26,4.69,3.86,2022_23
1627736,Malik Beasley,Malik,1610612762,UTA,26.0,1,0,1,0.0,32.13166666666667,3,14,0.214,3,9,0.333,0,0,0.0,1,2,3,1,2,0,0,2,3,1,9,-8,12.1,0,0,16.0,1,73,73,73,32,76,25,128,14,10,54,71,74,71,37,71,73,74,19,56,43,139,113,63,68,114,99,13,1,82,,3.0,124.2,-18.5,76,58,47,94,-19.9,0.063,25,11.8,126.1,-0.027,97,107,116,0.038,0.5,111,105.7,101.58,124.2,55,112,84.65,105.7,5.9,116,106,100.66,127,70,101.58,66,140,47,52,0.321,-18.5,0.2,114,98,0.03,94,52,118,0.321,94,0.046,11.8,14.0,0.209,112,107,123,106.1,26.0,0.105,0.0,2.0,19.0,2.0,0.053,1.0,2.0,0.0,0.0,0.0,0.0,0.0,0.0,0.0,0.0,0.0,2.0,5.0,1.0,0.0,0.0,0.0,0.2,0.0,0.0,1.79,2.63,9.0,0.0,0.237,0.0,0.0,38.0,0.0,1.7,0.0,26.0,0.333,0.0,3.0,0.0,0.333,0.0,9.0,0.333,0.0,6.0,3.0,9.6,0.0,0.0,4.5,19.7,1.0,2.0,0.333,0.0,0.333,0.0,0.0,0.333,0.0,0.0,0.0,0.0,,0.071,0.0,1.0,0.0,1.0,LAL,1.0,0.071,1610612747.0,0.0,0.0,2.0,7.0,0.5,0.0,0.5,0.0,0.357,0.143,1.0,0.214,1.0,0.143,5.0,0.357,0.2,5.0,0.0,0.0,1.0,0.0,0.357,0.2,5.0,1.0,,0.3,1.0,1.0,1.5,0.071,1.0,0.071,1.0,0.0,0.0,1.0,,1.0,0.0,3.0,5,0.0,0.0,0,0.0,0.0,0,0.5,0.321,0.0,0.0,0.0,9.0,0.0,0.0,0.0,2.0,0.0,0.0,1.0,0.0,0.0,0.0,0.0,0.429,0.0,0.0,0.0,3.0,0.0,0.0,2.0,3.0,0.0,0.0,0.0,0.0,7.0,1.0,0.0,0.037,172.0,G,0.409,115.0,0.669,0.631,0.0,,0.0,2.0,,1.0,0.25,2.0,0.0,4.0,0.0,0.0,,LAL,0.0,1.0,0.0,0.0,,0.4,,0.0,5.0,0.0,2.0,,0.0,0.0,3.0,0.75,3,0.5,6,6.0,2023,20230114,False,22200646,4026.0,UTA,PHI,1.0,6.0,18.0,0.333,0.496,-0.162,0.389,2.0,7.0,0.286,0.401,-0.116,0.611,4.0,11.0,0.364,0.554,-0.19,0.5,4.0,9.0,0.444,0.624,-0.18,0.5,4.0,9.0,0.444,0.596,-0.151,0.444,2.0,8.0,0.25,0.395,-0.145,1610612747.0,LAL,3.0,1.0,2.0,0.0,0.0,1.0,2.0,0.0,0.0,0.0,0.0,0.0,0.0,0.0,0.0,0.0,0.0,0.0,0.0,0.0,0.0,1610612747,LAL,38.0,0.0,0.0,0.0,0.0,0.0,0.0,0.0,0.0,0.0,0.0,0.0,0.0,0.0,0.0,0.0,0.0,0.0,1610612747,LAL,32.13,11744.0,2.22,1.26,0.96,3.84,4.48,3.53,2022_23
